"station_id","LocID","yyyy","mm","dd","hr","doy","nObs","Tavg","Tmin","Tmax"
"30004","375","2015","1","1","0","1","4","-0.28","-0.4","-0.2"
"30004","375","2015","1","1","1","1","4","-0.22","-0.5","-0.1"
"30004","375","2015","1","1","2","1","4","-1.05","-1.3","-0.8"
"30004","375","2015","1","1","3","1","4","-1.55","-1.7","-1.4"
"30004","375","2015","1","1","4","1","4","-2.05","-2.2","-1.9"
"30004","375","2015","1","1","5","1","4","-2.23","-2.3","-2.1"
"30004","375","2015","1","1","6","1","4","-2.4","-2.5","-2.3"
"30004","375","2015","1","1","7","1","4","-2.27","-2.4","-2.2"
"30004","375","2015","1","1","8","1","4","-1.85","-2.1","-1.3"
"30004","375","2015","1","1","9","1","4","0.73","-0.7","2.2"
"30004","375","2015","1","1","10","1","4","4.9","3.5","6.2"
"30004","375","2015","1","1","11","1","4","7.4","6.7","8.2"
"30004","375","2015","1","1","12","1","4","9.55","8.8","10.2"
"30004","375","2015","1","1","13","1","4","10.55","10.4","10.7"
"30004","375","2015","1","1","14","1","4","10.68","10.5","10.8"
"30004","375","2015","1","1","15","1","4","10.78","10.6","10.9"
"30004","375","2015","1","1","16","1","4","10.25","10","10.4"
"30004","375","2015","1","1","17","1","4","8.75","7.9","9.6"
"30004","375","2015","1","1","18","1","4","7.78","7.7","7.9"
"30004","375","2015","1","1","19","1","4","7.72","7.6","7.8"
"30004","375","2015","1","1","20","1","4","5.65","4.9","6.8"
"30004","375","2015","1","1","21","1","4","4.6","4.5","4.7"
"30004","375","2015","1","1","22","1","4","4.4","4.2","4.5"
"30004","375","2015","1","1","23","1","4","4.2","4.2","4.2"
"30004","375","2015","1","2","0","2","4","4.17","4.1","4.3"
"30004","375","2015","1","2","1","2","4","4.03","4","4.1"
"30004","375","2015","1","2","2","2","4","4.12","4","4.2"
"30004","375","2015","1","2","3","2","4","4.33","4.2","4.4"
"30004","375","2015","1","2","4","2","4","4.58","4.4","4.7"
"30004","375","2015","1","2","5","2","4","4.92","4.8","5"
"30004","375","2015","1","2","6","2","4","5","5","5"
"30004","375","2015","1","2","7","2","4","5.2","5","5.3"
"30004","375","2015","1","2","8","2","4","5.53","5.4","5.7"
"30004","375","2015","1","2","9","2","4","6.03","5.8","6.3"
"30004","375","2015","1","2","10","2","4","6.9","6.7","7"
"30004","375","2015","1","2","11","2","4","7.03","6.9","7.1"
"30004","375","2015","1","2","12","2","4","7.12","7","7.3"
"30004","375","2015","1","2","13","2","4","7.78","7.6","7.9"
"30004","375","2015","1","2","14","2","4","7.75","7.7","7.8"
"30004","375","2015","1","2","15","2","4","7.78","7.7","7.8"
"30004","375","2015","1","2","16","2","4","7.9","7.9","7.9"
"30004","375","2015","1","2","17","2","4","8.05","8","8.1"
"30004","375","2015","1","2","18","2","4","8.15","8.1","8.2"
"30004","375","2015","1","2","19","2","4","8.32","8.2","8.4"
"30004","375","2015","1","2","20","2","4","8.53","8.5","8.6"
"30004","375","2015","1","2","21","2","4","8.65","8.6","8.7"
"30004","375","2015","1","2","22","2","4","8.9","8.9","8.9"
"30004","375","2015","1","2","23","2","4","8.75","8.6","8.9"
"30004","375","2015","1","3","0","3","4","8.6","8.6","8.6"
"30004","375","2015","1","3","1","3","4","8.55","8.5","8.6"
"30004","375","2015","1","3","2","3","4","8.45","8.4","8.5"
"30004","375","2015","1","3","3","3","4","8.55","8.5","8.6"
"30004","375","2015","1","3","4","3","4","8.65","8.6","8.7"
"30004","375","2015","1","3","5","3","4","8.75","8.7","8.8"
"30004","375","2015","1","3","6","3","4","8.75","8.7","8.8"
"30004","375","2015","1","3","7","3","4","8.78","8.7","8.8"
"30004","375","2015","1","3","8","3","4","8.8","8.8","8.8"
"30004","375","2015","1","3","9","3","4","8.93","8.9","9"
"30004","375","2015","1","3","10","3","4","9.18","9.1","9.3"
"30004","375","2015","1","3","11","3","4","9.43","9.4","9.5"
"30004","375","2015","1","3","12","3","4","9.6","9.5","9.7"
"30004","375","2015","1","3","13","3","4","9.6","9.5","9.7"
"30004","375","2015","1","3","14","3","4","9.68","9.6","9.8"
"30004","375","2015","1","3","15","3","4","9.65","9.6","9.7"
"30004","375","2015","1","3","16","3","4","9.6","9.6","9.6"
"30004","375","2015","1","3","17","3","4","9.47","9.4","9.5"
"30004","375","2015","1","3","18","3","4","9.4","9.4","9.4"
"30004","375","2015","1","3","19","3","4","9.8","9.4","10.2"
"30004","375","2015","1","3","20","3","4","10.35","10.3","10.4"
"30004","375","2015","1","3","21","3","4","10.53","10.4","10.6"
"30004","375","2015","1","3","22","3","4","11.3","10.8","11.8"
"30004","375","2015","1","3","23","3","4","12.3","12","12.7"
"30004","375","2015","1","4","0","4","4","13","12.8","13.2"
"30004","375","2015","1","4","1","4","4","12.8","12.7","12.9"
"30004","375","2015","1","4","2","4","4","12.88","12.7","13.1"
"30004","375","2015","1","4","3","4","4","13.15","13.1","13.2"
"30004","375","2015","1","4","4","4","4","13.2","13.2","13.2"
"30004","375","2015","1","4","5","4","4","14.12","13.4","15.2"
"30004","375","2015","1","4","6","4","4","14.82","14.7","14.9"
"30004","375","2015","1","4","7","4","4","15.18","15.1","15.3"
"30004","375","2015","1","4","8","4","4","15.43","15.4","15.5"
"30004","375","2015","1","4","9","4","4","15.53","15.4","15.6"
"30004","375","2015","1","4","10","4","4","15.62","15.6","15.7"
"30004","375","2015","1","4","11","4","4","15.65","15.2","15.8"
"30004","375","2015","1","4","12","4","4","15.68","15.4","16.1"
"30004","375","2015","1","4","13","4","4","16.48","16.2","16.7"
"30004","375","2015","1","4","14","4","4","16.07","15.7","16.3"
"30004","375","2015","1","4","15","4","4","15.15","14.4","15.8"
"30004","375","2015","1","4","16","4","4","13.65","12.9","14.2"
"30004","375","2015","1","4","17","4","4","11.35","10.3","12.2"
"30004","375","2015","1","4","18","4","4","9.32","8.9","9.8"
"30004","375","2015","1","4","19","4","4","8.2","7.8","8.6"
"30004","375","2015","1","4","20","4","4","7.4","7.3","7.6"
"30004","375","2015","1","4","21","4","4","6.88","6.6","7.2"
"30004","375","2015","1","4","22","4","4","6.38","6.2","6.5"
"30004","375","2015","1","4","23","4","4","5.9","5.8","6"
"30004","375","2015","1","5","0","5","4","6","5.8","6.1"
"30004","375","2015","1","5","1","5","4","5.85","5.5","6.1"
"30004","375","2015","1","5","2","5","4","5.15","4.7","5.5"
"30004","375","2015","1","5","3","5","4","4.85","4.4","5.2"
"30004","375","2015","1","5","4","5","4","4.55","4.2","4.8"
"30004","375","2015","1","5","5","5","4","3.65","3.2","4"
"30004","375","2015","1","5","6","5","4","2.58","2.3","2.9"
"30004","375","2015","1","5","7","5","4","1.95","1.7","2.2"
"30004","375","2015","1","5","8","5","4","1.65","1.5","1.8"
"30004","375","2015","1","5","9","5","4","2.05","1.8","2.5"
"30004","375","2015","1","5","10","5","4","3.4","2.9","3.8"
"30004","375","2015","1","5","11","5","4","4.62","4.1","5.4"
"30004","375","2015","1","5","12","5","4","5.83","5.5","6.2"
"30004","375","2015","1","5","13","5","4","6.47","6.4","6.5"
"30004","375","2015","1","5","14","5","4","7.28","7.1","7.4"
"30004","375","2015","1","5","15","5","4","7.8","7.5","8"
"30004","375","2015","1","5","16","5","4","7.25","6.8","7.8"
"30004","375","2015","1","5","17","5","4","5.92","5.3","6.6"
"30004","375","2015","1","5","18","5","4","4.33","3.7","4.8"
"30004","375","2015","1","5","19","5","4","3.25","3.1","3.4"
"30004","375","2015","1","5","20","5","4","2.48","2.1","2.8"
"30004","375","2015","1","5","21","5","4","1.18","0.6","1.8"
"30004","375","2015","1","5","22","5","4","-0.12","-0.4","0.2"
"30004","375","2015","1","5","23","5","4","-0.95","-1.3","-0.8"
"30004","375","2015","1","6","0","6","4","-1.48","-1.7","-1.3"
"30004","375","2015","1","6","1","6","4","-1.9","-2","-1.8"
"30004","375","2015","1","6","2","6","4","-2.58","-2.7","-2.3"
"30004","375","2015","1","6","3","6","4","-2.65","-2.9","-2.5"
"30004","375","2015","1","6","4","6","4","-2.9","-3","-2.8"
"30004","375","2015","1","6","5","6","4","-3.17","-3.3","-3.1"
"30004","375","2015","1","6","6","6","4","-3.32","-3.4","-3.3"
"30004","375","2015","1","6","7","6","4","-3.4","-3.6","-3.2"
"30004","375","2015","1","6","8","6","4","-1.85","-3.5","0.3"
"30004","375","2015","1","6","9","6","4","2.75","1.5","4.3"
"30004","375","2015","1","6","10","6","4","6.4","5.2","7.2"
"30004","375","2015","1","6","11","6","4","7.67","7.5","8"
"30004","375","2015","1","6","12","6","4","8.15","7.8","8.5"
"30004","375","2015","1","6","13","6","4","8.78","8.1","9.3"
"30004","375","2015","1","6","14","6","4","8.68","8.4","9"
"30004","375","2015","1","6","15","6","4","9.38","9.2","9.7"
"30004","375","2015","1","6","16","6","4","9","8.7","9.4"
"30004","375","2015","1","6","17","6","4","8.12","7.7","8.6"
"30004","375","2015","1","6","18","6","4","6.78","6.5","7.3"
"30004","375","2015","1","6","19","6","4","5.55","5.2","6.3"
"30004","375","2015","1","6","20","6","4","4.22","3.5","4.9"
"30004","375","2015","1","6","21","6","4","3.17","2.9","3.3"
"30004","375","2015","1","6","22","6","4","3.33","2.9","3.5"
"30004","375","2015","1","6","23","6","4","3.2","3","3.4"
"30004","375","2015","1","7","0","7","4","2.58","2.3","2.9"
"30004","375","2015","1","7","1","7","4","1.88","1.6","2.1"
"30004","375","2015","1","7","2","7","4","1.25","1","1.5"
"30004","375","2015","1","7","3","7","4","0.48","0.3","0.7"
"30004","375","2015","1","7","4","7","4","0.05","0","0.2"
"30004","375","2015","1","7","5","7","4","-0.08","-0.1","0"
"30004","375","2015","1","7","6","7","4","-0.48","-0.7","-0.2"
"30004","375","2015","1","7","7","7","4","-0.85","-0.9","-0.8"
"30004","375","2015","1","7","8","7","4","-0.65","-0.9","-0.4"
"30004","375","2015","1","7","9","7","4","0.15","-0.2","0.5"
"30004","375","2015","1","7","10","7","4","0.65","0.4","0.9"
"30004","375","2015","1","7","11","7","4","0.98","0.4","1.7"
"30004","375","2015","1","7","12","7","4","2.08","1.5","2.3"
"30004","375","2015","1","7","13","7","4","0.5","-0.1","1.3"
"30004","375","2015","1","7","14","7","4","-0.15","-0.4","0.1"
"30004","375","2015","1","7","15","7","4","-1.15","-1.4","-0.8"
"30004","375","2015","1","7","16","7","4","-1.78","-2.2","-1.5"
"30004","375","2015","1","7","17","7","4","-2.9","-3.4","-2.4"
"30004","375","2015","1","7","18","7","4","-4.42","-5.2","-3.8"
"30004","375","2015","1","7","19","7","4","-6.25","-6.7","-5.7"
"30004","375","2015","1","7","20","7","4","-7.22","-7.6","-6.9"
"30004","375","2015","1","7","21","7","4","-8.28","-8.6","-7.9"
"30004","375","2015","1","7","22","7","4","-9.1","-9.4","-8.8"
"30004","375","2015","1","7","23","7","4","-9.88","-10.1","-9.6"
"30004","375","2015","1","8","0","8","4","-10.28","-10.4","-10.1"
"30004","375","2015","1","8","1","8","4","-10.72","-10.9","-10.5"
"30004","375","2015","1","8","2","8","4","-11.12","-11.2","-11"
"30004","375","2015","1","8","3","8","4","-11.55","-11.7","-11.4"
"30004","375","2015","1","8","4","8","4","-11.9","-12","-11.8"
"30004","375","2015","1","8","5","8","4","-12.25","-12.4","-12.1"
"30004","375","2015","1","8","6","8","4","-12.53","-12.6","-12.4"
"30004","375","2015","1","8","7","8","4","-12.85","-13","-12.7"
"30004","375","2015","1","8","8","8","4","-12.38","-12.8","-11.8"
"30004","375","2015","1","8","9","8","4","-10.2","-11.6","-8.8"
"30004","375","2015","1","8","10","8","4","-7.7","-8.2","-7.1"
"30004","375","2015","1","8","11","8","4","-5.97","-6.6","-5.2"
"30004","375","2015","1","8","12","8","4","-4.17","-4.5","-3.7"
"30004","375","2015","1","8","13","8","4","-2.77","-3.4","-2.3"
"30004","375","2015","1","8","14","8","4","-1.92","-2.1","-1.8"
"30004","375","2015","1","8","15","8","4","-0.98","-1.3","-0.8"
"30004","375","2015","1","8","16","8","4","-0.92","-1.1","-0.8"
"30004","375","2015","1","8","17","8","4","-1.68","-2.2","-1.2"
"30004","375","2015","1","8","18","8","4","-3","-3.3","-2.5"
"30004","375","2015","1","8","19","8","4","-4.03","-4.6","-3.5"
"30004","375","2015","1","8","20","8","4","-4.9","-5.1","-4.7"
"30004","375","2015","1","8","21","8","4","-4.92","-5.4","-4.5"
"30004","375","2015","1","8","22","8","4","-6","-6.2","-5.7"
"30004","375","2015","1","8","23","8","4","-6.22","-6.3","-6.1"
"30004","375","2015","1","9","0","9","4","-6.65","-6.8","-6.5"
"30004","375","2015","1","9","1","9","4","-7.33","-7.6","-7"
"30004","375","2015","1","9","2","9","4","-7.75","-7.9","-7.6"
"30004","375","2015","1","9","3","9","4","-8.15","-8.2","-8.1"
"30004","375","2015","1","9","4","9","4","-8.43","-8.5","-8.3"
"30004","375","2015","1","9","5","9","4","-8.6","-8.6","-8.6"
"30004","375","2015","1","9","6","9","4","-8.35","-8.5","-8.3"
"30004","375","2015","1","9","7","9","4","-7.97","-8.2","-7.7"
"30004","375","2015","1","9","8","9","4","-6.4","-7.4","-5.3"
"30004","375","2015","1","9","9","9","4","-3.85","-4.6","-3.2"
"30004","375","2015","1","9","10","9","4","-2.02","-2.7","-1.5"
"30004","375","2015","1","9","11","9","4","-0.25","-1","0.4"
"30004","375","2015","1","9","12","9","4","1","0.6","1.4"
"30004","375","2015","1","9","13","9","4","1.82","1.8","1.9"
"30004","375","2015","1","9","14","9","4","2.17","2","2.4"
"30004","375","2015","1","9","15","9","4","2.25","2.2","2.4"
"30004","375","2015","1","9","16","9","4","1.9","1.6","2.1"
"30004","375","2015","1","9","17","9","4","1.32","1.1","1.5"
"30004","375","2015","1","9","18","9","4","0.5","0.1","0.9"
"30004","375","2015","1","9","19","9","4","-0.7","-1.3","-0.2"
"30004","375","2015","1","9","20","9","4","-2.08","-2.3","-1.8"
"30004","375","2015","1","9","21","9","4","-1.18","-1.8","-0.9"
"30004","375","2015","1","9","22","9","4","-1.32","-1.6","-1"
"30004","375","2015","1","9","23","9","4","-1.85","-2","-1.7"
"30004","375","2015","1","10","0","10","4","-2.05","-2.3","-1.9"
"30004","375","2015","1","10","1","10","4","-2.62","-2.9","-2.4"
"30004","375","2015","1","10","2","10","4","-3.4","-3.7","-3.1"
"30004","375","2015","1","10","3","10","4","-4.28","-4.7","-3.9"
"30004","375","2015","1","10","4","10","4","-5.12","-5.4","-4.8"
"30004","375","2015","1","10","5","10","4","-6.03","-6.4","-5.5"
"30004","375","2015","1","10","6","10","4","-6.92","-7.3","-6.6"
"30004","375","2015","1","10","7","10","4","-7.9","-8.3","-7.6"
"30004","375","2015","1","10","8","10","4","-7.78","-8.4","-6.9"
"30004","375","2015","1","10","9","10","4","-5.45","-6.4","-4.5"
"30004","375","2015","1","10","10","10","4","-2.48","-3.8","-0.9"
"30004","375","2015","1","10","11","10","4","0.85","-0.1","1.6"
"30004","375","2015","1","10","12","10","4","3.17","2.4","3.9"
"30004","375","2015","1","10","13","10","4","4.47","4.1","4.8"
"30004","375","2015","1","10","14","10","4","5.58","5.3","5.9"
"30004","375","2015","1","10","15","10","4","6.4","6.3","6.5"
"30004","375","2015","1","10","16","10","4","6.33","6","6.5"
"30004","375","2015","1","10","17","10","4","4.3","2.6","5.7"
"30004","375","2015","1","10","18","10","4","0.45","-0.5","1.6"
"30004","375","2015","1","10","19","10","4","-1.43","-1.8","-1"
"30004","375","2015","1","10","20","10","4","-2.05","-2.1","-2"
"30004","375","2015","1","10","21","10","4","-2.38","-2.5","-2.2"
"30004","375","2015","1","10","22","10","4","-2.48","-2.5","-2.4"
"30004","375","2015","1","10","23","10","4","-2.32","-2.4","-2.3"
"30004","375","2015","1","11","0","11","4","-2.2","-2.3","-2.1"
"30004","375","2015","1","11","1","11","4","-1.75","-2.1","-1.4"
"30004","375","2015","1","11","2","11","4","-1.7","-1.8","-1.6"
"30004","375","2015","1","11","3","11","4","-2.4","-2.9","-1.8"
"30004","375","2015","1","11","4","11","4","-3.08","-3.3","-2.8"
"30004","375","2015","1","11","5","11","4","-3.02","-3.3","-2.4"
"30004","375","2015","1","11","6","11","4","-1.85","-1.9","-1.8"
"30004","375","2015","1","11","7","11","4","-1.43","-1.8","-1.2"
"30004","375","2015","1","11","8","11","4","-0.03","-1.1","0.8"
"30004","375","2015","1","11","9","11","4","1.25","1","1.6"
"30004","375","2015","1","11","10","11","4","2.38","1.9","2.8"
"30004","375","2015","1","11","11","11","4","3.38","3.1","3.6"
"30004","375","2015","1","11","12","11","4","3.75","3.7","3.8"
"30004","375","2015","1","11","13","11","4","4.12","3.9","4.3"
"30004","375","2015","1","11","14","11","4","4.62","4.5","4.8"
"30004","375","2015","1","11","15","11","4","4.97","4.9","5.1"
"30004","375","2015","1","11","16","11","4","4.7","4.5","4.9"
"30004","375","2015","1","11","17","11","4","4.2","4.1","4.3"
"30004","375","2015","1","11","18","11","4","4.03","4","4.1"
"30004","375","2015","1","11","19","11","4","3.9","3.8","4"
"30004","375","2015","1","11","20","11","4","2.65","2.4","3.2"
"30004","375","2015","1","11","21","11","4","2.35","2.3","2.4"
"30004","375","2015","1","11","22","11","4","2.48","2.4","2.5"
"30004","375","2015","1","11","23","11","4","2.7","2.5","2.9"
"30004","375","2015","1","12","0","12","4","3.3","3.1","3.5"
"30004","375","2015","1","12","1","12","4","3.8","3.6","4"
"30004","375","2015","1","12","2","12","4","4.42","4.2","4.6"
"30004","375","2015","1","12","3","12","4","4.8","4.7","4.9"
"30004","375","2015","1","12","4","12","4","5.1","5","5.2"
"30004","375","2015","1","12","5","12","4","5.17","5.1","5.2"
"30004","375","2015","1","12","6","12","4","5.25","5.2","5.3"
"30004","375","2015","1","12","7","12","4","5.33","5.3","5.4"
"30004","375","2015","1","12","8","12","4","5.47","5.4","5.6"
"30004","375","2015","1","12","9","12","4","5.75","5.6","5.9"
"30004","375","2015","1","12","10","12","4","6.3","6","6.6"
"30004","375","2015","1","12","11","12","4","6.8","6.7","6.9"
"30004","375","2015","1","12","12","12","4","7.15","7","7.3"
"30004","375","2015","1","12","13","12","4","7.5","7.4","7.6"
"30004","375","2015","1","12","14","12","4","7.8","7.6","8"
"30004","375","2015","1","12","15","12","4","8.15","8.1","8.2"
"30004","375","2015","1","12","16","12","4","8","8","8"
"30004","375","2015","1","12","17","12","4","7.85","7.7","8"
"30004","375","2015","1","12","18","12","4","7.53","7.4","7.6"
"30004","375","2015","1","12","19","12","4","7.33","7.2","7.4"
"30004","375","2015","1","12","20","12","4","7.22","7.2","7.3"
"30004","375","2015","1","12","21","12","4","7.28","7.2","7.3"
"30004","375","2015","1","12","22","12","4","7.3","7.2","7.6"
"30004","375","2015","1","12","23","12","4","7.88","7.8","7.9"
"30004","375","2015","1","13","0","13","4","7.95","7.9","8"
"30004","375","2015","1","13","1","13","4","7.9","7.8","8"
"30004","375","2015","1","13","2","13","4","7.65","7.5","7.8"
"30004","375","2015","1","13","3","13","4","7.35","7.3","7.4"
"30004","375","2015","1","13","4","13","4","7.15","7","7.2"
"30004","375","2015","1","13","5","13","4","6.47","6.2","6.7"
"30004","375","2015","1","13","6","13","4","6","5.8","6.2"
"30004","375","2015","1","13","7","13","4","5.53","5.4","5.6"
"30004","375","2015","1","13","8","13","4","5.4","5.4","5.4"
"30004","375","2015","1","13","9","13","4","5.47","5.4","5.6"
"30004","375","2015","1","13","10","13","4","5.78","5.6","6"
"30004","375","2015","1","13","11","13","4","6.45","6.2","6.7"
"30004","375","2015","1","13","12","13","4","7.6","6.9","8.1"
"30004","375","2015","1","13","13","13","4","8.38","8.2","8.5"
"30004","375","2015","1","13","14","13","4","8.38","8.3","8.4"
"30004","375","2015","1","13","15","13","4","8.15","8","8.3"
"30004","375","2015","1","13","16","13","4","7.5","7.1","7.8"
"30004","375","2015","1","13","17","13","4","6.42","6.1","6.8"
"30004","375","2015","1","13","18","13","4","5.6","5.2","5.9"
"30004","375","2015","1","13","19","13","4","4.85","4.7","5"
"30004","375","2015","1","13","20","13","4","4.33","4.1","4.6"
"30004","375","2015","1","13","21","13","4","3.9","3.9","3.9"
"30004","375","2015","1","13","22","13","4","3.65","3.5","3.8"
"30004","375","2015","1","13","23","13","4","3.33","3.2","3.4"
"30004","375","2015","1","14","0","14","4","3.18","3.1","3.2"
"30004","375","2015","1","14","1","14","4","2.98","2.9","3"
"30004","375","2015","1","14","2","14","4","2.82","2.8","2.9"
"30004","375","2015","1","14","3","14","4","2.68","2.6","2.7"
"30004","375","2015","1","14","4","14","4","2.6","2.6","2.6"
"30004","375","2015","1","14","5","14","4","2.6","2.6","2.6"
"30004","375","2015","1","14","6","14","4","2.48","2.4","2.6"
"30004","375","2015","1","14","7","14","4","2.45","2.4","2.5"
"30004","375","2015","1","14","8","14","4","2.6","2.5","2.7"
"30004","375","2015","1","14","9","14","4","3.02","2.8","3.3"
"30004","375","2015","1","14","10","14","4","3.65","3.3","4"
"30004","375","2015","1","14","11","14","4","4.3","4.2","4.4"
"30004","375","2015","1","14","12","14","4","4.65","4.4","4.8"
"30004","375","2015","1","14","13","14","4","5.2","5","5.5"
"30004","375","2015","1","14","14","14","4","6.3","6","6.5"
"30004","375","2015","1","14","15","14","4","6.72","6.7","6.8"
"30004","375","2015","1","14","16","14","4","6.05","5.7","6.4"
"30004","375","2015","1","14","17","14","4","5.03","4.5","5.5"
"30004","375","2015","1","14","18","14","4","3.88","3.6","4.2"
"30004","375","2015","1","14","19","14","4","2.98","2.5","3.3"
"30004","375","2015","1","14","20","14","4","1.4","0.9","2"
"30004","375","2015","1","14","21","14","4","0.45","0.2","0.7"
"30004","375","2015","1","14","22","14","4","-0.15","-0.4","0.1"
"30004","375","2015","1","14","23","14","4","-0.62","-0.7","-0.5"
"30004","375","2015","1","15","0","15","4","-0.88","-1","-0.8"
"30004","375","2015","1","15","1","15","4","-1.4","-1.6","-1.2"
"30004","375","2015","1","15","2","15","4","-1.82","-1.9","-1.8"
"30004","375","2015","1","15","3","15","4","-1.15","-1.7","-0.7"
"30004","375","2015","1","15","4","15","4","-0.32","-0.5","-0.2"
"30004","375","2015","1","15","5","15","4","0.18","-0.1","0.4"
"30004","375","2015","1","15","6","15","4","1.62","0.6","2.2"
"30004","375","2015","1","15","7","15","4","2.35","2.3","2.4"
"30004","375","2015","1","15","8","15","4","2.67","2.5","2.9"
"30004","375","2015","1","15","9","15","4","3.2","3","3.3"
"30004","375","2015","1","15","10","15","4","3.48","3.4","3.5"
"30004","375","2015","1","15","11","15","4","3.75","3.6","3.9"
"30004","375","2015","1","15","12","15","4","4.2","4","4.4"
"30004","375","2015","1","15","13","15","4","4.53","4.4","4.7"
"30004","375","2015","1","15","14","15","4","4.8","4.8","4.8"
"30004","375","2015","1","15","15","15","4","4.6","4.3","4.8"
"30004","375","2015","1","15","16","15","4","3.75","3.3","4.1"
"30004","375","2015","1","15","17","15","4","2.95","2.8","3.1"
"30004","375","2015","1","15","18","15","4","2.62","2.4","2.8"
"30004","375","2015","1","15","19","15","4","2.23","2.2","2.3"
"30004","375","2015","1","15","20","15","4","2.18","2.1","2.2"
"30004","375","2015","1","15","21","15","4","1.95","1.8","2.1"
"30004","375","2015","1","15","22","15","4","1.75","1.7","1.8"
"30004","375","2015","1","15","23","15","4","1.27","1.1","1.5"
"30004","375","2015","1","16","0","16","4","1.05","0.9","1.1"
"30004","375","2015","1","16","1","16","4","0.75","0.6","0.9"
"30004","375","2015","1","16","2","16","4","0.22","0","0.4"
"30004","375","2015","1","16","3","16","4","-0.25","-0.4","-0.1"
"30004","375","2015","1","16","4","16","4","-0.75","-0.9","-0.6"
"30004","375","2015","1","16","5","16","4","-1","-1.2","-0.9"
"30004","375","2015","1","16","6","16","4","-1.52","-1.8","-1.3"
"30004","375","2015","1","16","7","16","4","-2","-2.1","-1.9"
"30004","375","2015","1","16","8","16","4","-1.12","-1.7","-0.6"
"30004","375","2015","1","16","9","16","4","0.82","0","1.7"
"30004","375","2015","1","16","10","16","4","3.2","2.3","4"
"30004","375","2015","1","16","11","16","4","5.17","4.4","5.8"
"30004","375","2015","1","16","12","16","4","7.03","6.3","7.6"
"30004","375","2015","1","16","13","16","4","8.55","8.1","8.9"
"30004","375","2015","1","16","14","16","4","9.28","9.1","9.4"
"30004","375","2015","1","16","15","16","4","9.68","9.5","9.8"
"30004","375","2015","1","16","16","16","4","9.57","9.3","9.7"
"30004","375","2015","1","16","17","16","4","8.38","7.6","9.1"
"30004","375","2015","1","16","18","16","4","6.38","5.5","7.3"
"30004","375","2015","1","16","19","16","4","4.38","4.1","4.9"
"30004","375","2015","1","16","20","16","4","2.75","2.1","3.5"
"30004","375","2015","1","16","21","16","4","1.25","0.8","1.8"
"30004","375","2015","1","16","22","16","4","0.3","0","0.6"
"30004","375","2015","1","16","23","16","4","-0.42","-0.7","-0.1"
"30004","375","2015","1","17","0","17","4","-1.25","-1.6","-1"
"30004","375","2015","1","17","1","17","4","-1.9","-2.1","-1.7"
"30004","375","2015","1","17","2","17","4","-2.25","-2.3","-2.2"
"30004","375","2015","1","17","3","17","4","-2.55","-2.7","-2.4"
"30004","375","2015","1","17","4","17","4","-2.83","-2.9","-2.7"
"30004","375","2015","1","17","5","17","4","-3.08","-3.1","-3"
"30004","375","2015","1","17","6","17","4","-3.18","-3.2","-3.1"
"30004","375","2015","1","17","7","17","4","-3.27","-3.3","-3.2"
"30004","375","2015","1","17","8","17","4","-2.9","-3.2","-2.6"
"30004","375","2015","1","17","9","17","4","-0.3","-2.1","2.1"
"30004","375","2015","1","17","10","17","4","6.75","5.3","8"
"30004","375","2015","1","17","11","17","4","9.75","8.9","10.6"
"30004","375","2015","1","17","12","17","4","11.25","10.8","11.6"
"30004","375","2015","1","17","13","17","4","12.25","12","12.4"
"30004","375","2015","1","17","14","17","4","12.53","12.3","12.7"
"30004","375","2015","1","17","15","17","4","12.7","12.6","12.9"
"30004","375","2015","1","17","16","17","4","12.5","12.3","12.8"
"30004","375","2015","1","17","17","17","4","11.43","10.4","12"
"30004","375","2015","1","17","18","17","4","7.67","6.4","9.2"
"30004","375","2015","1","17","19","17","4","5.22","4.7","5.8"
"30004","375","2015","1","17","20","17","4","4.02","3.8","4.3"
"30004","375","2015","1","17","21","17","4","3.15","2.8","3.5"
"30004","375","2015","1","17","22","17","4","2.25","2.2","2.4"
"30004","375","2015","1","17","23","17","4","2.73","2.4","3"
"30004","375","2015","1","18","0","18","4","2.52","2.3","2.8"
"30004","375","2015","1","18","1","18","4","1.95","1.8","2.1"
"30004","375","2015","1","18","2","18","4","1.48","1.4","1.6"
"30004","375","2015","1","18","3","18","4","0.98","0.8","1.2"
"30004","375","2015","1","18","4","18","4","0.52","0.1","0.8"
"30004","375","2015","1","18","5","18","4","0.95","0.5","1.8"
"30004","375","2015","1","18","6","18","4","3.77","3","4.2"
"30004","375","2015","1","18","7","18","4","3.7","3.5","3.9"
"30004","375","2015","1","18","8","18","4","3.48","2.9","5"
"30004","375","2015","1","18","9","18","4","7.6","6.9","8"
"30004","375","2015","1","18","10","18","4","9.08","8.4","9.8"
"30004","375","2015","1","18","11","18","4","10.85","10.2","11.4"
"30004","375","2015","1","18","12","18","4","11.7","11.5","11.9"
"30004","375","2015","1","18","13","18","4","12.35","12.2","12.6"
"30004","375","2015","1","18","14","18","4","12.85","12.6","13.1"
"30004","375","2015","1","18","15","18","4","13.1","13.1","13.1"
"30004","375","2015","1","18","16","18","4","12.68","12.4","12.9"
"30004","375","2015","1","18","17","18","4","11.8","11.3","12.2"
"30004","375","2015","1","18","18","18","4","9.45","8.4","10.6"
"30004","375","2015","1","18","19","18","4","7.33","6.4","8.1"
"30004","375","2015","1","18","20","18","4","5.85","5.8","5.9"
"30004","375","2015","1","18","21","18","4","4.65","3.9","5.5"
"30004","375","2015","1","18","22","18","4","3.05","2.6","3.5"
"30004","375","2015","1","18","23","18","4","2.1","1.8","2.4"
"30004","375","2015","1","19","0","19","4","1.27","0.9","1.7"
"30004","375","2015","1","19","1","19","4","0.38","0.2","0.6"
"30004","375","2015","1","19","2","19","4","0.05","-0.1","0.2"
"30004","375","2015","1","19","3","19","4","-0.22","-0.3","-0.1"
"30004","375","2015","1","19","4","19","4","-0.57","-0.8","-0.4"
"30004","375","2015","1","19","5","19","4","-0.95","-1.2","-0.8"
"30004","375","2015","1","19","6","19","4","-1.32","-1.4","-1.3"
"30004","375","2015","1","19","7","19","4","-1.65","-1.7","-1.6"
"30004","375","2015","1","19","8","19","4","-1.2","-1.5","-0.8"
"30004","375","2015","1","19","9","19","4","1.62","-0.2","4.1"
"30004","375","2015","1","19","10","19","4","8.22","6.3","10.3"
"30004","375","2015","1","19","11","19","4","12.88","11.3","14.2"
"30004","375","2015","1","19","12","19","4","15.32","14.7","15.9"
"30004","375","2015","1","19","13","19","4","16.8","16.5","17"
"30004","375","2015","1","19","14","19","4","17.25","17.1","17.4"
"30004","375","2015","1","19","15","19","4","17.35","17.2","17.4"
"30004","375","2015","1","19","16","19","4","16.95","16.4","17.3"
"30004","375","2015","1","19","17","19","4","14.75","13.2","15.8"
"30004","375","2015","1","19","18","19","4","10.53","9.2","11.9"
"30004","375","2015","1","19","19","19","4","7.85","7.1","8.7"
"30004","375","2015","1","19","20","19","4","6.78","6.6","6.9"
"30004","375","2015","1","19","21","19","4","6.12","5.6","6.6"
"30004","375","2015","1","19","22","19","4","4.88","4.7","5.2"
"30004","375","2015","1","19","23","19","4","4.22","3.8","4.7"
"30004","375","2015","1","20","0","20","4","4.05","3.7","4.5"
"30004","375","2015","1","20","1","20","4","3.92","3.4","4.4"
"30004","375","2015","1","20","2","20","4","2.67","2.3","3"
"30004","375","2015","1","20","3","20","4","1.77","1.6","2"
"30004","375","2015","1","20","4","20","4","1.6","1.6","1.6"
"30004","375","2015","1","20","5","20","4","1.18","0.9","1.4"
"30004","375","2015","1","20","6","20","4","0.55","0.4","0.8"
"30004","375","2015","1","20","7","20","4","0.18","0.1","0.2"
"30004","375","2015","1","20","8","20","4","0.15","0.1","0.3"
"30004","375","2015","1","20","9","20","4","3.53","1.1","6.4"
"30004","375","2015","1","20","10","20","4","10.43","8.5","12.2"
"30004","375","2015","1","20","11","20","4","13.85","13.2","14.4"
"30004","375","2015","1","20","12","20","4","15.5","14.8","16"
"30004","375","2015","1","20","13","20","4","16.88","16.4","17.3"
"30004","375","2015","1","20","14","20","4","17.62","17.4","17.8"
"30004","375","2015","1","20","15","20","4","17.93","17.7","18.1"
"30004","375","2015","1","20","16","20","4","17.32","16.9","17.8"
"30004","375","2015","1","20","17","20","4","14.72","12.9","16.4"
"30004","375","2015","1","20","18","20","4","10.93","10.1","11.8"
"30004","375","2015","1","20","19","20","4","9.12","8.6","9.7"
"30004","375","2015","1","20","20","20","4","8.12","7.9","8.4"
"30004","375","2015","1","20","21","20","4","7.05","6.5","7.7"
"30004","375","2015","1","20","22","20","4","5.9","5.5","6.3"
"30004","375","2015","1","20","23","20","4","5.1","4.9","5.3"
"30004","375","2015","1","21","0","21","4","4.47","4.3","4.7"
"30004","375","2015","1","21","1","21","4","3.98","3.7","4.2"
"30004","375","2015","1","21","2","21","4","3.15","2.8","3.5"
"30004","375","2015","1","21","3","21","4","2.5","2.3","2.7"
"30004","375","2015","1","21","4","21","4","2.12","2","2.2"
"30004","375","2015","1","21","5","21","4","1.55","1.3","1.9"
"30004","375","2015","1","21","6","21","4","1.23","1.1","1.3"
"30004","375","2015","1","21","7","21","4","1.1","1","1.2"
"30004","375","2015","1","21","8","21","4","1.45","1.2","1.8"
"30004","375","2015","1","21","9","21","4","4.73","2.6","7.2"
"30004","375","2015","1","21","10","21","4","10.3","9.1","11.4"
"30004","375","2015","1","21","11","21","4","13.05","12.2","13.7"
"30004","375","2015","1","21","12","21","4","14.57","14","15.1"
"30004","375","2015","1","21","13","21","4","15","15","15"
"30004","375","2015","1","21","14","21","4","15.45","15.2","15.6"
"30004","375","2015","1","21","15","21","4","15.32","15","15.6"
"30004","375","2015","1","21","16","21","4","14.57","14.3","15"
"30004","375","2015","1","21","17","21","4","13.12","12.2","13.9"
"30004","375","2015","1","21","18","21","4","9.45","8","11.1"
"30004","375","2015","1","21","19","21","4","6.7","6.1","7.4"
"30004","375","2015","1","21","20","21","4","5.28","4.9","5.7"
"30004","375","2015","1","21","21","21","4","3.95","3.4","4.5"
"30004","375","2015","1","21","22","21","4","2.67","2.2","3.2"
"30004","375","2015","1","21","23","21","4","1.52","1.1","1.9"
"30004","375","2015","1","22","0","22","4","0.5","0.2","0.9"
"30004","375","2015","1","22","1","22","4","-0.4","-0.7","-0.1"
"30004","375","2015","1","22","2","22","4","-1","-1.2","-0.8"
"30004","375","2015","1","22","3","22","4","-1.32","-1.4","-1.2"
"30004","375","2015","1","22","4","22","4","-1.77","-1.8","-1.7"
"30004","375","2015","1","22","5","22","4","-1.55","-1.7","-1.5"
"30004","375","2015","1","22","6","22","4","-0.88","-1.3","-0.4"
"30004","375","2015","1","22","7","22","4","-0.22","-0.3","-0.1"
"30004","375","2015","1","22","8","22","4","0.98","0.2","1.8"
"30004","375","2015","1","22","9","22","4","3.78","2.6","4.9"
"30004","375","2015","1","22","10","22","4","6.7","5.6","8.2"
"30004","375","2015","1","22","11","22","4","10.38","9.8","10.9"
"30004","375","2015","1","22","12","22","4","11.07","11","11.2"
"30004","375","2015","1","22","13","22","4","11.4","11.3","11.5"
"30004","375","2015","1","22","14","22","4","11.3","11.2","11.5"
"30004","375","2015","1","22","15","22","4","11.43","11.2","11.8"
"30004","375","2015","1","22","16","22","4","11.5","11.1","11.8"
"30004","375","2015","1","22","17","22","4","10.12","9.3","10.9"
"30004","375","2015","1","22","18","22","4","8.62","8.3","9"
"30004","375","2015","1","22","19","22","4","7.97","7.8","8.2"
"30004","375","2015","1","22","20","22","4","7.55","7.3","7.7"
"30004","375","2015","1","22","21","22","4","6.88","6.6","7.2"
"30004","375","2015","1","22","22","22","4","6.42","5.7","7.3"
"30004","375","2015","1","22","23","22","4","5.58","5.5","5.7"
"30004","375","2015","1","23","0","23","4","5.5","5.4","5.6"
"30004","375","2015","1","23","1","23","4","5.28","5.2","5.4"
"30004","375","2015","1","23","2","23","4","5.12","5.1","5.2"
"30004","375","2015","1","23","3","23","4","5.12","5.1","5.2"
"30004","375","2015","1","23","4","23","4","5.07","5","5.1"
"30004","375","2015","1","23","5","23","4","5.07","5","5.1"
"30004","375","2015","1","23","6","23","4","5.25","5.1","5.4"
"30004","375","2015","1","23","7","23","4","5.55","5.5","5.6"
"30004","375","2015","1","23","8","23","4","5.5","5.3","5.6"
"30004","375","2015","1","23","9","23","4","5.12","4.9","5.3"
"30004","375","2015","1","23","10","23","4","4.45","4.2","4.7"
"30004","375","2015","1","23","11","23","4","4","3.9","4.1"
"30004","375","2015","1","23","12","23","4","3.9","3.9","3.9"
"30004","375","2015","1","23","13","23","4","3.95","3.9","4"
"30004","375","2015","1","23","14","23","4","3.85","3.8","3.9"
"30004","375","2015","1","23","15","23","4","3.75","3.7","3.8"
"30004","375","2015","1","23","16","23","4","3.68","3.6","3.7"
"30004","375","2015","1","23","17","23","4","3.62","3.6","3.7"
"30004","375","2015","1","23","18","23","4","3.58","3.5","3.6"
"30004","375","2015","1","23","19","23","4","3.6","3.6","3.6"
"30004","375","2015","1","23","20","23","4","3.52","3.5","3.6"
"30004","375","2015","1","23","21","23","4","3.5","3.5","3.5"
"30004","375","2015","1","23","22","23","4","3.55","3.5","3.6"
"30004","375","2015","1","23","23","23","4","3.6","3.6","3.6"
"30004","375","2015","1","24","0","24","4","3.75","3.7","3.8"
"30004","375","2015","1","24","1","24","4","3.82","3.8","3.9"
"30004","375","2015","1","24","2","24","4","4.02","3.9","4.1"
"30004","375","2015","1","24","3","24","4","4.22","4.2","4.3"
"30004","375","2015","1","24","4","24","4","4.4","4.3","4.5"
"30004","375","2015","1","24","5","24","4","4.57","4.5","4.6"
"30004","375","2015","1","24","6","24","4","3.9","3.6","4.3"
"30004","375","2015","1","24","7","24","4","3.08","2.7","3.4"
"30004","375","2015","1","24","8","24","4","2.55","2.5","2.6"
"30004","375","2015","1","24","9","24","4","2.38","2.3","2.5"
"30004","375","2015","1","24","10","24","4","2.7","2.3","2.9"
"30004","375","2015","1","24","11","24","4","3.25","2.9","3.7"
"30004","375","2015","1","24","12","24","4","4.67","4.1","5.3"
"30004","375","2015","1","24","13","24","4","5.8","5.4","6"
"30004","375","2015","1","24","14","24","4","6.42","6","6.8"
"30004","375","2015","1","24","15","24","4","7.33","7.1","7.5"
"30004","375","2015","1","24","16","24","4","7.33","7.2","7.5"
"30004","375","2015","1","24","17","24","4","6.65","6.2","7"
"30004","375","2015","1","24","18","24","4","5.2","4.9","5.7"
"30004","375","2015","1","24","19","24","4","4.12","3.6","4.8"
"30004","375","2015","1","24","20","24","4","3.08","2.6","3.4"
"30004","375","2015","1","24","21","24","4","2","1.4","2.5"
"30004","375","2015","1","24","22","24","4","0.72","0.5","1"
"30004","375","2015","1","24","23","24","4","0.15","0","0.3"
"30004","375","2015","1","25","0","25","4","-0.2","-0.5","0"
"30004","375","2015","1","25","1","25","4","-1","-1.3","-0.7"
"30004","375","2015","1","25","2","25","4","-1.65","-1.9","-1.4"
"30004","375","2015","1","25","3","25","4","-2.08","-2.2","-2"
"30004","375","2015","1","25","4","25","4","-2.3","-2.5","-2.2"
"30004","375","2015","1","25","5","25","4","-2.62","-2.7","-2.6"
"30004","375","2015","1","25","6","25","4","-2.7","-2.7","-2.7"
"30004","375","2015","1","25","7","25","4","-2.73","-2.8","-2.7"
"30004","375","2015","1","25","8","25","4","-2.27","-2.7","-1.7"
"30004","375","2015","1","25","9","25","4","0.7","-1","2.4"
"30004","375","2015","1","25","10","25","4","5.53","3.7","7"
"30004","375","2015","1","25","11","25","4","8.75","7.7","9.8"
"30004","375","2015","1","25","12","25","4","10.92","10.2","11.6"
"30004","375","2015","1","25","13","25","4","12.3","11.9","12.6"
"30004","375","2015","1","25","14","25","4","13.07","12.9","13.3"
"30004","375","2015","1","25","15","25","4","13.43","13.3","13.5"
"30004","375","2015","1","25","16","25","4","13.43","13.4","13.5"
"30004","375","2015","1","25","17","25","4","12.5","11.8","12.9"
"30004","375","2015","1","25","18","25","4","11.55","11.2","11.8"
"30004","375","2015","1","25","19","25","4","10.53","10.2","10.8"
"30004","375","2015","1","25","20","25","4","9.6","8.4","10.6"
"30004","375","2015","1","25","21","25","4","8.12","7.4","8.7"
"30004","375","2015","1","25","22","25","4","7.38","7.1","7.7"
"30004","375","2015","1","25","23","25","4","6.4","6.1","6.7"
"30004","375","2015","1","26","0","26","4","5.88","5.8","5.9"
"30004","375","2015","1","26","1","26","4","5.67","5.5","5.9"
"30004","375","2015","1","26","2","26","4","5.88","5.7","6"
"30004","375","2015","1","26","3","26","4","5.55","5.5","5.7"
"30004","375","2015","1","26","4","26","4","5.85","5.8","5.9"
"30004","375","2015","1","26","5","26","4","5.75","5.7","5.8"
"30004","375","2015","1","26","6","26","4","5.83","5.8","5.9"
"30004","375","2015","1","26","7","26","4","5.67","5.4","5.9"
"30004","375","2015","1","26","8","26","4","5.35","5.3","5.4"
"30004","375","2015","1","26","9","26","4","5.53","5.4","5.6"
"30004","375","2015","1","26","10","26","4","5.38","5.3","5.5"
"30004","375","2015","1","26","11","26","4","5.53","5.3","5.7"
"30004","375","2015","1","26","12","26","4","4.25","3.7","4.8"
"30004","375","2015","1","26","13","26","4","3.1","2.9","3.5"
"30004","375","2015","1","26","14","26","4","2.65","2.6","2.8"
"30004","375","2015","1","26","15","26","4","2.58","2.5","2.7"
"30004","375","2015","1","26","16","26","4","2.62","2.6","2.7"
"30004","375","2015","1","26","17","26","4","2.38","2","2.7"
"30004","375","2015","1","26","18","26","4","1.65","1.5","1.8"
"30004","375","2015","1","26","19","26","4","1.38","1.2","1.5"
"30004","375","2015","1","26","20","26","4","0.95","0.9","1.1"
"30004","375","2015","1","26","21","26","4","0.85","0.8","1"
"30004","375","2015","1","26","22","26","4","0.48","0.3","0.7"
"30004","375","2015","1","26","23","26","4","0.28","0.2","0.4"
"30004","375","2015","1","27","0","27","4","0.1","-0.1","0.3"
"30004","375","2015","1","27","1","27","4","0.02","-0.1","0.2"
"30004","375","2015","1","27","2","27","4","0.52","0.4","0.6"
"30004","375","2015","1","27","3","27","4","0.62","0.6","0.7"
"30004","375","2015","1","27","4","27","4","0.85","0.7","1"
"30004","375","2015","1","27","5","27","4","0.9","0.9","0.9"
"30004","375","2015","1","27","6","27","4","0.85","0.8","0.9"
"30004","375","2015","1","27","7","27","4","0.92","0.9","1"
"30004","375","2015","1","27","8","27","4","1.3","1.1","1.5"
"30004","375","2015","1","27","9","27","4","2.57","1.8","3.3"
"30004","375","2015","1","27","10","27","4","4.33","3.9","4.8"
"30004","375","2015","1","27","11","27","4","4.9","4.6","5.3"
"30004","375","2015","1","27","12","27","4","5.6","5.3","6.1"
"30004","375","2015","1","27","13","27","4","6.75","6.6","6.9"
"30004","375","2015","1","27","14","27","4","6.33","6.3","6.4"
"30004","375","2015","1","27","15","27","4","5.9","5.6","6.2"
"30004","375","2015","1","27","16","27","4","4.97","4.5","5.4"
"30004","375","2015","1","27","17","27","4","4.12","4","4.3"
"30004","375","2015","1","27","18","27","4","3.77","3.6","4"
"30004","375","2015","1","27","19","27","4","3.52","3.4","3.6"
"30004","375","2015","1","27","20","27","4","3.38","3.3","3.4"
"30004","375","2015","1","27","21","27","4","3.05","2.9","3.2"
"30004","375","2015","1","27","22","27","4","2.5","2.3","2.8"
"30004","375","2015","1","27","23","27","4","2.3","2.2","2.4"
"30004","375","2015","1","28","0","28","4","2.07","1.7","2.3"
"30004","375","2015","1","28","1","28","4","1.12","0.9","1.4"
"30004","375","2015","1","28","2","28","4","0.6","0.5","0.7"
"30004","375","2015","1","28","3","28","4","0.28","0.1","0.4"
"30004","375","2015","1","28","4","28","4","-0.4","-0.8","0"
"30004","375","2015","1","28","5","28","4","-1.12","-1.3","-1"
"30004","375","2015","1","28","6","28","4","-1.35","-1.6","-1.1"
"30004","375","2015","1","28","7","28","4","-2.27","-2.5","-1.9"
"30004","375","2015","1","28","8","28","4","-1.57","-2.4","-0.7"
"30004","375","2015","1","28","9","28","4","0.38","-0.4","1.2"
"30004","375","2015","1","28","10","28","4","2.5","1.7","3.1"
"30004","375","2015","1","28","11","28","4","4.55","3.6","5.4"
"30004","375","2015","1","28","12","28","4","6.72","6","7.4"
"30004","375","2015","1","28","13","28","4","8.35","7.8","8.8"
"30004","375","2015","1","28","14","28","4","9.3","8.8","9.8"
"30004","375","2015","1","28","15","28","4","10.15","9.9","10.4"
"30004","375","2015","1","28","16","28","4","10.53","10.4","10.6"
"30004","375","2015","1","28","17","28","4","9.18","7.9","10.1"
"30004","375","2015","1","28","18","28","4","5.53","4.5","6.8"
"30004","375","2015","1","28","19","28","4","3.38","2.8","3.9"
"30004","375","2015","1","28","20","28","4","2.08","1.7","2.5"
"30004","375","2015","1","28","21","28","4","0.95","0.6","1.4"
"30004","375","2015","1","28","22","28","4","0.28","0","0.5"
"30004","375","2015","1","28","23","28","4","-0.42","-0.7","-0.2"
"30004","375","2015","1","29","0","29","4","-0.95","-1.1","-0.9"
"30004","375","2015","1","29","1","29","4","-1.27","-1.4","-1.2"
"30004","375","2015","1","29","2","29","4","-1.58","-1.6","-1.5"
"30004","375","2015","1","29","3","29","4","-1.52","-1.6","-1.5"
"30004","375","2015","1","29","4","29","4","-1.55","-1.6","-1.5"
"30004","375","2015","1","29","5","29","4","-1.45","-1.5","-1.3"
"30004","375","2015","1","29","6","29","4","-1.48","-1.7","-1.2"
"30004","375","2015","1","29","7","29","4","-1.68","-1.7","-1.6"
"30004","375","2015","1","29","8","29","4","-0.48","-1.3","0.6"
"30004","375","2015","1","29","9","29","4","3.52","2.1","4.7"
"30004","375","2015","1","29","10","29","4","5.55","5","6.3"
"30004","375","2015","1","29","11","29","4","8","7.1","9.2"
"30004","375","2015","1","29","12","29","4","10.5","9.5","11.8"
"30004","375","2015","1","29","13","29","4","11.82","11.4","12.1"
"30004","375","2015","1","29","14","29","4","11.93","11.1","12.4"
"30004","375","2015","1","29","15","29","4","12.57","12.5","12.7"
"30004","375","2015","1","29","16","29","4","12.57","12.4","12.7"
"30004","375","2015","1","29","17","29","4","11.6","11.3","11.9"
"30004","375","2015","1","29","18","29","4","11.18","10.4","11.5"
"30004","375","2015","1","29","19","29","4","9.65","9.6","9.7"
"30004","375","2015","1","29","20","29","4","10.65","10.1","11.1"
"30004","375","2015","1","29","21","29","4","11.32","10.8","11.7"
"30004","375","2015","1","29","22","29","4","9.82","9.6","10.2"
"30004","375","2015","1","29","23","29","4","10.07","9.5","10.5"
"30004","375","2015","1","30","0","30","4","10.45","9.6","11.3"
"30004","375","2015","1","30","1","30","4","7.98","6.9","8.9"
"30004","375","2015","1","30","2","30","4","6.03","5.5","6.5"
"30004","375","2015","1","30","3","30","4","4.83","4.6","5.1"
"30004","375","2015","1","30","4","30","4","4.17","3.8","4.5"
"30004","375","2015","1","30","5","30","4","3.3","3","3.6"
"30004","375","2015","1","30","6","30","4","2.58","2.4","2.8"
"30004","375","2015","1","30","7","30","4","2.23","2.1","2.4"
"30004","375","2015","1","30","8","30","4","2.5","2.2","2.9"
"30004","375","2015","1","30","9","30","4","3.6","3.2","4"
"30004","375","2015","1","30","10","30","4","4.78","4.4","5.2"
"30004","375","2015","1","30","11","30","4","6","5.4","6.6"
"30004","375","2015","1","30","12","30","4","7.08","6.7","7.3"
"30004","375","2015","1","30","13","30","4","7.47","7","7.8"
"30004","375","2015","1","30","14","30","4","7.38","7.2","7.5"
"30004","375","2015","1","30","15","30","4","7.55","7.5","7.6"
"30004","375","2015","1","30","16","30","4","7.38","7.2","7.7"
"30004","375","2015","1","30","17","30","4","6.55","6","7"
"30004","375","2015","1","30","18","30","4","5.25","4.8","5.7"
"30004","375","2015","1","30","19","30","4","4.05","3.7","4.4"
"30004","375","2015","1","30","20","30","4","3.3","3","3.6"
"30004","375","2015","1","30","21","30","4","2.48","2","2.9"
"30004","375","2015","1","30","22","30","4","1.55","1.3","1.7"
"30004","375","2015","1","30","23","30","4","0.08","-0.6","0.9"
"30004","375","2015","1","31","0","31","4","-1.35","-1.7","-1"
"30004","375","2015","1","31","1","31","4","-2.3","-2.6","-2"
"30004","375","2015","1","31","2","31","4","-2.83","-2.9","-2.7"
"30004","375","2015","1","31","3","31","4","-3.02","-3.2","-2.8"
"30004","375","2015","1","31","4","31","4","-3.52","-3.7","-3.3"
"30004","375","2015","1","31","5","31","4","-3.83","-4.1","-3.7"
"30004","375","2015","1","31","6","31","4","-4.35","-4.5","-4.2"
"30004","375","2015","1","31","7","31","4","-4.05","-4.3","-3.7"
"30004","375","2015","1","31","8","31","4","-2.8","-3.4","-1.9"
"30004","375","2015","1","31","9","31","4","-0.35","-1.3","0.7"
"30004","375","2015","1","31","10","31","4","3.4","1.7","5"
"30004","375","2015","1","31","11","31","4","6.22","5.6","6.9"
"30004","375","2015","1","31","12","31","4","7.5","7.2","8"
"30004","375","2015","1","31","13","31","4","8.45","8.1","8.9"
"30004","375","2015","1","31","14","31","4","9.23","9","9.3"
"30004","375","2015","1","31","15","31","4","9.25","9.2","9.4"
"30004","375","2015","1","31","16","31","4","8.9","8.5","9.2"
"30004","375","2015","1","31","17","31","4","7.95","7.4","8.3"
"30004","375","2015","1","31","18","31","4","6.25","5.7","6.9"
"30004","375","2015","1","31","19","31","4","5.3","5.1","5.5"
"30004","375","2015","1","31","20","31","4","5.1","5","5.2"
"30004","375","2015","1","31","21","31","4","4.55","4.3","4.8"
"30004","375","2015","1","31","22","31","4","4.05","4","4.1"
"30004","375","2015","1","31","23","31","4","3.95","3.8","4.1"
"30004","375","2015","2","1","0","32","4","3.58","3.5","3.6"
"30004","375","2015","2","1","1","32","4","3.52","3.5","3.6"
"30004","375","2015","2","1","2","32","4","3.42","3.3","3.5"
"30004","375","2015","2","1","3","32","4","3.15","3.1","3.2"
"30004","375","2015","2","1","4","32","4","2.77","2.5","3"
"30004","375","2015","2","1","5","32","4","2.3","2.2","2.4"
"30004","375","2015","2","1","6","32","4","1.9","1.6","2.2"
"30004","375","2015","2","1","7","32","4","1.88","1.7","2.4"
"30004","375","2015","2","1","8","32","4","4.17","3.1","5.2"
"30004","375","2015","2","1","9","32","4","6.83","5.8","8"
"30004","375","2015","2","1","10","32","4","8.47","8.3","8.7"
"30004","375","2015","2","1","11","32","4","9.47","9.1","9.7"
"30004","375","2015","2","1","12","32","4","10.28","10.1","10.6"
"30004","375","2015","2","1","13","32","4","10.18","9.6","10.7"
"30004","375","2015","2","1","14","32","4","10.15","9.8","10.4"
"30004","375","2015","2","1","15","32","4","10.03","9.8","10.3"
"30004","375","2015","2","1","16","32","4","9.72","9.7","9.8"
"30004","375","2015","2","1","17","32","4","9.95","9.8","10.1"
"30004","375","2015","2","1","18","32","4","10.47","10.1","10.9"
"30004","375","2015","2","1","19","32","4","11.15","11.1","11.2"
"30004","375","2015","2","1","20","32","4","11.53","11.3","11.7"
"30004","375","2015","2","1","21","32","4","11.7","11.7","11.7"
"30004","375","2015","2","1","22","32","4","11.8","11.7","11.9"
"30004","375","2015","2","1","23","32","4","12","11.9","12.1"
"30004","375","2015","2","2","0","33","4","12.1","12","12.2"
"30004","375","2015","2","2","1","33","4","12.2","12.2","12.2"
"30004","375","2015","2","2","2","33","4","12.2","12.2","12.2"
"30004","375","2015","2","2","3","33","4","11.22","10.4","12.2"
"30004","375","2015","2","2","4","33","4","9.8","9.5","10.1"
"30004","375","2015","2","2","5","33","4","9","8.8","9.3"
"30004","375","2015","2","2","6","33","4","8.17","7.3","8.7"
"30004","375","2015","2","2","7","33","4","6.2","5.6","6.8"
"30004","375","2015","2","2","8","33","4","4.35","4.1","4.9"
"30004","375","2015","2","2","9","33","4","4.03","4","4.1"
"30004","375","2015","2","2","10","33","4","4.22","4","4.4"
"30004","375","2015","2","2","11","33","4","3.95","3.8","4.1"
"30004","375","2015","2","2","12","33","4","3.58","3.3","3.8"
"30004","375","2015","2","2","13","33","4","2.33","2.1","2.6"
"30004","375","2015","2","2","14","33","4","1.85","1.7","2.1"
"30004","375","2015","2","2","15","33","4","1.9","1.7","2"
"30004","375","2015","2","2","16","33","4","1.55","1.3","1.7"
"30004","375","2015","2","2","17","33","4","0.35","-0.1","0.9"
"30004","375","2015","2","2","18","33","4","-0.88","-1.3","-0.4"
"30004","375","2015","2","2","19","33","4","-1.77","-2","-1.5"
"30004","375","2015","2","2","20","33","4","-2.25","-2.4","-2.1"
"30004","375","2015","2","2","21","33","4","-2.65","-2.8","-2.5"
"30004","375","2015","2","2","22","33","4","-2.95","-3.1","-2.8"
"30004","375","2015","2","2","23","33","4","-3.33","-3.4","-3.2"
"30004","375","2015","2","3","0","34","4","-3.6","-3.7","-3.5"
"30004","375","2015","2","3","1","34","4","-4.03","-4.2","-3.9"
"30004","375","2015","2","3","2","34","4","-4.35","-4.5","-4.2"
"30004","375","2015","2","3","3","34","4","-4.72","-4.9","-4.6"
"30004","375","2015","2","3","4","34","4","-4.95","-5","-4.9"
"30004","375","2015","2","3","5","34","4","-5.12","-5.2","-5.1"
"30004","375","2015","2","3","6","34","4","-5.2","-5.3","-5.1"
"30004","375","2015","2","3","7","34","4","-5.22","-5.3","-5.2"
"30004","375","2015","2","3","8","34","4","-4.67","-5.1","-4.2"
"30004","375","2015","2","3","9","34","4","-2.8","-3.6","-2"
"30004","375","2015","2","3","10","34","4","-0.1","-1.4","1.2"
"30004","375","2015","2","3","11","34","4","3.02","2","4"
"30004","375","2015","2","3","12","34","4","5.7","5.1","6.5"
"30004","375","2015","2","3","13","34","4","7.1","6.7","7.4"
"30004","375","2015","2","3","14","34","4","7.65","7.5","7.8"
"30004","375","2015","2","3","15","34","4","8.25","7.8","8.7"
"30004","375","2015","2","3","16","34","4","8.38","8.2","8.6"
"30004","375","2015","2","3","17","34","4","7.2","6.1","8"
"30004","375","2015","2","3","18","34","4","4.1","3.1","5.3"
"30004","375","2015","2","3","19","34","4","2.2","1.8","2.6"
"30004","375","2015","2","3","20","34","4","1.3","1","1.6"
"30004","375","2015","2","3","21","34","4","0.55","0.3","0.8"
"30004","375","2015","2","3","22","34","4","-0.1","-0.3","0.1"
"30004","375","2015","2","3","23","34","4","-0.65","-0.9","-0.4"
"30004","375","2015","2","4","0","35","4","-1.12","-1.2","-1"
"30004","375","2015","2","4","1","35","4","-1.45","-1.6","-1.3"
"30004","375","2015","2","4","2","35","4","-1.82","-1.9","-1.7"
"30004","375","2015","2","4","3","35","4","-2.08","-2.1","-2"
"30004","375","2015","2","4","4","35","4","-2.3","-2.4","-2.2"
"30004","375","2015","2","4","5","35","4","-2.55","-2.7","-2.4"
"30004","375","2015","2","4","6","35","4","-2.48","-2.5","-2.4"
"30004","375","2015","2","4","7","35","4","-2.42","-2.5","-2.3"
"30004","375","2015","2","4","8","35","4","-1.48","-2","-0.9"
"30004","375","2015","2","4","9","35","4","0.18","-0.5","0.9"
"30004","375","2015","2","4","10","35","4","3.7","1.6","6.3"
"30004","375","2015","2","4","11","35","4","7.83","7.3","8.4"
"30004","375","2015","2","4","12","35","4","8.7","8.6","8.8"
"30004","375","2015","2","4","13","35","4","9.12","8.8","9.4"
"30004","375","2015","2","4","14","35","4","9.62","9.4","9.8"
"30004","375","2015","2","4","15","35","4","9.8","9.7","9.9"
"30004","375","2015","2","4","16","35","4","9.25","9","9.6"
"30004","375","2015","2","4","17","35","4","8.1","7.4","8.8"
"30004","375","2015","2","4","18","35","4","6.18","5.5","6.9"
"30004","375","2015","2","4","19","35","4","4.85","4.5","5.2"
"30004","375","2015","2","4","20","35","4","4.15","4","4.3"
"30004","375","2015","2","4","21","35","4","3.65","3.5","3.8"
"30004","375","2015","2","4","22","35","4","3.05","2.7","3.3"
"30004","375","2015","2","4","23","35","4","2.45","2.3","2.6"
"30004","375","2015","2","5","0","36","4","1.98","1.8","2.2"
"30004","375","2015","2","5","1","36","4","2","1.9","2.1"
"30004","375","2015","2","5","2","36","4","1.82","1.5","2"
"30004","375","2015","2","5","3","36","4","1.6","1.5","1.7"
"30004","375","2015","2","5","4","36","4","1.5","1.3","1.7"
"30004","375","2015","2","5","5","36","4","2.5","1.5","3.4"
"30004","375","2015","2","5","6","36","4","2.73","2.1","3.3"
"30004","375","2015","2","5","7","36","4","1.62","1.3","1.9"
"30004","375","2015","2","5","8","36","4","4.75","3.2","5.9"
"30004","375","2015","2","5","9","36","4","5.9","5.7","6.2"
"30004","375","2015","2","5","10","36","4","6.55","6.4","6.9"
"30004","375","2015","2","5","11","36","4","7.3","7.2","7.4"
"30004","375","2015","2","5","12","36","4","8.07","7.8","8.3"
"30004","375","2015","2","5","13","36","4","8.57","8.5","8.8"
"30004","375","2015","2","5","14","36","4","8.6","8.4","8.7"
"30004","375","2015","2","5","15","36","4","8.62","8.5","8.8"
"30004","375","2015","2","5","16","36","4","7.9","7.5","8.3"
"30004","375","2015","2","5","17","36","4","6.38","5.7","7.1"
"30004","375","2015","2","5","18","36","4","4.55","4","5.2"
"30004","375","2015","2","5","19","36","4","3.05","2.5","3.6"
"30004","375","2015","2","5","20","36","4","1.27","0.6","2"
"30004","375","2015","2","5","21","36","4","-0.52","-1.3","0.3"
"30004","375","2015","2","5","22","36","4","-2.27","-2.7","-1.8"
"30004","375","2015","2","5","23","36","4","-3.08","-3.3","-2.9"
"30004","375","2015","2","6","0","37","4","-3.73","-4","-3.5"
"30004","375","2015","2","6","1","37","4","-4.42","-4.6","-4.2"
"30004","375","2015","2","6","2","37","4","-4.95","-5.1","-4.8"
"30004","375","2015","2","6","3","37","4","-5.5","-5.8","-5.2"
"30004","375","2015","2","6","4","37","4","-6.2","-6.5","-5.9"
"30004","375","2015","2","6","5","37","4","-6.72","-6.8","-6.6"
"30004","375","2015","2","6","6","37","4","-7.1","-7.2","-6.9"
"30004","375","2015","2","6","7","37","4","-7.38","-7.4","-7.3"
"30004","375","2015","2","6","8","37","4","-5.97","-7.1","-4.6"
"30004","375","2015","2","6","9","37","4","-1.82","-3.8","0.2"
"30004","375","2015","2","6","10","37","4","1.68","0.9","2.5"
"30004","375","2015","2","6","11","37","4","3.77","2.8","5"
"30004","375","2015","2","6","12","37","4","5.9","5.3","6.9"
"30004","375","2015","2","6","13","37","4","7.72","7.2","8.3"
"30004","375","2015","2","6","14","37","4","8.6","8.2","9"
"30004","375","2015","2","6","15","37","4","9.53","9.3","9.8"
"30004","375","2015","2","6","16","37","4","9.65","9.5","9.7"
"30004","375","2015","2","6","17","37","4","8.47","7.3","9.3"
"30004","375","2015","2","6","18","37","4","5.02","3.9","6.3"
"30004","375","2015","2","6","19","37","4","2.67","2.1","3.3"
"30004","375","2015","2","6","20","37","4","1.38","0.9","1.8"
"30004","375","2015","2","6","21","37","4","0.18","-0.3","0.6"
"30004","375","2015","2","6","22","37","4","-0.82","-1.1","-0.6"
"30004","375","2015","2","6","23","37","4","-1.48","-1.8","-1.2"
"30004","375","2015","2","7","0","38","4","-2.15","-2.3","-2"
"30004","375","2015","2","7","1","38","4","-2.5","-2.6","-2.4"
"30004","375","2015","2","7","2","38","4","-2.8","-3","-2.6"
"30004","375","2015","2","7","3","38","4","-3","-3.1","-2.8"
"30004","375","2015","2","7","4","38","4","-3.2","-3.3","-3.1"
"30004","375","2015","2","7","5","38","4","-3.42","-3.5","-3.3"
"30004","375","2015","2","7","6","38","4","-3.6","-3.6","-3.6"
"30004","375","2015","2","7","7","38","4","-3.77","-3.8","-3.7"
"30004","375","2015","2","7","8","38","4","-3.05","-3.6","-2.3"
"30004","375","2015","2","7","9","38","4","1.2","-1.4","4.3"
"30004","375","2015","2","7","10","38","4","7.88","6","9.6"
"30004","375","2015","2","7","11","38","4","11.68","10.5","12.9"
"30004","375","2015","2","7","12","38","4","14","13.3","14.7"
"30004","375","2015","2","7","13","38","4","15.1","14.9","15.2"
"30004","375","2015","2","7","14","38","4","15.45","15.3","15.7"
"30004","375","2015","2","7","15","38","4","16.15","15.9","16.5"
"30004","375","2015","2","7","16","38","4","16.57","16.5","16.7"
"30004","375","2015","2","7","17","38","4","15.6","15","16.1"
"30004","375","2015","2","7","18","38","4","12.43","10.8","14.3"
"30004","375","2015","2","7","19","38","4","8.68","7.6","9.8"
"30004","375","2015","2","7","20","38","4","6.6","6","7.2"
"30004","375","2015","2","7","21","38","4","5.45","5.3","5.7"
"30004","375","2015","2","7","22","38","4","4.75","4.1","5.2"
"30004","375","2015","2","7","23","38","4","3.3","3","3.5"
"30004","375","2015","2","8","0","39","4","2.35","2.1","2.7"
"30004","375","2015","2","8","1","39","4","1.52","1.3","1.9"
"30004","375","2015","2","8","2","39","4","1.05","0.9","1.2"
"30004","375","2015","2","8","3","39","4","0.42","0.2","0.6"
"30004","375","2015","2","8","4","39","4","-0.1","-0.2","0"
"30004","375","2015","2","8","5","39","4","-0.35","-0.7","-0.1"
"30004","375","2015","2","8","6","39","4","-0.92","-1","-0.8"
"30004","375","2015","2","8","7","39","4","-1.12","-1.2","-1.1"
"30004","375","2015","2","8","8","39","4","-0.15","-0.9","0.9"
"30004","375","2015","2","8","9","39","4","5.25","2.1","8.6"
"30004","375","2015","2","8","10","39","4","11.38","9.7","12.8"
"30004","375","2015","2","8","11","39","4","14.62","13.4","15.9"
"30004","375","2015","2","8","12","39","4","16.77","16.3","17"
"30004","375","2015","2","8","13","39","4","17.73","17.2","18.1"
"30004","375","2015","2","8","14","39","4","18.12","17.9","18.3"
"30004","375","2015","2","8","15","39","4","18.48","18.4","18.6"
"30004","375","2015","2","8","16","39","4","18.48","18.4","18.6"
"30004","375","2015","2","8","17","39","4","17.23","16.9","17.8"
"30004","375","2015","2","8","18","39","4","15.47","14","16.4"
"30004","375","2015","2","8","19","39","4","12.6","12.4","13"
"30004","375","2015","2","8","20","39","4","12.88","12.5","13.5"
"30004","375","2015","2","8","21","39","4","13.8","13.7","13.9"
"30004","375","2015","2","8","22","39","4","13.75","13.7","13.8"
"30004","375","2015","2","8","23","39","4","14.05","13.9","14.3"
"30004","375","2015","2","9","0","40","4","14.3","14.2","14.4"
"30004","375","2015","2","9","1","40","4","14.2","13.9","14.4"
"30004","375","2015","2","9","2","40","4","13.88","13.7","14"
"30004","375","2015","2","9","3","40","4","13.93","13.9","14"
"30004","375","2015","2","9","4","40","4","13.1","12","13.8"
"30004","375","2015","2","9","5","40","4","11.57","11.5","11.8"
"30004","375","2015","2","9","6","40","4","11.75","11.7","11.8"
"30004","375","2015","2","9","7","40","4","11.93","11.8","12"
"30004","375","2015","2","9","8","40","4","12.2","12.1","12.3"
"30004","375","2015","2","9","9","40","4","12.43","12.3","12.5"
"30004","375","2015","2","9","10","40","4","12.53","12.4","12.6"
"30004","375","2015","2","9","11","40","4","12.82","12.7","12.9"
"30004","375","2015","2","9","12","40","4","13.28","12.9","13.8"
"30004","375","2015","2","9","13","40","4","13.82","13.7","13.9"
"30004","375","2015","2","9","14","40","4","14.68","14","15"
"30004","375","2015","2","9","15","40","4","12.7","12.2","13.8"
"30004","375","2015","2","9","16","40","4","12.6","12.3","12.9"
"30004","375","2015","2","9","17","40","4","12.75","12.3","13.1"
"30004","375","2015","2","9","18","40","4","11.97","11.6","12.3"
"30004","375","2015","2","9","19","40","4","10.9","10.5","11.3"
"30004","375","2015","2","9","20","40","4","9.78","9.1","10.4"
"30004","375","2015","2","9","21","40","4","8","7.5","8.6"
"30004","375","2015","2","9","22","40","4","6.97","6.7","7.2"
"30004","375","2015","2","9","23","40","4","6.12","5.8","6.5"
"30004","375","2015","2","10","0","41","4","5.33","5.1","5.6"
"30004","375","2015","2","10","1","41","4","4.67","4.4","4.9"
"30004","375","2015","2","10","2","41","4","3.95","3.7","4.2"
"30004","375","2015","2","10","3","41","4","3.48","3.4","3.6"
"30004","375","2015","2","10","4","41","4","3.17","3","3.3"
"30004","375","2015","2","10","5","41","4","2.55","2.3","2.8"
"30004","375","2015","2","10","6","41","4","2.15","2","2.3"
"30004","375","2015","2","10","7","41","4","1.9","1.9","1.9"
"30004","375","2015","2","10","8","41","4","2.45","2.1","2.8"
"30004","375","2015","2","10","9","41","4","3.38","2.9","3.9"
"30004","375","2015","2","10","10","41","4","4.6","4.2","5.1"
"30004","375","2015","2","10","11","41","4","6.6","5.7","7.5"
"30004","375","2015","2","10","12","41","4","8.4","8.1","8.7"
"30004","375","2015","2","10","13","41","4","9.4","8.8","9.9"
"30004","375","2015","2","10","14","41","4","10.05","9.8","10.2"
"30004","375","2015","2","10","15","41","4","10.32","10","10.7"
"30004","375","2015","2","10","16","41","4","10.12","10","10.2"
"30004","375","2015","2","10","17","41","4","9.18","8.7","9.6"
"30004","375","2015","2","10","18","41","4","7.45","6.7","8.2"
"30004","375","2015","2","10","19","41","4","5.9","5.4","6.4"
"30004","375","2015","2","10","20","41","4","4.6","4.2","5.1"
"30004","375","2015","2","10","21","41","4","3.38","2.9","3.9"
"30004","375","2015","2","10","22","41","4","2.65","2.3","2.8"
"30004","375","2015","2","10","23","41","4","1.38","1","1.8"
"30004","375","2015","2","11","0","42","4","0.42","0.1","0.7"
"30004","375","2015","2","11","1","42","4","-0.25","-0.5","0"
"30004","375","2015","2","11","2","42","4","-0.82","-1","-0.6"
"30004","375","2015","2","11","3","42","4","-1.32","-1.5","-1.1"
"30004","375","2015","2","11","4","42","4","-1.65","-1.7","-1.6"
"30004","375","2015","2","11","5","42","4","-1.88","-1.9","-1.8"
"30004","375","2015","2","11","6","42","4","-1.98","-2","-1.9"
"30004","375","2015","2","11","7","42","4","-1.95","-2","-1.8"
"30004","375","2015","2","11","8","42","4","-0.98","-1.6","-0.1"
"30004","375","2015","2","11","9","42","4","3.58","1","5.2"
"30004","375","2015","2","11","10","42","4","6.42","5.7","7.2"
"30004","375","2015","2","11","11","42","4","8.9","8","10.2"
"30004","375","2015","2","11","12","42","4","11.15","10.9","11.6"
"30004","375","2015","2","11","13","42","4","12.6","11.8","13.1"
"30004","375","2015","2","11","14","42","4","13.68","13.1","14"
"30004","375","2015","2","11","15","42","4","14.57","14.3","14.8"
"30004","375","2015","2","11","16","42","4","14.93","14.7","15.2"
"30004","375","2015","2","11","17","42","4","13.72","13.1","14.3"
"30004","375","2015","2","11","18","42","4","11.38","9.9","12.8"
"30004","375","2015","2","11","19","42","4","7.85","6.9","8.9"
"30004","375","2015","2","11","20","42","4","5.92","5.4","6.5"
"30004","375","2015","2","11","21","42","4","4.8","4.4","5.2"
"30004","375","2015","2","11","22","42","4","3.9","3.6","4.2"
"30004","375","2015","2","11","23","42","4","3.33","3.2","3.4"
"30004","375","2015","2","12","0","43","4","4.75","4.1","5.1"
"30004","375","2015","2","12","1","43","4","4.67","4.5","4.8"
"30004","375","2015","2","12","2","43","4","3.85","3.6","4.2"
"30004","375","2015","2","12","3","43","4","3.95","3.7","4.2"
"30004","375","2015","2","12","4","43","4","4.05","3.9","4.1"
"30004","375","2015","2","12","5","43","4","4.08","4","4.2"
"30004","375","2015","2","12","6","43","4","3.98","3.7","4.4"
"30004","375","2015","2","12","7","43","4","3.97","3.8","4.3"
"30004","375","2015","2","12","8","43","4","3.92","3.8","4"
"30004","375","2015","2","12","9","43","4","4.12","4","4.4"
"30004","375","2015","2","12","10","43","4","5.08","4.5","5.6"
"30004","375","2015","2","12","11","43","4","6.33","6.1","6.6"
"30004","375","2015","2","12","12","43","4","6.42","6.3","6.6"
"30004","375","2015","2","12","13","43","4","5.75","5.2","6"
"30004","375","2015","2","12","14","43","4","3.4","2.4","4.1"
"30004","375","2015","2","12","15","43","4","2.45","2.3","2.5"
"30004","375","2015","2","12","16","43","4","1.7","1.2","2"
"30004","375","2015","2","12","17","43","4","0.28","-0.2","0.8"
"30004","375","2015","2","12","18","43","4","-0.85","-1.2","-0.4"
"30004","375","2015","2","12","19","43","4","-1.52","-1.7","-1.3"
"30004","375","2015","2","12","20","43","4","-2.08","-2.2","-1.9"
"30004","375","2015","2","12","21","43","4","-2.45","-2.6","-2.3"
"30004","375","2015","2","12","22","43","4","-2.92","-3.1","-2.7"
"30004","375","2015","2","12","23","43","4","-3.45","-3.6","-3.3"
"30004","375","2015","2","13","0","44","4","-3.88","-4.1","-3.7"
"30004","375","2015","2","13","1","44","4","-4","-4.1","-3.9"
"30004","375","2015","2","13","2","44","4","-3.97","-4.1","-3.9"
"30004","375","2015","2","13","3","44","4","-4.2","-4.2","-4.2"
"30004","375","2015","2","13","4","44","4","-4.28","-4.4","-4.2"
"30004","375","2015","2","13","5","44","4","-4.55","-4.7","-4.4"
"30004","375","2015","2","13","6","44","4","-4.53","-4.6","-4.5"
"30004","375","2015","2","13","7","44","4","-4.5","-4.6","-4.4"
"30004","375","2015","2","13","8","44","4","-3.95","-4.3","-3.4"
"30004","375","2015","2","13","9","44","4","-3.02","-3.2","-2.8"
"30004","375","2015","2","13","10","44","4","-1.92","-2.3","-1.5"
"30004","375","2015","2","13","11","44","4","0.03","-1","1.1"
"30004","375","2015","2","13","12","44","4","1.73","1.1","2.3"
"30004","375","2015","2","13","13","44","4","2.77","2.5","3.2"
"30004","375","2015","2","13","14","44","4","3.48","3.4","3.6"
"30004","375","2015","2","13","15","44","4","4.17","3.8","4.5"
"30004","375","2015","2","13","16","44","4","5","4.8","5.3"
"30004","375","2015","2","13","17","44","4","4.08","3.7","4.5"
"30004","375","2015","2","13","18","44","4","2.23","1.1","3.3"
"30004","375","2015","2","13","19","44","4","-0.25","-0.9","0.4"
"30004","375","2015","2","13","20","44","4","-1.57","-1.9","-1.2"
"30004","375","2015","2","13","21","44","4","-2.15","-2.3","-2"
"30004","375","2015","2","13","22","44","4","-2.42","-2.5","-2.4"
"30004","375","2015","2","13","23","44","4","-2.5","-2.5","-2.5"
"30004","375","2015","2","14","0","45","4","-2.83","-3","-2.6"
"30004","375","2015","2","14","1","45","4","-3.15","-3.3","-3"
"30004","375","2015","2","14","2","45","4","-3.5","-3.7","-3.3"
"30004","375","2015","2","14","3","45","4","-3.8","-3.9","-3.7"
"30004","375","2015","2","14","4","45","4","-3.92","-4","-3.9"
"30004","375","2015","2","14","5","45","4","-4.12","-4.2","-4"
"30004","375","2015","2","14","6","45","4","-4.33","-4.4","-4.2"
"30004","375","2015","2","14","7","45","4","-4.33","-4.4","-4.2"
"30004","375","2015","2","14","8","45","4","-2.67","-4.1","-1"
"30004","375","2015","2","14","9","45","4","1.6","0.4","2.5"
"30004","375","2015","2","14","10","45","4","3.83","2.9","4.7"
"30004","375","2015","2","14","11","45","4","6.42","5.8","7"
"30004","375","2015","2","14","12","45","4","8.47","7.8","9.1"
"30004","375","2015","2","14","13","45","4","10.62","9.8","11.3"
"30004","375","2015","2","14","14","45","4","11.85","11.4","12.2"
"30004","375","2015","2","14","15","45","4","12.88","12.4","13.2"
"30004","375","2015","2","14","16","45","4","13.43","13.4","13.5"
"30004","375","2015","2","14","17","45","4","12.83","12.8","12.9"
"30004","375","2015","2","14","18","45","4","12.38","12.2","12.7"
"30004","375","2015","2","14","19","45","4","12.1","12.1","12.1"
"30004","375","2015","2","14","20","45","4","11.95","11.6","12.2"
"30004","375","2015","2","14","21","45","4","10.3","9.2","11.2"
"30004","375","2015","2","14","22","45","4","8.1","7.3","8.8"
"30004","375","2015","2","14","23","45","4","5.42","4.3","6.6"
"30004","375","2015","2","15","0","46","4","3.12","2.2","3.8"
"30004","375","2015","2","15","1","46","4","0.42","-0.5","1.5"
"30004","375","2015","2","15","2","46","4","-1.48","-2","-0.9"
"30004","375","2015","2","15","3","46","4","-2.88","-3.4","-2.4"
"30004","375","2015","2","15","4","46","4","-4.28","-4.8","-3.7"
"30004","375","2015","2","15","5","46","4","-5.7","-6.1","-5.2"
"30004","375","2015","2","15","6","46","4","-6.33","-6.5","-6.2"
"30004","375","2015","2","15","7","46","4","-6.62","-6.7","-6.5"
"30004","375","2015","2","15","8","46","4","-6.33","-6.6","-6"
"30004","375","2015","2","15","9","46","4","-4.97","-5.6","-4.4"
"30004","375","2015","2","15","10","46","4","-3.48","-4.2","-2.6"
"30004","375","2015","2","15","11","46","4","-1.3","-2.1","-0.5"
"30004","375","2015","2","15","12","46","4","0.48","0","0.8"
"30004","375","2015","2","15","13","46","4","1.55","1.1","2"
"30004","375","2015","2","15","14","46","4","2.77","2.1","3.1"
"30004","375","2015","2","15","15","46","4","3.33","3.1","3.6"
"30004","375","2015","2","15","16","46","4","2.67","2.4","2.9"
"30004","375","2015","2","15","17","46","4","1.77","1.4","2.1"
"30004","375","2015","2","15","18","46","4","0.68","0.3","1.1"
"30004","375","2015","2","15","19","46","4","-0.08","-0.3","0.1"
"30004","375","2015","2","15","20","46","4","-0.5","-0.7","-0.3"
"30004","375","2015","2","15","21","46","4","-0.9","-1","-0.8"
"30004","375","2015","2","15","22","46","4","-1.18","-1.4","-1"
"30004","375","2015","2","15","23","46","4","-1.05","-1.3","-0.8"
"30004","375","2015","2","16","0","47","4","-0.62","-0.7","-0.6"
"30004","375","2015","2","16","1","47","4","-0.15","-0.4","0.1"
"30004","375","2015","2","16","2","47","4","0.45","0.3","0.6"
"30004","375","2015","2","16","3","47","4","0.78","0.7","0.8"
"30004","375","2015","2","16","4","47","4","0.9","0.7","1"
"30004","375","2015","2","16","5","47","4","0.12","0","0.4"
"30004","375","2015","2","16","6","47","4","0.1","-0.1","0.2"
"30004","375","2015","2","16","7","47","4","0.1","0","0.2"
"30004","375","2015","2","16","8","47","4","0.6","0.3","0.9"
"30004","375","2015","2","16","9","47","4","1.48","1.1","1.9"
"30004","375","2015","2","16","10","47","4","2.02","2","2.1"
"30004","375","2015","2","16","11","47","4","1.07","0.9","1.5"
"30004","375","2015","2","16","12","47","4","1.1","0.9","1.2"
"30004","375","2015","2","16","13","47","4","0.48","0.2","0.7"
"30004","375","2015","2","16","14","47","4","-0.25","-0.5","0"
"30004","375","2015","2","16","15","47","4","-0.7","-0.7","-0.7"
"30004","375","2015","2","16","16","47","4","-0.78","-0.8","-0.7"
"30004","375","2015","2","16","17","47","4","-0.62","-0.7","-0.5"
"30004","375","2015","2","16","18","47","4","-0.48","-0.5","-0.4"
"30004","375","2015","2","16","19","47","4","-0.32","-0.4","-0.3"
"30004","375","2015","2","16","20","47","4","-0.22","-0.3","-0.2"
"30004","375","2015","2","16","21","47","4","-0.15","-0.2","-0.1"
"30004","375","2015","2","16","22","47","4","-0.1","-0.1","-0.1"
"30004","375","2015","2","16","23","47","4","-0.1","-0.1","-0.1"
"30004","375","2015","2","17","0","48","4","-0.1","-0.1","-0.1"
"30004","375","2015","2","17","1","48","4","-0.1","-0.1","-0.1"
"30004","375","2015","2","17","2","48","4","-0.05","-0.1","0.1"
"30004","375","2015","2","17","3","48","4","0.15","0.1","0.2"
"30004","375","2015","2","17","4","48","4","-0.22","-0.5","0"
"30004","375","2015","2","17","5","48","4","-1.05","-1.3","-0.8"
"30004","375","2015","2","17","6","48","4","-2.17","-2.8","-1.6"
"30004","375","2015","2","17","7","48","4","-3.2","-3.3","-3.1"
"30004","375","2015","2","17","8","48","4","-3.85","-4.1","-3.6"
"30004","375","2015","2","17","9","48","4","-3.9","-4","-3.8"
"30004","375","2015","2","17","10","48","4","-3.7","-3.8","-3.6"
"30004","375","2015","2","17","11","48","4","-3.55","-3.7","-3.4"
"30004","375","2015","2","17","12","48","4","-2.88","-3.1","-2.7"
"30004","375","2015","2","17","13","48","4","-2.1","-2.6","-1.6"
"30004","375","2015","2","17","14","48","4","-1.45","-1.6","-1.1"
"30004","375","2015","2","17","15","48","4","-0.42","-0.8","-0.1"
"30004","375","2015","2","17","16","48","4","0.18","0","0.4"
"30004","375","2015","2","17","17","48","4","-0.78","-1.4","-0.3"
"30004","375","2015","2","17","18","48","4","-2.3","-2.8","-1.7"
"30004","375","2015","2","17","19","48","4","-3.23","-3.3","-3.1"
"30004","375","2015","2","17","20","48","4","-3.45","-3.5","-3.4"
"30004","375","2015","2","17","21","48","4","-3.73","-3.9","-3.5"
"30004","375","2015","2","17","22","48","4","-4.17","-4.4","-4"
"30004","375","2015","2","17","23","48","4","-4.83","-5","-4.6"
"30004","375","2015","2","18","0","49","4","-5.08","-5.2","-5"
"30004","375","2015","2","18","1","49","4","-5.42","-5.6","-5.2"
"30004","375","2015","2","18","2","49","4","-5.88","-6.1","-5.7"
"30004","375","2015","2","18","3","49","4","-6.35","-6.5","-6.2"
"30004","375","2015","2","18","4","49","4","-6.75","-6.9","-6.6"
"30004","375","2015","2","18","5","49","4","-6.9","-6.9","-6.9"
"30004","375","2015","2","18","6","49","4","-7","-7.1","-6.9"
"30004","375","2015","2","18","7","49","4","-6.83","-7","-6.5"
"30004","375","2015","2","18","8","49","4","-5.35","-5.9","-5"
"30004","375","2015","2","18","9","49","4","-4.22","-4.6","-3.6"
"30004","375","2015","2","18","10","49","4","-2.73","-3","-2.4"
"30004","375","2015","2","18","11","49","4","-1.38","-1.8","-0.8"
"30004","375","2015","2","18","12","49","4","-0.12","-0.4","0.1"
"30004","375","2015","2","18","13","49","4","-0.48","-0.9","-0.3"
"30004","375","2015","2","18","14","49","4","0.28","-0.3","0.8"
"30004","375","2015","2","18","15","49","4","0.1","-0.1","0.3"
"30004","375","2015","2","18","16","49","4","-0.55","-0.7","-0.3"
"30004","375","2015","2","18","17","49","4","-1.35","-1.8","-0.8"
"30004","375","2015","2","18","18","49","4","-2.33","-2.8","-1.9"
"30004","375","2015","2","18","19","49","4","-3.35","-3.7","-3.1"
"30004","375","2015","2","18","20","49","4","-4.65","-5","-4.3"
"30004","375","2015","2","18","21","49","4","-5.45","-5.7","-5.2"
"30004","375","2015","2","18","22","49","4","-6.23","-6.4","-5.9"
"30004","375","2015","2","18","23","49","4","-6.6","-6.9","-6.3"
"30004","375","2015","2","19","0","50","4","-7.33","-7.5","-7.1"
"30004","375","2015","2","19","1","50","4","-7.97","-8.3","-7.6"
"30004","375","2015","2","19","2","50","4","-8.7","-8.9","-8.5"
"30004","375","2015","2","19","3","50","4","-9.28","-9.5","-9.1"
"30004","375","2015","2","19","4","50","4","-9.95","-10.2","-9.7"
"30004","375","2015","2","19","5","50","4","-10.55","-10.7","-10.4"
"30004","375","2015","2","19","6","50","4","-11.2","-11.5","-10.9"
"30004","375","2015","2","19","7","50","4","-12","-12.4","-11.6"
"30004","375","2015","2","19","8","50","4","-12.47","-12.6","-12.4"
"30004","375","2015","2","19","9","50","4","-11.75","-12.1","-11.4"
"30004","375","2015","2","19","10","50","4","-10.32","-11","-9.5"
"30004","375","2015","2","19","11","50","4","-8.75","-9.1","-8.3"
"30004","375","2015","2","19","12","50","4","-7.6","-7.9","-7.1"
"30004","375","2015","2","19","13","50","4","-6.9","-7.3","-6.6"
"30004","375","2015","2","19","14","50","4","-6.17","-6.4","-6"
"30004","375","2015","2","19","15","50","4","-5.67","-6","-5.5"
"30004","375","2015","2","19","16","50","4","-5.05","-5.4","-4.9"
"30004","375","2015","2","19","17","50","4","-5.27","-5.8","-4.6"
"30004","375","2015","2","19","18","50","4","-6.3","-6.6","-6"
"30004","375","2015","2","19","19","50","4","-7.1","-7.4","-6.8"
"30004","375","2015","2","19","20","50","4","-8","-8.3","-7.7"
"30004","375","2015","2","19","21","50","4","-8.72","-9","-8.5"
"30004","375","2015","2","19","22","50","4","-9.35","-9.6","-9.1"
"30004","375","2015","2","19","23","50","4","-9.82","-9.9","-9.7"
"30004","375","2015","2","20","0","51","4","-10.15","-10.3","-10"
"30004","375","2015","2","20","1","51","4","-10.47","-10.5","-10.4"
"30004","375","2015","2","20","2","51","4","-10.65","-10.7","-10.6"
"30004","375","2015","2","20","3","51","4","-10.75","-10.8","-10.7"
"30004","375","2015","2","20","4","51","4","-10.72","-10.8","-10.7"
"30004","375","2015","2","20","5","51","4","-10.5","-10.6","-10.4"
"30004","375","2015","2","20","6","51","4","-10.07","-10.2","-10"
"30004","375","2015","2","20","7","51","4","-9.72","-9.9","-9.5"
"30004","375","2015","2","20","8","51","4","-9.12","-9.4","-8.8"
"30004","375","2015","2","20","9","51","4","-8.25","-8.7","-7.8"
"30004","375","2015","2","20","10","51","4","-6.53","-7.4","-5.7"
"30004","375","2015","2","20","11","51","4","-4.08","-5","-3"
"30004","375","2015","2","20","12","51","4","-1.88","-2.5","-1.5"
"30004","375","2015","2","20","13","51","4","-0.85","-0.9","-0.7"
"30004","375","2015","2","20","14","51","4","-0.72","-0.9","-0.6"
"30004","375","2015","2","20","15","51","4","-0.62","-0.8","-0.5"
"30004","375","2015","2","20","16","51","4","-0.25","-0.4","-0.1"
"30004","375","2015","2","20","17","51","4","-0.2","-0.4","-0.1"
"30004","375","2015","2","20","18","51","4","-0.45","-0.7","-0.3"
"30004","375","2015","2","20","19","51","4","-1.48","-1.7","-1"
"30004","375","2015","2","20","20","51","4","-1.55","-1.6","-1.5"
"30004","375","2015","2","20","21","51","4","-1.5","-1.5","-1.5"
"30004","375","2015","2","20","22","51","4","-1.58","-1.6","-1.5"
"30004","375","2015","2","20","23","51","4","-1.6","-1.6","-1.6"
"30004","375","2015","2","21","0","52","4","-1.48","-1.5","-1.4"
"30004","375","2015","2","21","1","52","4","-1.32","-1.4","-1.3"
"30004","375","2015","2","21","2","52","4","-1.55","-1.6","-1.5"
"30004","375","2015","2","21","3","52","4","-1.25","-1.4","-1.1"
"30004","375","2015","2","21","4","52","4","-0.9","-1","-0.7"
"30004","375","2015","2","21","5","52","4","-0.7","-0.7","-0.7"
"30004","375","2015","2","21","6","52","4","-0.8","-0.9","-0.7"
"30004","375","2015","2","21","7","52","4","-0.72","-0.8","-0.6"
"30004","375","2015","2","21","8","52","4","-0.22","-0.5","0.2"
"30004","375","2015","2","21","9","52","4","0.78","0.6","0.9"
"30004","375","2015","2","21","10","52","4","1.18","0.9","1.6"
"30004","375","2015","2","21","11","52","4","2.5","2.1","2.9"
"30004","375","2015","2","21","12","52","4","4.22","3.4","5"
"30004","375","2015","2","21","13","52","4","5.75","5.6","6"
"30004","375","2015","2","21","14","52","4","6.2","6.1","6.3"
"30004","375","2015","2","21","15","52","4","6.53","6.3","6.8"
"30004","375","2015","2","21","16","52","4","6.75","6.4","6.9"
"30004","375","2015","2","21","17","52","4","5.28","4.7","5.9"
"30004","375","2015","2","21","18","52","4","4.28","4.1","4.5"
"30004","375","2015","2","21","19","52","4","4.05","4","4.1"
"30004","375","2015","2","21","20","52","4","3.85","3.5","4.1"
"30004","375","2015","2","21","21","52","4","2.6","2.3","2.9"
"30004","375","2015","2","21","22","52","4","2.27","2.2","2.4"
"30004","375","2015","2","21","23","52","4","2.65","2.6","2.7"
"30004","375","2015","2","22","0","53","4","3.1","2.8","3.4"
"30004","375","2015","2","22","1","53","4","3.52","3.5","3.6"
"30004","375","2015","2","22","2","53","4","4.3","4.1","4.4"
"30004","375","2015","2","22","3","53","4","4.12","3.9","4.3"
"30004","375","2015","2","22","4","53","4","3.97","3.8","4.1"
"30004","375","2015","2","22","5","53","4","4.75","4.5","5"
"30004","375","2015","2","22","6","53","4","4.97","4.8","5.1"
"30004","375","2015","2","22","7","53","4","4.88","4.8","5"
"30004","375","2015","2","22","8","53","4","5.42","5.1","5.9"
"30004","375","2015","2","22","9","53","4","6.35","6","6.7"
"30004","375","2015","2","22","10","53","4","7.08","6.8","7.5"
"30004","375","2015","2","22","11","53","4","8.03","7.7","8.4"
"30004","375","2015","2","22","12","53","4","8.85","8.6","9.1"
"30004","375","2015","2","22","13","53","4","9.38","9.2","9.5"
"30004","375","2015","2","22","14","53","4","9.88","9.7","10.1"
"30004","375","2015","2","22","15","53","4","10.12","10.1","10.2"
"30004","375","2015","2","22","16","53","4","10.18","10.1","10.3"
"30004","375","2015","2","22","17","53","4","10.3","10.1","10.4"
"30004","375","2015","2","22","18","53","4","9.75","9.6","9.8"
"30004","375","2015","2","22","19","53","4","9.75","9.6","9.9"
"30004","375","2015","2","22","20","53","4","9.4","9","9.7"
"30004","375","2015","2","22","21","53","4","8.12","7.7","8.7"
"30004","375","2015","2","22","22","53","4","7.25","7","7.5"
"30004","375","2015","2","22","23","53","4","6.65","6.4","6.8"
"30004","375","2015","2","23","0","54","4","6.03","5.8","6.3"
"30004","375","2015","2","23","1","54","4","5.42","5.2","5.7"
"30004","375","2015","2","23","2","54","4","4.67","4.3","5.1"
"30004","375","2015","2","23","3","54","4","3.73","3.6","4"
"30004","375","2015","2","23","4","54","4","3.3","3","3.6"
"30004","375","2015","2","23","5","54","4","2.75","2.6","2.9"
"30004","375","2015","2","23","6","54","4","2.42","2.3","2.5"
"30004","375","2015","2","23","7","54","4","2.32","2.3","2.4"
"30004","375","2015","2","23","8","54","4","2.85","2.5","3.1"
"30004","375","2015","2","23","9","54","4","2.92","2.8","3.2"
"30004","375","2015","2","23","10","54","4","3.98","3.6","4.3"
"30004","375","2015","2","23","11","54","4","4.88","4.3","5.4"
"30004","375","2015","2","23","12","54","4","6.12","5.5","6.6"
"30004","375","2015","2","23","13","54","4","7","6.6","7.5"
"30004","375","2015","2","23","14","54","4","7.9","7.5","8.2"
"30004","375","2015","2","23","15","54","4","7.93","7.5","8.3"
"30004","375","2015","2","23","16","54","4","7.15","6.7","7.5"
"30004","375","2015","2","23","17","54","4","5.7","5.2","6.2"
"30004","375","2015","2","23","18","54","4","4.12","3.7","4.7"
"30004","375","2015","2","23","19","54","4","3.25","3","3.5"
"30004","375","2015","2","23","20","54","4","2.55","2.5","2.7"
"30004","375","2015","2","23","21","54","4","2.35","2.3","2.4"
"30004","375","2015","2","23","22","54","4","2.02","1.9","2.2"
"30004","375","2015","2","23","23","54","4","1.65","1.6","1.7"
"30004","375","2015","2","24","0","55","4","1.3","1.2","1.4"
"30004","375","2015","2","24","1","55","4","1.12","0.9","1.2"
"30004","375","2015","2","24","2","55","4","0.38","0.2","0.6"
"30004","375","2015","2","24","3","55","4","-0.05","-0.1","0.1"
"30004","375","2015","2","24","4","55","4","-0.08","-0.1","0"
"30004","375","2015","2","24","5","55","4","-0.2","-0.2","-0.2"
"30004","375","2015","2","24","6","55","4","-0.2","-0.2","-0.2"
"30004","375","2015","2","24","7","55","4","-0.15","-0.2","-0.1"
"30004","375","2015","2","24","8","55","4","-0.18","-0.2","-0.1"
"30004","375","2015","2","24","9","55","4","-0.15","-0.3","-0.1"
"30004","375","2015","2","24","10","55","4","-0.25","-0.3","-0.2"
"30004","375","2015","2","24","11","55","4","-0.05","-0.2","0.1"
"30004","375","2015","2","24","12","55","4","0.1","0","0.3"
"30004","375","2015","2","24","13","55","4","0.08","0","0.1"
"30004","375","2015","2","24","14","55","4","0.4","0.2","0.8"
"30004","375","2015","2","24","15","55","4","0.52","0.5","0.6"
"30004","375","2015","2","24","16","55","4","0.6","0.5","0.7"
"30004","375","2015","2","24","17","55","4","0.7","0.6","0.8"
"30004","375","2015","2","24","18","55","4","0.68","0.6","0.8"
"30004","375","2015","2","24","19","55","4","0.2","0","0.5"
"30004","375","2015","2","24","20","55","4","-0.4","-0.7","-0.1"
"30004","375","2015","2","24","21","55","4","-1.18","-1.3","-1"
"30004","375","2015","2","24","22","55","4","-1.32","-1.4","-1.2"
"30004","375","2015","2","24","23","55","4","-1.07","-1.3","-0.8"
"30004","375","2015","2","25","0","56","4","-0.9","-1","-0.8"
"30004","375","2015","2","25","1","56","4","-1.25","-1.4","-1"
"30004","375","2015","2","25","2","56","4","-1.55","-1.6","-1.5"
"30004","375","2015","2","25","3","56","4","-1.55","-1.6","-1.5"
"30004","375","2015","2","25","4","56","4","-1.38","-1.4","-1.3"
"30004","375","2015","2","25","5","56","4","-1.57","-1.8","-1.3"
"30004","375","2015","2","25","6","56","4","-2.33","-2.6","-2"
"30004","375","2015","2","25","7","56","4","-2.5","-2.6","-2.3"
"30004","375","2015","2","25","8","56","4","-1.62","-2","-1.3"
"30004","375","2015","2","25","9","56","4","-0.82","-1","-0.7"
"30004","375","2015","2","25","10","56","4","-0.08","-0.5","0.3"
"30004","375","2015","2","25","11","56","4","1.38","0.9","1.8"
"30004","375","2015","2","25","12","56","4","2.02","1.5","2.5"
"30004","375","2015","2","25","13","56","4","2.33","2.2","2.4"
"30004","375","2015","2","25","14","56","4","2.25","2.2","2.3"
"30004","375","2015","2","25","15","56","4","1.35","0.5","2.1"
"30004","375","2015","2","25","16","56","4","0.2","0.1","0.3"
"30004","375","2015","2","25","17","56","4","0","0","0"
"30004","375","2015","2","25","18","56","4","0.12","0","0.2"
"30004","375","2015","2","25","19","56","4","0.32","0.2","0.4"
"30004","375","2015","2","25","20","56","4","0.28","0.2","0.4"
"30004","375","2015","2","25","21","56","4","0.22","0.2","0.3"
"30004","375","2015","2","25","22","56","4","0.22","0.2","0.3"
"30004","375","2015","2","25","23","56","4","0","-0.1","0.1"
"30004","375","2015","2","26","0","57","4","0","0","0"
"30004","375","2015","2","26","1","57","4","-0.02","-0.1","0"
"30004","375","2015","2","26","2","57","4","0","-0.1","0.1"
"30004","375","2015","2","26","3","57","4","0.2","0.2","0.2"
"30004","375","2015","2","26","4","57","4","-0.2","-0.5","0.2"
"30004","375","2015","2","26","5","57","4","-0.35","-0.6","-0.2"
"30004","375","2015","2","26","6","57","4","-0.35","-0.5","-0.2"
"30004","375","2015","2","26","7","57","4","-0.6","-0.7","-0.5"
"30004","375","2015","2","26","8","57","4","-0.95","-1.2","-0.7"
"30004","375","2015","2","26","9","57","4","-0.88","-1.1","-0.7"
"30004","375","2015","2","26","10","57","4","-0.38","-0.4","-0.3"
"30004","375","2015","2","26","11","57","4","0.38","0.1","0.5"
"30004","375","2015","2","26","12","57","4","0.75","0.4","1"
"30004","375","2015","2","26","13","57","4","1.23","1.2","1.3"
"30004","375","2015","2","26","14","57","4","1.62","1.4","1.9"
"30004","375","2015","2","26","15","57","4","2.3","2.2","2.4"
"30004","375","2015","2","26","16","57","4","2.52","2.4","2.7"
"30004","375","2015","2","26","17","57","4","2.42","2.3","2.5"
"30004","375","2015","2","26","18","57","4","1.88","1.8","2"
"30004","375","2015","2","26","19","57","4","1.4","1.3","1.6"
"30004","375","2015","2","26","20","57","4","1.1","0.9","1.2"
"30004","375","2015","2","26","21","57","4","0.32","-0.5","1"
"30004","375","2015","2","26","22","57","4","-1.07","-1.5","-0.7"
"30004","375","2015","2","26","23","57","4","-1.75","-1.8","-1.7"
"30004","375","2015","2","27","0","58","4","-1.95","-2.1","-1.8"
"30004","375","2015","2","27","1","58","4","-2.33","-2.5","-2.2"
"30004","375","2015","2","27","2","58","4","-2.65","-2.8","-2.5"
"30004","375","2015","2","27","3","58","4","-2.95","-3.1","-2.8"
"30004","375","2015","2","27","4","58","4","-3.2","-3.3","-3.1"
"30004","375","2015","2","27","5","58","4","-3.42","-3.5","-3.3"
"30004","375","2015","2","27","6","58","4","-3.42","-3.5","-3.3"
"30004","375","2015","2","27","7","58","4","-3.25","-3.5","-2.9"
"30004","375","2015","2","27","8","58","4","-2.05","-2.6","-1.4"
"30004","375","2015","2","27","9","58","4","-0.2","-0.9","0.5"
"30004","375","2015","2","27","10","58","4","1.88","1","2.5"
"30004","375","2015","2","27","11","58","4","3.67","2.9","4.2"
"30004","375","2015","2","27","12","58","4","5.03","4.5","5.6"
"30004","375","2015","2","27","13","58","4","5.97","5.6","6.3"
"30004","375","2015","2","27","14","58","4","6.55","6.2","6.9"
"30004","375","2015","2","27","15","58","4","6.92","6.6","7.3"
"30004","375","2015","2","27","16","58","4","7.08","6.7","7.3"
"30004","375","2015","2","27","17","58","4","5.62","4.7","6.4"
"30004","375","2015","2","27","18","58","4","3.65","3.1","4.3"
"30004","375","2015","2","27","19","58","4","1.98","1.4","2.5"
"30004","375","2015","2","27","20","58","4","0.55","-0.1","1.1"
"30004","375","2015","2","27","21","58","4","-1.02","-1.5","-0.5"
"30004","375","2015","2","27","22","58","4","-1.6","-1.7","-1.5"
"30004","375","2015","2","27","23","58","4","-1.58","-1.6","-1.5"
"30004","375","2015","2","28","0","59","4","-1.75","-1.9","-1.6"
"30004","375","2015","2","28","1","59","4","-1.92","-2","-1.9"
"30004","375","2015","2","28","2","59","4","-2.35","-2.4","-2.3"
"30004","375","2015","2","28","3","59","4","-2.55","-2.6","-2.5"
"30004","375","2015","2","28","4","59","4","-1.02","-2.2","1.1"
"30004","375","2015","2","28","5","59","4","2.02","2","2.1"
"30004","375","2015","2","28","6","59","4","1.9","1.8","2"
"30004","375","2015","2","28","7","59","4","1.7","1.7","1.7"
"30004","375","2015","2","28","8","59","4","1.95","1.7","2.2"
"30004","375","2015","2","28","9","59","4","2.58","2.3","2.8"
"30004","375","2015","2","28","10","59","4","4.08","3.4","4.5"
"30004","375","2015","2","28","11","59","4","5.42","4.7","6.3"
"30004","375","2015","2","28","12","59","4","6.67","6.3","7.2"
"30004","375","2015","2","28","13","59","4","7.85","7.5","8.3"
"30004","375","2015","2","28","14","59","4","9.12","8.9","9.5"
"30004","375","2015","2","28","15","59","4","10.07","9.8","10.3"
"30004","375","2015","2","28","16","59","4","10.75","10.6","10.8"
"30004","375","2015","2","28","17","59","4","9.55","8.8","10.2"
"30004","375","2015","2","28","18","59","4","8.03","7.5","8.5"
"30004","375","2015","2","28","19","59","4","6.65","6.1","7.2"
"30004","375","2015","2","28","20","59","4","5.8","5.8","5.8"
"30004","375","2015","2","28","21","59","4","5.83","5.7","5.9"
"30004","375","2015","2","28","22","59","4","5.45","5.3","5.6"
"30004","375","2015","2","28","23","59","4","5.05","4.9","5.2"
"30004","375","2015","3","1","0","60","4","4.3","4","4.7"
"30004","375","2015","3","1","1","60","4","3.33","3.1","3.4"
"30004","375","2015","3","1","2","60","4","2.52","2.4","2.7"
"30004","375","2015","3","1","3","60","4","2.2","2.1","2.4"
"30004","375","2015","3","1","4","60","4","1.98","1.9","2"
"30004","375","2015","3","1","5","60","4","1.9","1.9","1.9"
"30004","375","2015","3","1","6","60","4","1.92","1.9","2"
"30004","375","2015","3","1","7","60","4","1.9","1.9","1.9"
"30004","375","2015","3","1","8","60","4","2.33","2","2.7"
"30004","375","2015","3","1","9","60","4","3.23","2.9","3.5"
"30004","375","2015","3","1","10","60","4","3.58","3.5","3.6"
"30004","375","2015","3","1","11","60","4","4.08","3.7","4.4"
"30004","375","2015","3","1","12","60","4","4.7","4.4","5"
"30004","375","2015","3","1","13","60","4","6.12","5.6","6.4"
"30004","375","2015","3","1","14","60","4","7.45","6.7","8.1"
"30004","375","2015","3","1","15","60","4","8.4","8.2","8.6"
"30004","375","2015","3","1","16","60","4","8.65","8.6","8.7"
"30004","375","2015","3","1","17","60","4","8.57","8.5","8.6"
"30004","375","2015","3","1","18","60","4","8.15","7.9","8.4"
"30004","375","2015","3","1","19","60","4","7.5","7","7.9"
"30004","375","2015","3","1","20","60","4","7.2","7.1","7.3"
"30004","375","2015","3","1","21","60","4","6.97","6.9","7"
"30004","375","2015","3","1","22","60","4","6.85","6.8","6.9"
"30004","375","2015","3","1","23","60","4","6.9","6.9","6.9"
"30004","375","2015","3","2","0","61","4","6.85","6.8","6.9"
"30004","375","2015","3","2","1","61","4","6.75","6.7","6.8"
"30004","375","2015","3","2","2","61","4","6.8","6.8","6.8"
"30004","375","2015","3","2","3","61","4","6.8","6.8","6.8"
"30004","375","2015","3","2","4","61","4","7","7","7"
"30004","375","2015","3","2","5","61","4","6.93","6.9","7"
"30004","375","2015","3","2","6","61","4","7.08","7","7.2"
"30004","375","2015","3","2","7","61","4","7.53","7.3","7.7"
"30004","375","2015","3","2","8","61","4","8.12","7.8","8.6"
"30004","375","2015","3","2","9","61","4","9.8","9.1","10.6"
"30004","375","2015","3","2","10","61","4","12.75","11.5","13.6"
"30004","375","2015","3","2","11","61","4","13.82","13.5","14.4"
"30004","375","2015","3","2","12","61","4","14.6","14.3","14.8"
"30004","375","2015","3","2","13","61","4","15.57","15.4","15.7"
"30004","375","2015","3","2","14","61","4","16.25","15.9","16.6"
"30004","375","2015","3","2","15","61","4","16.48","16.2","17.1"
"30004","375","2015","3","2","16","61","4","16.48","15.9","17"
"30004","375","2015","3","2","17","61","4","15.38","14.6","15.9"
"30004","375","2015","3","2","18","61","4","13.9","13.4","14.4"
"30004","375","2015","3","2","19","61","4","12.47","12.1","13"
"30004","375","2015","3","2","20","61","4","11.5","11.2","11.8"
"30004","375","2015","3","2","21","61","4","10.93","10.7","11.1"
"30004","375","2015","3","2","22","61","4","10.45","10.2","10.6"
"30004","375","2015","3","2","23","61","4","9.7","9.6","9.9"
"30004","375","2015","3","3","0","62","4","9.75","9.6","9.9"
"30004","375","2015","3","3","1","62","4","9.5","9.2","9.6"
"30004","375","2015","3","3","2","62","4","9.32","9.1","9.5"
"30004","375","2015","3","3","3","62","4","9.65","9.6","9.7"
"30004","375","2015","3","3","4","62","4","9.9","9.7","10"
"30004","375","2015","3","3","5","62","4","10.75","10.3","11.1"
"30004","375","2015","3","3","6","62","4","10.43","10.1","10.6"
"30004","375","2015","3","3","7","62","4","9.2","8.8","9.6"
"30004","375","2015","3","3","8","62","4","8.43","8.2","8.6"
"30004","375","2015","3","3","9","62","4","8.22","8.2","8.3"
"30004","375","2015","3","3","10","62","4","8","7.8","8.2"
"30004","375","2015","3","3","11","62","4","7.97","7.8","8.2"
"30004","375","2015","3","3","12","62","4","8.65","8.5","8.8"
"30004","375","2015","3","3","13","62","4","9.12","9","9.2"
"30004","375","2015","3","3","14","62","4","9.05","9","9.1"
"30004","375","2015","3","3","15","62","4","8.85","8.8","8.9"
"30004","375","2015","3","3","16","62","4","8.47","8.3","8.6"
"30004","375","2015","3","3","17","62","4","8.2","8.1","8.3"
"30004","375","2015","3","3","18","62","4","8.03","7.9","8.1"
"30004","375","2015","3","3","19","62","4","7.72","7.6","7.8"
"30004","375","2015","3","3","20","62","4","7.55","7.5","7.6"
"30004","375","2015","3","3","21","62","4","7.43","7.4","7.5"
"30004","375","2015","3","3","22","62","4","7.47","7.4","7.5"
"30004","375","2015","3","3","23","62","4","7.5","7.5","7.5"
"30004","375","2015","3","4","0","63","4","7.5","7.5","7.5"
"30004","375","2015","3","4","1","63","4","7.65","7.5","7.8"
"30004","375","2015","3","4","2","63","4","8.07","8","8.1"
"30004","375","2015","3","4","3","63","4","8.15","8.1","8.2"
"30004","375","2015","3","4","4","63","4","8.35","8.2","8.5"
"30004","375","2015","3","4","5","63","4","8.68","8.6","8.8"
"30004","375","2015","3","4","6","63","4","8.88","8.8","8.9"
"30004","375","2015","3","4","7","63","4","9.25","9.1","9.5"
"30004","375","2015","3","4","8","63","4","10.57","9.8","11.9"
"30004","375","2015","3","4","9","63","4","13.43","12.7","14.3"
"30004","375","2015","3","4","10","63","4","15.47","14.8","16.2"
"30004","375","2015","3","4","11","63","4","17.15","16.8","17.4"
"30004","375","2015","3","4","12","63","4","18.2","17.9","18.9"
"30004","375","2015","3","4","13","63","4","20.48","19.9","21"
"30004","375","2015","3","4","14","63","4","22.25","21.5","22.7"
"30004","375","2015","3","4","15","63","4","23.57","23","24"
"30004","375","2015","3","4","16","63","4","23.4","23.2","23.7"
"30004","375","2015","3","4","17","63","4","23.05","22.3","23.5"
"30004","375","2015","3","4","18","63","4","21.3","20.8","21.8"
"30004","375","2015","3","4","19","63","4","20.1","19.6","20.5"
"30004","375","2015","3","4","20","63","4","19.3","19.1","19.5"
"30004","375","2015","3","4","21","63","4","18.75","18.5","19.1"
"30004","375","2015","3","4","22","63","4","18.05","17.5","18.6"
"30004","375","2015","3","4","23","63","4","17.45","17.4","17.5"
"30004","375","2015","3","5","0","64","4","17.42","17.4","17.5"
"30004","375","2015","3","5","1","64","4","17.45","17.4","17.5"
"30004","375","2015","3","5","2","64","4","17.7","17.6","17.8"
"30004","375","2015","3","5","3","64","4","17.9","17.8","18"
"30004","375","2015","3","5","4","64","4","17.85","17.8","17.9"
"30004","375","2015","3","5","5","64","4","16.38","14.3","17.8"
"30004","375","2015","3","5","6","64","4","11.8","10.2","13.4"
"30004","375","2015","3","5","7","64","4","8.73","8.3","9.5"
"30004","375","2015","3","5","8","64","4","7.85","7.6","8.1"
"30004","375","2015","3","5","9","64","4","6.35","5.7","7.2"
"30004","375","2015","3","5","10","64","4","5.25","5","5.5"
"30004","375","2015","3","5","11","64","4","4.35","4.3","4.5"
"30004","375","2015","3","5","12","64","4","4.3","4.1","4.6"
"30004","375","2015","3","5","13","64","4","5","4.6","5.3"
"30004","375","2015","3","5","14","64","4","4.22","3.5","4.8"
"30004","375","2015","3","5","15","64","4","2.83","2.5","3.3"
"30004","375","2015","3","5","16","64","4","1.7","1","2.4"
"30004","375","2015","3","5","17","64","4","0.2","0","0.5"
"30004","375","2015","3","5","18","64","4","0.18","0.1","0.2"
"30004","375","2015","3","5","19","64","4","0.18","0","0.3"
"30004","375","2015","3","5","20","64","4","-0.5","-0.8","-0.2"
"30004","375","2015","3","5","21","64","4","-1.05","-1.2","-0.9"
"30004","375","2015","3","5","22","64","4","-1.6","-1.8","-1.4"
"30004","375","2015","3","5","23","64","4","-2.23","-2.5","-2"
"30004","375","2015","3","6","0","65","4","-2.55","-2.6","-2.5"
"30004","375","2015","3","6","1","65","4","-2.6","-2.6","-2.6"
"30004","375","2015","3","6","2","65","4","-2.73","-2.8","-2.6"
"30004","375","2015","3","6","3","65","4","-2.82","-2.9","-2.8"
"30004","375","2015","3","6","4","65","4","-2.73","-2.8","-2.7"
"30004","375","2015","3","6","5","65","4","-2.52","-2.6","-2.5"
"30004","375","2015","3","6","6","65","4","-2.38","-2.5","-2.3"
"30004","375","2015","3","6","7","65","4","-2.05","-2.3","-1.8"
"30004","375","2015","3","6","8","65","4","-1.18","-1.6","-0.7"
"30004","375","2015","3","6","9","65","4","0.92","0","1.8"
"30004","375","2015","3","6","10","65","4","3.47","2.4","4.3"
"30004","375","2015","3","6","11","65","4","5.28","4.8","5.7"
"30004","375","2015","3","6","12","65","4","6.53","6.3","6.7"
"30004","375","2015","3","6","13","65","4","7.17","6.8","7.6"
"30004","375","2015","3","6","14","65","4","7.7","7.3","8.2"
"30004","375","2015","3","6","15","65","4","8.47","7.8","9.2"
"30004","375","2015","3","6","16","65","4","8.75","8.7","8.8"
"30004","375","2015","3","6","17","65","4","7.88","7.1","8.6"
"30004","375","2015","3","6","18","65","4","5.95","5.1","6.7"
"30004","375","2015","3","6","19","65","4","4.12","3.7","4.6"
"30004","375","2015","3","6","20","65","4","2.45","2","3.1"
"30004","375","2015","3","6","21","65","4","1.85","1.6","2"
"30004","375","2015","3","6","22","65","4","0.4","-0.3","1.2"
"30004","375","2015","3","6","23","65","4","-1.02","-1.3","-0.7"
"30004","375","2015","3","7","0","66","4","-1.77","-2.1","-1.4"
"30004","375","2015","3","7","1","66","4","-2.1","-2.2","-2"
"30004","375","2015","3","7","2","66","4","-2.52","-2.6","-2.4"
"30004","375","2015","3","7","3","66","4","-2.75","-2.9","-2.6"
"30004","375","2015","3","7","4","66","4","-2.9","-3","-2.8"
"30004","375","2015","3","7","5","66","4","-3.02","-3.1","-3"
"30004","375","2015","3","7","6","66","4","-3.17","-3.4","-3"
"30004","375","2015","3","7","7","66","4","-3.22","-3.4","-2.9"
"30004","375","2015","3","7","8","66","4","-0.13","-2","1.9"
"30004","375","2015","3","7","9","66","4","5","3.2","6.8"
"30004","375","2015","3","7","10","66","4","8.85","7.5","10"
"30004","375","2015","3","7","11","66","4","11.68","11.1","12.2"
"30004","375","2015","3","7","12","66","4","13.47","12.6","14"
"30004","375","2015","3","7","13","66","4","14.32","14","14.7"
"30004","375","2015","3","7","14","66","4","15.05","14.8","15.4"
"30004","375","2015","3","7","15","66","4","15.38","15.2","15.5"
"30004","375","2015","3","7","16","66","4","15.55","15.4","15.7"
"30004","375","2015","3","7","17","66","4","14.68","14","15.3"
"30004","375","2015","3","7","18","66","4","12.2","10.4","13.5"
"30004","375","2015","3","7","19","66","4","7.9","6.7","9.2"
"30004","375","2015","3","7","20","66","4","5.72","5.2","6.3"
"30004","375","2015","3","7","21","66","4","4.33","3.9","4.8"
"30004","375","2015","3","7","22","66","4","3.15","2.7","3.6"
"30004","375","2015","3","7","23","66","4","2.1","1.7","2.5"
"30004","375","2015","3","8","0","67","4","1.15","0.8","1.5"
"30004","375","2015","3","8","1","67","4","0.32","0.1","0.6"
"30004","375","2015","3","8","2","67","4","-0.28","-0.5","0"
"30004","375","2015","3","8","3","67","4","-0.92","-1.3","-0.6"
"30004","375","2015","3","8","4","67","4","-1.48","-1.5","-1.4"
"30004","375","2015","3","8","5","67","4","-1.73","-1.9","-1.6"
"30004","375","2015","3","8","6","67","4","-2","-2.1","-1.9"
"30004","375","2015","3","8","7","67","4","-1.73","-2","-1.3"
"30004","375","2015","3","8","8","67","4","1.73","-0.3","3.8"
"30004","375","2015","3","8","9","67","4","8.93","5.9","11.8"
"30004","375","2015","3","8","10","67","4","14.2","13","15.1"
"30004","375","2015","3","8","11","67","4","16.45","15.9","17.3"
"30004","375","2015","3","8","12","67","4","18.27","18","18.4"
"30004","375","2015","3","8","13","67","4","19.55","18.6","20.2"
"30004","375","2015","3","8","14","67","4","20.57","20.4","20.8"
"30004","375","2015","3","8","15","67","4","21.2","21","21.5"
"30004","375","2015","3","8","16","67","4","20.77","20.1","21.3"
"30004","375","2015","3","8","17","67","4","19.27","18.2","19.9"
"30004","375","2015","3","8","18","67","4","16.4","15.1","17.6"
"30004","375","2015","3","8","19","67","4","14.18","13.8","14.6"
"30004","375","2015","3","8","20","67","4","12.95","12.7","13.3"
"30004","375","2015","3","8","21","67","4","12.38","12","12.7"
"30004","375","2015","3","8","22","67","4","11.9","11.8","12"
"30004","375","2015","3","8","23","67","4","12.18","11.4","13.6"
"30004","375","2015","3","9","0","68","4","13.45","13.1","13.8"
"30004","375","2015","3","9","1","68","4","11.93","11.4","12.7"
"30004","375","2015","3","9","2","68","4","10.82","10.6","11.1"
"30004","375","2015","3","9","3","68","4","10.32","10.2","10.5"
"30004","375","2015","3","9","4","68","4","9.97","9.8","10.1"
"30004","375","2015","3","9","5","68","4","9.8","9.7","9.9"
"30004","375","2015","3","9","6","68","4","9.75","9.6","9.9"
"30004","375","2015","3","9","7","68","4","10.07","10","10.1"
"30004","375","2015","3","9","8","68","4","11.2","10.3","12.1"
"30004","375","2015","3","9","9","68","4","12.68","12.5","13"
"30004","375","2015","3","9","10","68","4","13.93","13.4","14.4"
"30004","375","2015","3","9","11","68","4","15.85","15","16.9"
"30004","375","2015","3","9","12","68","4","17.7","17.4","18"
"30004","375","2015","3","9","13","68","4","18.48","18.1","18.9"
"30004","375","2015","3","9","14","68","4","18.6","18.4","18.8"
"30004","375","2015","3","9","15","68","4","18.18","17.8","18.5"
"30004","375","2015","3","9","16","68","4","17.18","17","17.4"
"30004","375","2015","3","9","17","68","4","16","15.5","16.6"
"30004","375","2015","3","9","18","68","4","14.35","13.1","15.3"
"30004","375","2015","3","9","19","68","4","12.22","12.1","12.5"
"30004","375","2015","3","9","20","68","4","12.4","12.3","12.5"
"30004","375","2015","3","9","21","68","4","11.77","11.6","12.2"
"30004","375","2015","3","9","22","68","4","11.6","11.5","11.7"
"30004","375","2015","3","9","23","68","4","11.9","11.8","12"
"30004","375","2015","3","10","0","69","4","11.95","11.9","12"
"30004","375","2015","3","10","1","69","4","11.95","11.9","12"
"30004","375","2015","3","10","2","69","4","11.93","11.9","12"
"30004","375","2015","3","10","3","69","4","11.97","11.9","12.1"
"30004","375","2015","3","10","4","69","4","12.05","12","12.1"
"30004","375","2015","3","10","5","69","4","12","11.9","12.1"
"30004","375","2015","3","10","6","69","4","11.88","11.8","11.9"
"30004","375","2015","3","10","7","69","4","11.55","11.2","11.9"
"30004","375","2015","3","10","8","69","4","11.57","11.3","11.9"
"30004","375","2015","3","10","9","69","4","12.57","12.1","13.1"
"30004","375","2015","3","10","10","69","4","14","13.4","14.9"
"30004","375","2015","3","10","11","69","4","15.9","15.4","16.5"
"30004","375","2015","3","10","12","69","4","17.75","17","18.4"
"30004","375","2015","3","10","13","69","4","18.57","18.4","18.7"
"30004","375","2015","3","10","14","69","4","19.65","18.8","20.3"
"30004","375","2015","3","10","15","69","4","21.18","20.6","22"
"30004","375","2015","3","10","16","69","4","22.23","21.8","22.7"
"30004","375","2015","3","10","17","69","4","20.75","19.9","21.5"
"30004","375","2015","3","10","18","69","4","18.67","18","19.4"
"30004","375","2015","3","10","19","69","4","17.32","16.9","17.8"
"30004","375","2015","3","10","20","69","4","16.55","16.4","16.7"
"30004","375","2015","3","10","21","69","4","15.9","15.6","16.3"
"30004","375","2015","3","10","22","69","4","15.03","14.7","15.4"
"30004","375","2015","3","10","23","69","4","14.68","14.5","14.8"
"30004","375","2015","3","11","0","70","4","14.05","13.7","14.3"
"30004","375","2015","3","11","1","70","4","13.15","13","13.4"
"30004","375","2015","3","11","2","70","4","12.8","12.7","12.9"
"30004","375","2015","3","11","3","70","4","12.78","12.7","12.8"
"30004","375","2015","3","11","4","70","4","12.68","12.6","12.8"
"30004","375","2015","3","11","5","70","4","12.67","12.6","12.7"
"30004","375","2015","3","11","6","70","4","12.03","11.7","12.4"
"30004","375","2015","3","11","7","70","4","12.12","11.6","12.9"
"30004","375","2015","3","11","8","70","4","14.78","13.5","16.3"
"30004","375","2015","3","11","9","70","4","18","17.2","19"
"30004","375","2015","3","11","10","70","4","19.7","19.3","20.2"
"30004","375","2015","3","11","11","70","4","20","19.9","20.2"
"30004","375","2015","3","11","12","70","4","19.72","18.4","20.4"
"30004","375","2015","3","11","13","70","4","17.55","17.5","17.6"
"30004","375","2015","3","11","14","70","4","17.5","17.3","17.9"
"30004","375","2015","3","11","15","70","4","18.45","18.2","18.8"
"30004","375","2015","3","11","16","70","4","19.18","19.1","19.3"
"30004","375","2015","3","11","17","70","4","19.12","19","19.2"
"30004","375","2015","3","11","18","70","4","17.73","16.7","18.6"
"30004","375","2015","3","11","19","70","4","15.68","15.1","16.3"
"30004","375","2015","3","11","20","70","4","14.57","14.4","14.8"
"30004","375","2015","3","11","21","70","4","14.07","13.9","14.2"
"30004","375","2015","3","11","22","70","4","13.43","13.1","13.7"
"30004","375","2015","3","11","23","70","4","12.8","12.6","13"
"30004","375","2015","3","12","0","71","4","12.18","11.9","12.4"
"30004","375","2015","3","12","1","71","4","11.78","11.7","11.8"
"30004","375","2015","3","12","2","71","4","11.7","11.6","11.8"
"30004","375","2015","3","12","3","71","4","11.72","11.4","11.9"
"30004","375","2015","3","12","4","71","4","12.72","11.3","14.3"
"30004","375","2015","3","12","5","71","4","14.5","14.4","14.6"
"30004","375","2015","3","12","6","71","4","13.72","13.5","14"
"30004","375","2015","3","12","7","71","4","13.95","13.6","14.4"
"30004","375","2015","3","12","8","71","4","14.9","14.6","15.1"
"30004","375","2015","3","12","9","71","4","16.15","15.3","16.9"
"30004","375","2015","3","12","10","71","4","17.3","17.2","17.4"
"30004","375","2015","3","12","11","71","4","17.07","17","17.2"
"30004","375","2015","3","12","12","71","4","17.35","17.2","17.6"
"30004","375","2015","3","12","13","71","4","17.88","17.7","18"
"30004","375","2015","3","12","14","71","4","18.05","18","18.1"
"30004","375","2015","3","12","15","71","4","18.1","17.9","18.4"
"30004","375","2015","3","12","16","71","4","17.98","17.6","18.4"
"30004","375","2015","3","12","17","71","4","16.82","16.3","17.4"
"30004","375","2015","3","12","18","71","4","16","15.9","16.2"
"30004","375","2015","3","12","19","71","4","15.45","15.3","15.7"
"30004","375","2015","3","12","20","71","4","15.35","15.3","15.4"
"30004","375","2015","3","12","21","71","4","15.22","15.1","15.3"
"30004","375","2015","3","12","22","71","4","14.65","14.2","15"
"30004","375","2015","3","12","23","71","4","13.57","13.4","13.9"
"30004","375","2015","3","13","0","72","4","13.72","13.6","13.8"
"30004","375","2015","3","13","1","72","4","13.7","13.6","13.8"
"30004","375","2015","3","13","2","72","4","13.4","13.4","13.4"
"30004","375","2015","3","13","3","72","4","13.25","13.2","13.3"
"30004","375","2015","3","13","4","72","4","12.93","12.8","13"
"30004","375","2015","3","13","5","72","4","11.65","11.1","12.7"
"30004","375","2015","3","13","6","72","4","11.15","9.7","11.8"
"30004","375","2015","3","13","7","72","4","8.07","7.6","8.6"
"30004","375","2015","3","13","8","72","4","7.47","7.4","7.6"
"30004","375","2015","3","13","9","72","4","7.4","7.3","7.5"
"30004","375","2015","3","13","10","72","4","7.38","7.3","7.5"
"30004","375","2015","3","13","11","72","4","7.08","7","7.2"
"30004","375","2015","3","13","12","72","4","7.17","7.1","7.2"
"30004","375","2015","3","13","13","72","4","7.08","7","7.2"
"30004","375","2015","3","13","14","72","4","7.78","7.5","8"
"30004","375","2015","3","13","15","72","4","7.97","7.9","8.1"
"30004","375","2015","3","13","16","72","4","7.6","7.4","7.8"
"30004","375","2015","3","13","17","72","4","7.33","7.3","7.4"
"30004","375","2015","3","13","18","72","4","7.28","7.2","7.3"
"30004","375","2015","3","13","19","72","4","7.12","7.1","7.2"
"30004","375","2015","3","13","20","72","4","7.1","7.1","7.1"
"30004","375","2015","3","13","21","72","4","7.03","6.9","7.1"
"30004","375","2015","3","13","22","72","4","6.8","6.8","6.8"
"30004","375","2015","3","13","23","72","4","6.97","6.9","7.1"
"30004","375","2015","3","14","0","73","4","7.22","7.1","7.3"
"30004","375","2015","3","14","1","73","4","7.4","7.4","7.4"
"30004","375","2015","3","14","2","73","4","7.4","7.4","7.4"
"30004","375","2015","3","14","3","73","4","7.58","7.5","7.7"
"30004","375","2015","3","14","4","73","4","7.83","7.7","7.9"
"30004","375","2015","3","14","5","73","4","8","7.9","8.1"
"30004","375","2015","3","14","6","73","4","8.15","8.1","8.2"
"30004","375","2015","3","14","7","73","4","8.4","8.3","8.6"
"30004","375","2015","3","14","8","73","4","8.85","8.6","9.1"
"30004","375","2015","3","14","9","73","4","9.47","9.3","9.7"
"30004","375","2015","3","14","10","73","4","10.55","10.3","10.8"
"30004","375","2015","3","14","11","73","4","11.18","10.9","11.5"
"30004","375","2015","3","14","12","73","4","12.03","11.9","12.4"
"30004","375","2015","3","14","13","73","4","13.47","12.9","14.2"
"30004","375","2015","3","14","14","73","4","15.12","14.7","15.6"
"30004","375","2015","3","14","15","73","4","16.1","16","16.2"
"30004","375","2015","3","14","16","73","4","16.65","16.5","16.9"
"30004","375","2015","3","14","17","73","4","17.18","16.9","17.5"
"30004","375","2015","3","14","18","73","4","16.12","15.6","16.7"
"30004","375","2015","3","14","19","73","4","14.88","14.6","15.2"
"30004","375","2015","3","14","20","73","4","14.45","14.3","14.6"
"30004","375","2015","3","14","21","73","4","15.07","14.9","15.4"
"30004","375","2015","3","14","22","73","4","15.1","14.7","15.4"
"30004","375","2015","3","14","23","73","4","13.98","13.8","14.3"
"30004","375","2015","3","15","0","74","4","13.97","13.8","14.2"
"30004","375","2015","3","15","1","74","4","14.32","14","14.5"
"30004","375","2015","3","15","2","74","4","14.5","13.9","14.8"
"30004","375","2015","3","15","3","74","4","12.7","12.1","13.3"
"30004","375","2015","3","15","4","74","4","11.9","11.7","12"
"30004","375","2015","3","15","5","74","4","11.2","11.1","11.4"
"30004","375","2015","3","15","6","74","4","10.75","10.5","10.9"
"30004","375","2015","3","15","7","74","4","10.1","9.9","10.4"
"30004","375","2015","3","15","8","74","4","12","11","13.3"
"30004","375","2015","3","15","9","74","4","14.78","13.8","15.7"
"30004","375","2015","3","15","10","74","4","16.83","16.1","17.3"
"30004","375","2015","3","15","11","74","4","18.25","17.8","18.8"
"30004","375","2015","3","15","12","74","4","19.55","19.2","20.1"
"30004","375","2015","3","15","13","74","4","21.85","20.9","22.8"
"30004","375","2015","3","15","14","74","4","23.3","23.1","23.6"
"30004","375","2015","3","15","15","74","4","23.75","23.5","24"
"30004","375","2015","3","15","16","74","4","24.3","24.1","24.5"
"30004","375","2015","3","15","17","74","4","23.32","22.7","23.8"
"30004","375","2015","3","15","18","74","4","20.52","19.2","21.9"
"30004","375","2015","3","15","19","74","4","17.98","17.1","18.7"
"30004","375","2015","3","15","20","74","4","15.22","13.9","16.4"
"30004","375","2015","3","15","21","74","4","11.93","10.9","12.9"
"30004","375","2015","3","15","22","74","4","9.8","9.1","10.4"
"30004","375","2015","3","15","23","74","4","8.4","7.9","8.9"
"30004","375","2015","3","16","0","75","4","7.03","6.5","7.6"
"30004","375","2015","3","16","1","75","4","5.97","5.6","6.3"
"30004","375","2015","3","16","2","75","4","4.83","4.5","5.2"
"30004","375","2015","3","16","3","75","4","4.08","4","4.2"
"30004","375","2015","3","16","4","75","4","3.67","3.4","3.9"
"30004","375","2015","3","16","5","75","4","3.05","2.9","3.2"
"30004","375","2015","3","16","6","75","4","2.88","2.8","2.9"
"30004","375","2015","3","16","7","75","4","3.17","2.8","3.7"
"30004","375","2015","3","16","8","75","4","6.45","4.1","9.1"
"30004","375","2015","3","16","9","75","4","14.18","11.1","17.3"
"30004","375","2015","3","16","10","75","4","20.4","18.9","21.7"
"30004","375","2015","3","16","11","75","4","23.4","22.3","24.6"
"30004","375","2015","3","16","12","75","4","25.18","24.7","25.6"
"30004","375","2015","3","16","13","75","4","26.23","25.8","26.5"
"30004","375","2015","3","16","14","75","4","26.93","26.6","27.1"
"30004","375","2015","3","16","15","75","4","27.23","27.2","27.3"
"30004","375","2015","3","16","16","75","4","27.15","27.1","27.2"
"30004","375","2015","3","16","17","75","4","25.88","25.1","26.5"
"30004","375","2015","3","16","18","75","4","22.4","19.7","24.5"
"30004","375","2015","3","16","19","75","4","16.73","15.5","18.2"
"30004","375","2015","3","16","20","75","4","14.38","13.6","15.1"
"30004","375","2015","3","16","21","75","4","12.78","12.2","13.3"
"30004","375","2015","3","16","22","75","4","11.45","11","11.9"
"30004","375","2015","3","16","23","75","4","10.18","9.9","10.6"
"30004","375","2015","3","17","0","76","4","9.3","9.1","9.6"
"30004","375","2015","3","17","1","76","4","8.5","8.2","8.8"
"30004","375","2015","3","17","2","76","4","7.8","7.6","8.1"
"30004","375","2015","3","17","3","76","4","7.65","7.6","7.7"
"30004","375","2015","3","17","4","76","4","7.72","7.7","7.8"
"30004","375","2015","3","17","5","76","4","7.67","7.6","7.8"
"30004","375","2015","3","17","6","76","4","8.15","7.9","8.4"
"30004","375","2015","3","17","7","76","4","9.45","8.6","10.6"
"30004","375","2015","3","17","8","76","4","14.42","12.2","16.2"
"30004","375","2015","3","17","9","76","4","18.18","16.9","19.3"
"30004","375","2015","3","17","10","76","4","20.52","19.7","21.3"
"30004","375","2015","3","17","11","76","4","21.77","21.4","22.2"
"30004","375","2015","3","17","12","76","4","23.1","22.4","23.5"
"30004","375","2015","3","17","13","76","4","24","23.7","24.2"
"30004","375","2015","3","17","14","76","4","24.23","23.6","25"
"30004","375","2015","3","17","15","76","4","25.57","24.8","26"
"30004","375","2015","3","17","16","76","4","25.85","25.5","26"
"30004","375","2015","3","17","17","76","4","25.15","24.7","25.7"
"30004","375","2015","3","17","18","76","4","23.7","23.1","24.3"
"30004","375","2015","3","17","19","76","4","22.18","21.7","22.7"
"30004","375","2015","3","17","20","76","4","21.05","20.5","21.5"
"30004","375","2015","3","17","21","76","4","19.57","18.9","20.2"
"30004","375","2015","3","17","22","76","4","17.95","17.6","18.4"
"30004","375","2015","3","17","23","76","4","16.73","15.8","17.4"
"30004","375","2015","3","18","0","77","4","15.2","14.9","15.7"
"30004","375","2015","3","18","1","77","4","14.72","14.1","15.1"
"30004","375","2015","3","18","2","77","4","12.53","11.8","13.4"
"30004","375","2015","3","18","3","77","4","11.2","11","11.4"
"30004","375","2015","3","18","4","77","4","11","10.9","11.1"
"30004","375","2015","3","18","5","77","4","10.62","10.4","10.8"
"30004","375","2015","3","18","6","77","4","10.07","9.9","10.3"
"30004","375","2015","3","18","7","77","4","10.47","9.9","11.2"
"30004","375","2015","3","18","8","77","4","13.03","11.8","14.4"
"30004","375","2015","3","18","9","77","4","16.57","15.7","17.2"
"30004","375","2015","3","18","10","77","4","18.43","18.1","18.7"
"30004","375","2015","3","18","11","77","4","18.77","18.2","19.2"
"30004","375","2015","3","18","12","77","4","19.32","19","19.7"
"30004","375","2015","3","18","13","77","4","20.07","20","20.2"
"30004","375","2015","3","18","14","77","4","21.15","20.1","21.7"
"30004","375","2015","3","18","15","77","4","21.35","21","21.7"
"30004","375","2015","3","18","16","77","4","21.35","20.9","21.8"
"30004","375","2015","3","18","17","77","4","19.93","19.6","20.4"
"30004","375","2015","3","18","18","77","4","18.4","17.7","19.1"
"30004","375","2015","3","18","19","77","4","17.02","16.8","17.2"
"30004","375","2015","3","18","20","77","4","16.7","16.6","16.8"
"30004","375","2015","3","18","21","77","4","16.43","16.3","16.5"
"30004","375","2015","3","18","22","77","4","16.15","16.1","16.2"
"30004","375","2015","3","18","23","77","4","15.95","15.8","16.1"
"30004","375","2015","3","19","0","78","4","15.7","15.6","15.8"
"30004","375","2015","3","19","1","78","4","15.25","15.1","15.4"
"30004","375","2015","3","19","2","78","4","13.9","13.5","14.7"
"30004","375","2015","3","19","3","78","4","10.88","9.7","12.5"
"30004","375","2015","3","19","4","78","4","9.07","8.9","9.3"
"30004","375","2015","3","19","5","78","4","8.6","8.5","8.7"
"30004","375","2015","3","19","6","78","4","8.43","8.4","8.5"
"30004","375","2015","3","19","7","78","4","8.4","8.4","8.4"
"30004","375","2015","3","19","8","78","4","8.5","8.4","8.6"
"30004","375","2015","3","19","9","78","4","8.65","8.6","8.7"
"30004","375","2015","3","19","10","78","4","8.9","8.8","9"
"30004","375","2015","3","19","11","78","4","9.1","9","9.3"
"30004","375","2015","3","19","12","78","4","9.22","9.1","9.3"
"30004","375","2015","3","19","13","78","4","8.95","8.9","9"
"30004","375","2015","3","19","14","78","4","8.47","8.4","8.7"
"30004","375","2015","3","19","15","78","4","7.92","7.7","8.2"
"30004","375","2015","3","19","16","78","4","7.6","7.3","7.8"
"30004","375","2015","3","19","17","78","4","7.3","7.3","7.3"
"30004","375","2015","3","19","18","78","4","7.25","7.2","7.3"
"30004","375","2015","3","19","19","78","4","7.17","7.1","7.2"
"30004","375","2015","3","19","20","78","4","7.07","7","7.1"
"30004","375","2015","3","19","21","78","4","7.25","7.2","7.3"
"30004","375","2015","3","19","22","78","4","7.35","7.3","7.4"
"30004","375","2015","3","19","23","78","4","7.4","7.4","7.4"
"30004","375","2015","3","20","0","79","4","7.43","7.4","7.5"
"30004","375","2015","3","20","1","79","4","7.38","7.3","7.4"
"30004","375","2015","3","20","2","79","4","7.3","7.3","7.3"
"30004","375","2015","3","20","3","79","4","7.28","7.2","7.3"
"30004","375","2015","3","20","4","79","4","7.25","7.2","7.3"
"30004","375","2015","3","20","5","79","4","7.2","7.2","7.2"
"30004","375","2015","3","20","6","79","4","7.2","7.2","7.2"
"30004","375","2015","3","20","7","79","4","7.47","7.3","7.6"
"30004","375","2015","3","20","8","79","4","8.1","7.8","8.5"
"30004","375","2015","3","20","9","79","4","9.15","8.8","9.4"
"30004","375","2015","3","20","10","79","4","10.62","9.8","11.2"
"30004","375","2015","3","20","11","79","4","12.3","11.4","13.2"
"30004","375","2015","3","20","12","79","4","14.65","13.8","15.5"
"30004","375","2015","3","20","13","79","4","16.88","15.8","17.9"
"30004","375","2015","3","20","14","79","4","18.1","17.8","18.4"
"30004","375","2015","3","20","15","79","4","17.55","17.1","17.9"
"30004","375","2015","3","20","16","79","4","16.77","16.5","17.1"
"30004","375","2015","3","20","17","79","4","15.53","14.9","16.2"
"30004","375","2015","3","20","18","79","4","14.28","14","14.6"
"30004","375","2015","3","20","19","79","4","13.75","13.6","13.9"
"30004","375","2015","3","20","20","79","4","13.25","12.9","13.6"
"30004","375","2015","3","20","21","79","4","12.6","12.2","12.9"
"30004","375","2015","3","20","22","79","4","11.6","11.3","11.9"
"30004","375","2015","3","20","23","79","4","10.75","10.6","11"
"30004","375","2015","3","21","0","80","4","10.6","10.5","10.7"
"30004","375","2015","3","21","1","80","4","10.1","10","10.3"
"30004","375","2015","3","21","2","80","4","10.18","10.1","10.4"
"30004","375","2015","3","21","3","80","4","10.82","10.5","11.1"
"30004","375","2015","3","21","4","80","4","11.1","11","11.2"
"30004","375","2015","3","21","5","80","4","11.25","11.1","11.3"
"30004","375","2015","3","21","6","80","4","11.05","10.9","11.2"
"30004","375","2015","3","21","7","80","4","11.22","11","11.4"
"30004","375","2015","3","21","8","80","4","11.88","11.7","12"
"30004","375","2015","3","21","9","80","4","13.55","12.6","14.7"
"30004","375","2015","3","21","10","80","4","16.15","15","16.8"
"30004","375","2015","3","21","11","80","4","17.98","17.4","19"
"30004","375","2015","3","21","12","80","4","19.05","18.5","19.6"
"30004","375","2015","3","21","13","80","4","20.3","19.9","20.7"
"30004","375","2015","3","21","14","80","4","21.85","21.5","22.4"
"30004","375","2015","3","21","15","80","4","22.35","22.1","22.7"
"30004","375","2015","3","21","16","80","4","21.27","20.8","21.7"
"30004","375","2015","3","21","17","80","4","19.9","19.3","20.5"
"30004","375","2015","3","21","18","80","4","18.35","17.8","18.9"
"30004","375","2015","3","21","19","80","4","17.05","16.6","17.5"
"30004","375","2015","3","21","20","80","4","15.78","15.3","16.3"
"30004","375","2015","3","21","21","80","4","15.25","15.1","15.4"
"30004","375","2015","3","21","22","80","4","14.6","14.4","14.9"
"30004","375","2015","3","21","23","80","4","14.65","14.6","14.7"
"30004","375","2015","3","22","0","81","4","14.65","14.5","14.8"
"30004","375","2015","3","22","1","81","4","13.98","13.8","14.3"
"30004","375","2015","3","22","2","81","4","13","12.2","13.7"
"30004","375","2015","3","22","3","81","4","11.72","11.5","12"
"30004","375","2015","3","22","4","81","4","11.35","11.3","11.4"
"30004","375","2015","3","22","5","81","4","11.2","11.2","11.2"
"30004","375","2015","3","22","6","81","4","11.15","11.1","11.2"
"30004","375","2015","3","22","7","81","4","11.28","11.1","11.4"
"30004","375","2015","3","22","8","81","4","11.82","11.6","12.1"
"30004","375","2015","3","22","9","81","4","12.57","12.1","12.9"
"30004","375","2015","3","22","10","81","4","13.18","13","13.3"
"30004","375","2015","3","22","11","81","4","13.57","13.3","13.8"
"30004","375","2015","3","22","12","81","4","13.78","13.6","14"
"30004","375","2015","3","22","13","81","4","14.15","14","14.4"
"30004","375","2015","3","22","14","81","4","13.62","13.5","13.7"
"30004","375","2015","3","22","15","81","4","13.47","13.4","13.6"
"30004","375","2015","3","22","16","81","4","13.6","13.5","13.7"
"30004","375","2015","3","22","17","81","4","13.25","13.2","13.4"
"30004","375","2015","3","22","18","81","4","12.85","12.8","13"
"30004","375","2015","3","22","19","81","4","12.62","12.5","12.7"
"30004","375","2015","3","22","20","81","4","12.32","12.2","12.4"
"30004","375","2015","3","22","21","81","4","11.85","11.5","12.1"
"30004","375","2015","3","22","22","81","4","11.05","10.9","11.2"
"30004","375","2015","3","22","23","81","4","11.15","10.9","11.4"
"30004","375","2015","3","23","0","82","4","11.4","11.4","11.4"
"30004","375","2015","3","23","1","82","4","11.4","11.4","11.4"
"30004","375","2015","3","23","2","82","4","11.25","11.2","11.3"
"30004","375","2015","3","23","3","82","4","11.1","11","11.2"
"30004","375","2015","3","23","4","82","4","10.85","10.8","10.9"
"30004","375","2015","3","23","5","82","4","10.65","10.6","10.7"
"30004","375","2015","3","23","6","82","4","10.45","10.4","10.5"
"30004","375","2015","3","23","7","82","4","10.82","10.4","11.3"
"30004","375","2015","3","23","8","82","4","12.22","11.6","12.9"
"30004","375","2015","3","23","9","82","4","14.65","13.4","15.8"
"30004","375","2015","3","23","10","82","4","16.45","16","17.2"
"30004","375","2015","3","23","11","82","4","17.35","17","18"
"30004","375","2015","3","23","12","82","4","17.68","17.3","18.2"
"30004","375","2015","3","23","13","82","4","17.88","17.4","18.4"
"30004","375","2015","3","23","14","82","4","19.25","18.6","19.6"
"30004","375","2015","3","23","15","82","4","19.62","19.4","20.2"
"30004","375","2015","3","23","16","82","4","18.75","18.4","19.3"
"30004","375","2015","3","23","17","82","4","18.18","17.9","18.5"
"30004","375","2015","3","23","18","82","4","16.43","15.1","17.6"
"30004","375","2015","3","23","19","82","4","13.45","12.6","14.4"
"30004","375","2015","3","23","20","82","4","11.72","11.2","12.2"
"30004","375","2015","3","23","21","82","4","10.62","10.3","11"
"30004","375","2015","3","23","22","82","4","9.82","9.6","10.1"
"30004","375","2015","3","23","23","82","4","9.15","8.9","9.4"
"30004","375","2015","3","24","0","83","4","8.57","8.4","8.8"
"30004","375","2015","3","24","1","83","4","8.05","7.9","8.2"
"30004","375","2015","3","24","2","83","4","7.72","7.7","7.8"
"30004","375","2015","3","24","3","83","4","7.47","7.2","7.7"
"30004","375","2015","3","24","4","83","4","6.88","6.7","7.1"
"30004","375","2015","3","24","5","83","4","6.45","6.3","6.6"
"30004","375","2015","3","24","6","83","4","6.15","6.1","6.2"
"30004","375","2015","3","24","7","83","4","6.85","6.1","7.9"
"30004","375","2015","3","24","8","83","4","10.53","8.8","12.7"
"30004","375","2015","3","24","9","83","4","15.47","14.2","16.6"
"30004","375","2015","3","24","10","83","4","17.95","17.3","18.6"
"30004","375","2015","3","24","11","83","4","19.38","19","19.7"
"30004","375","2015","3","24","12","83","4","20.73","20.3","21.1"
"30004","375","2015","3","24","13","83","4","21.6","20.9","22"
"30004","375","2015","3","24","14","83","4","22.38","22.1","22.8"
"30004","375","2015","3","24","15","83","4","22.27","21.3","23"
"30004","375","2015","3","24","16","83","4","22.23","21.4","22.7"
"30004","375","2015","3","24","17","83","4","21.55","20.8","22.4"
"30004","375","2015","3","24","18","83","4","19.52","18.5","20.3"
"30004","375","2015","3","24","19","83","4","16.35","15.4","17.5"
"30004","375","2015","3","24","20","83","4","14.45","14","14.9"
"30004","375","2015","3","24","21","83","4","13.43","13.2","13.7"
"30004","375","2015","3","24","22","83","4","12.72","12.5","13"
"30004","375","2015","3","24","23","83","4","12.2","12","12.4"
"30004","375","2015","3","25","0","84","4","11.72","11.6","11.9"
"30004","375","2015","3","25","1","84","4","11.85","11.7","12"
"30004","375","2015","3","25","2","84","4","12.22","12.1","12.4"
"30004","375","2015","3","25","3","84","4","12.68","12.6","12.8"
"30004","375","2015","3","25","4","84","4","13.4","12.9","13.7"
"30004","375","2015","3","25","5","84","4","13.6","13.5","13.7"
"30004","375","2015","3","25","6","84","4","13.6","13.5","13.7"
"30004","375","2015","3","25","7","84","4","14.03","13.8","14.4"
"30004","375","2015","3","25","8","84","4","15.45","14.6","16.4"
"30004","375","2015","3","25","9","84","4","17.62","16.7","18.5"
"30004","375","2015","3","25","10","84","4","18.7","18.6","18.9"
"30004","375","2015","3","25","11","84","4","19.4","19.2","19.6"
"30004","375","2015","3","25","12","84","4","20","19.6","20.5"
"30004","375","2015","3","25","13","84","4","21.02","20.4","21.5"
"30004","375","2015","3","25","14","84","4","21.23","21","21.4"
"30004","375","2015","3","25","15","84","4","21.55","21.3","21.7"
"30004","375","2015","3","25","16","84","4","20.73","20.5","20.9"
"30004","375","2015","3","25","17","84","4","19.9","19.5","20.6"
"30004","375","2015","3","25","18","84","4","18.07","17.5","19.1"
"30004","375","2015","3","25","19","84","4","17.12","16.9","17.3"
"30004","375","2015","3","25","20","84","4","16.68","16.6","16.8"
"30004","375","2015","3","25","21","84","4","16.45","16.4","16.5"
"30004","375","2015","3","25","22","84","4","16.35","16.3","16.4"
"30004","375","2015","3","25","23","84","4","16.1","16","16.2"
"30004","375","2015","3","26","0","85","4","16.05","16","16.1"
"30004","375","2015","3","26","1","85","4","16","16","16"
"30004","375","2015","3","26","2","85","4","15.93","15.9","16"
"30004","375","2015","3","26","3","85","4","15.9","15.9","15.9"
"30004","375","2015","3","26","4","85","4","15.8","15.8","15.8"
"30004","375","2015","3","26","5","85","4","15.7","15.7","15.7"
"30004","375","2015","3","26","6","85","4","15.75","15.7","15.9"
"30004","375","2015","3","26","7","85","4","16.23","16","16.5"
"30004","375","2015","3","26","8","85","4","17.15","16.7","17.5"
"30004","375","2015","3","26","9","85","4","18.4","17.7","19.5"
"30004","375","2015","3","26","10","85","4","19.9","19.6","20.4"
"30004","375","2015","3","26","11","85","4","20.77","20.4","21.1"
"30004","375","2015","3","26","12","85","4","21.55","21.3","21.8"
"30004","375","2015","3","26","13","85","4","21.93","21.5","22.5"
"30004","375","2015","3","26","14","85","4","22.3","22.1","22.5"
"30004","375","2015","3","26","15","85","4","21.88","21.7","22.2"
"30004","375","2015","3","26","16","85","4","21.73","21.5","21.9"
"30004","375","2015","3","26","17","85","4","21.05","20.8","21.2"
"30004","375","2015","3","26","18","85","4","20.2","19.4","20.8"
"30004","375","2015","3","26","19","85","4","17.82","17.3","18.6"
"30004","375","2015","3","26","20","85","4","17.07","16.9","17.3"
"30004","375","2015","3","26","21","85","4","17.12","16.8","17.7"
"30004","375","2015","3","26","22","85","4","17.98","17.5","18.3"
"30004","375","2015","3","26","23","85","4","14.03","12.6","15.9"
"30004","375","2015","3","27","0","86","4","11.82","11.5","12.2"
"30004","375","2015","3","27","1","86","4","11","10.7","11.3"
"30004","375","2015","3","27","2","86","4","10.03","9.6","10.5"
"30004","375","2015","3","27","3","86","4","9.38","9.2","9.5"
"30004","375","2015","3","27","4","86","4","8.45","8.1","8.9"
"30004","375","2015","3","27","5","86","4","7.55","7.2","8"
"30004","375","2015","3","27","6","86","4","6.55","6.3","6.9"
"30004","375","2015","3","27","7","86","4","6.15","6.1","6.2"
"30004","375","2015","3","27","8","86","4","6.22","6.1","6.4"
"30004","375","2015","3","27","9","86","4","6.83","6.5","7.2"
"30004","375","2015","3","27","10","86","4","7.55","7.3","7.9"
"30004","375","2015","3","27","11","86","4","8.95","8.4","9.5"
"30004","375","2015","3","27","12","86","4","9.57","9.2","10.1"
"30004","375","2015","3","27","13","86","4","11.18","10.6","11.7"
"30004","375","2015","3","27","14","86","4","12.25","11.9","12.7"
"30004","375","2015","3","27","15","86","4","12.9","12.7","13.2"
"30004","375","2015","3","27","16","86","4","12.32","11.4","12.7"
"30004","375","2015","3","27","17","86","4","11.05","10.5","11.4"
"30004","375","2015","3","27","18","86","4","9.62","9.1","10.2"
"30004","375","2015","3","27","19","86","4","8.62","8","9.1"
"30004","375","2015","3","27","20","86","4","7.25","7.1","7.6"
"30004","375","2015","3","27","21","86","4","6.45","6","6.9"
"30004","375","2015","3","27","22","86","4","5.1","4.4","5.7"
"30004","375","2015","3","27","23","86","4","4.15","4.1","4.2"
"30004","375","2015","3","28","0","87","4","4.1","4","4.2"
"30004","375","2015","3","28","1","87","4","4.08","3.9","4.2"
"30004","375","2015","3","28","2","87","4","3.42","3.1","3.7"
"30004","375","2015","3","28","3","87","4","2.48","2.1","2.9"
"30004","375","2015","3","28","4","87","4","1.62","1.4","1.9"
"30004","375","2015","3","28","5","87","4","0.98","0.7","1.2"
"30004","375","2015","3","28","6","87","4","0.45","0.3","0.6"
"30004","375","2015","3","28","7","87","4","0.45","0.2","0.7"
"30004","375","2015","3","28","8","87","4","1.25","0.8","1.7"
"30004","375","2015","3","28","9","87","4","2.98","2.3","3.7"
"30004","375","2015","3","28","10","87","4","4.8","3.9","5.4"
"30004","375","2015","3","28","11","87","4","6.28","5.6","6.7"
"30004","375","2015","3","28","12","87","4","7.6","7.3","8.1"
"30004","375","2015","3","28","13","87","4","8.68","8.1","9"
"30004","375","2015","3","28","14","87","4","9.45","9.3","9.6"
"30004","375","2015","3","28","15","87","4","9.68","9.5","9.8"
"30004","375","2015","3","28","16","87","4","9.78","9.6","10"
"30004","375","2015","3","28","17","87","4","9.28","8.9","9.6"
"30004","375","2015","3","28","18","87","4","7.92","7.3","8.4"
"30004","375","2015","3","28","19","87","4","6.05","5.2","6.7"
"30004","375","2015","3","28","20","87","4","4.03","3.6","4.5"
"30004","375","2015","3","28","21","87","4","3.1","2.8","3.3"
"30004","375","2015","3","28","22","87","4","2","1.4","2.5"
"30004","375","2015","3","28","23","87","4","0.55","0.1","1"
"30004","375","2015","3","29","0","88","4","-0.75","-1.2","-0.2"
"30004","375","2015","3","29","1","88","4","-1.77","-2.1","-1.5"
"30004","375","2015","3","29","2","88","4","-2.38","-2.6","-2.2"
"30004","375","2015","3","29","3","88","4","-2.85","-3","-2.7"
"30004","375","2015","3","29","4","88","4","-3.3","-3.5","-3.1"
"30004","375","2015","3","29","5","88","4","-3.7","-3.9","-3.5"
"30004","375","2015","3","29","6","88","4","-4.03","-4.1","-4"
"30004","375","2015","3","29","7","88","4","-2.5","-3.9","-0.9"
"30004","375","2015","3","29","8","88","4","2.45","0.2","4.2"
"30004","375","2015","3","29","9","88","4","6.33","5","7.4"
"30004","375","2015","3","29","10","88","4","8.32","7.8","9.1"
"30004","375","2015","3","29","11","88","4","9.93","9.4","10.5"
"30004","375","2015","3","29","12","88","4","11.25","10.5","11.9"
"30004","375","2015","3","29","13","88","4","12.57","12.1","13.2"
"30004","375","2015","3","29","14","88","4","14.38","14.1","14.8"
"30004","375","2015","3","29","15","88","4","15.1","14.7","15.3"
"30004","375","2015","3","29","16","88","4","15.55","15.5","15.6"
"30004","375","2015","3","29","17","88","4","14.97","14.5","15.3"
"30004","375","2015","3","29","18","88","4","13.3","12.6","14"
"30004","375","2015","3","29","19","88","4","12.95","12.7","13.1"
"30004","375","2015","3","29","20","88","4","12.88","12.7","13"
"30004","375","2015","3","29","21","88","4","12.8","12.8","12.8"
"30004","375","2015","3","29","22","88","4","12.27","11.7","12.7"
"30004","375","2015","3","29","23","88","4","10.9","10.4","11.4"
"30004","375","2015","3","30","0","89","4","9.4","8.7","10.2"
"30004","375","2015","3","30","1","89","4","8.2","7.9","8.6"
"30004","375","2015","3","30","2","89","4","9.97","9.7","10.2"
"30004","375","2015","3","30","3","89","4","10.68","10.3","10.9"
"30004","375","2015","3","30","4","89","4","11.35","11","11.6"
"30004","375","2015","3","30","5","89","4","9.62","8.7","11.4"
"30004","375","2015","3","30","6","89","4","8.93","8.6","9.3"
"30004","375","2015","3","30","7","89","4","9.95","9.5","10.5"
"30004","375","2015","3","30","8","89","4","11.2","10.9","11.5"
"30004","375","2015","3","30","9","89","4","11.72","11.5","11.9"
"30004","375","2015","3","30","10","89","4","12.78","12.3","13.2"
"30004","375","2015","3","30","11","89","4","14.53","13.6","15.1"
"30004","375","2015","3","30","12","89","4","15.93","15.3","16.7"
"30004","375","2015","3","30","13","89","4","17.52","17.3","17.8"
"30004","375","2015","3","30","14","89","4","18.73","18.4","19"
"30004","375","2015","3","30","15","89","4","19.68","19.4","19.9"
"30004","375","2015","3","30","16","89","4","19.73","19.3","20"
"30004","375","2015","3","30","17","89","4","19.57","19","20"
"30004","375","2015","3","30","18","89","4","17.85","17.1","18.5"
"30004","375","2015","3","30","19","89","4","15.27","14.2","16.5"
"30004","375","2015","3","30","20","89","4","12.55","11.8","13.4"
"30004","375","2015","3","30","21","89","4","11.12","10.7","11.6"
"30004","375","2015","3","30","22","89","4","10.65","10.1","11.1"
"30004","375","2015","3","30","23","89","4","9.07","8.5","9.6"
"30004","375","2015","3","31","0","90","4","7.75","7.3","8.2"
"30004","375","2015","3","31","1","90","4","6.72","6.4","7.1"
"30004","375","2015","3","31","2","90","4","5.85","5.6","6.2"
"30004","375","2015","3","31","3","90","4","5.25","5","5.5"
"30004","375","2015","3","31","4","90","4","4.83","4.7","4.9"
"30004","375","2015","3","31","5","90","4","4.5","4.4","4.6"
"30004","375","2015","3","31","6","90","4","4.33","4.3","4.4"
"30004","375","2015","3","31","7","90","4","5.72","4.5","7.1"
"30004","375","2015","3","31","8","90","4","10.43","8.2","12.9"
"30004","375","2015","3","31","9","90","4","16.77","14.5","18.6"
"30004","375","2015","3","31","10","90","4","19.95","19.4","20.7"
"30004","375","2015","3","31","11","90","4","21.77","21.6","21.9"
"30004","375","2015","3","31","12","90","4","22.33","22","22.6"
"30004","375","2015","3","31","13","90","4","22.67","22.2","22.9"
"30004","375","2015","3","31","14","90","4","22.6","22.4","22.9"
"30004","375","2015","3","31","15","90","4","23.27","22.8","23.7"
"30004","375","2015","3","31","16","90","4","22.1","21.7","22.7"
"30004","375","2015","3","31","17","90","4","21.68","21.1","22.2"
"30004","375","2015","3","31","18","90","4","20.6","20","21.1"
"30004","375","2015","3","31","19","90","4","19.43","19.3","19.6"
"30004","375","2015","3","31","20","90","4","19.02","18.8","19.3"
"30004","375","2015","3","31","21","90","4","18.25","17.9","18.6"
"30004","375","2015","3","31","22","90","4","17.52","17.4","17.7"
"30004","375","2015","3","31","23","90","4","17","16.9","17.1"
"30004","375","2015","4","1","0","91","4","16.88","16.5","17.1"
"30004","375","2015","4","1","1","91","4","16.32","16.2","16.5"
"30004","375","2015","4","1","2","91","4","15.25","14.8","15.8"
"30004","375","2015","4","1","3","91","4","14.57","14.4","14.7"
"30004","375","2015","4","1","4","91","4","14.2","14.1","14.3"
"30004","375","2015","4","1","5","91","4","13.93","13.8","14.1"
"30004","375","2015","4","1","6","91","4","14.07","13.8","14.3"
"30004","375","2015","4","1","7","91","4","14.08","13.8","14.4"
"30004","375","2015","4","1","8","91","4","15.43","14.5","16.5"
"30004","375","2015","4","1","9","91","4","18.8","17.4","20.4"
"30004","375","2015","4","1","10","91","4","21.73","20.9","22.3"
"30004","375","2015","4","1","11","91","4","23.12","22.7","23.6"
"30004","375","2015","4","1","12","91","4","24.27","23.9","24.7"
"30004","375","2015","4","1","13","91","4","25.32","24.8","25.7"
"30004","375","2015","4","1","14","91","4","25.95","25.7","26.1"
"30004","375","2015","4","1","15","91","4","26.3","26.1","26.6"
"30004","375","2015","4","1","16","91","4","26.25","26","26.4"
"30004","375","2015","4","1","17","91","4","25.35","24.7","25.7"
"30004","375","2015","4","1","18","91","4","22.73","21.1","24.1"
"30004","375","2015","4","1","19","91","4","18.07","16.8","19.7"
"30004","375","2015","4","1","20","91","4","15.45","14.8","16.2"
"30004","375","2015","4","1","21","91","4","13.82","13.3","14.4"
"30004","375","2015","4","1","22","91","4","12.72","12.5","13"
"30004","375","2015","4","1","23","91","4","12","11.6","12.3"
"30004","375","2015","4","2","0","92","4","11.38","11.2","11.5"
"30004","375","2015","4","2","1","92","4","10.85","10.7","11.1"
"30004","375","2015","4","2","2","92","4","10.88","10.6","11.2"
"30004","375","2015","4","2","3","92","4","12.15","11.6","12.8"
"30004","375","2015","4","2","4","92","4","13.85","13.6","14.1"
"30004","375","2015","4","2","5","92","4","14.28","14.2","14.3"
"30004","375","2015","4","2","6","92","4","14.22","14.2","14.3"
"30004","375","2015","4","2","7","92","4","14.12","14","14.2"
"30004","375","2015","4","2","8","92","4","13.75","13.7","13.8"
"30004","375","2015","4","2","9","92","4","14.03","13.9","14.2"
"30004","375","2015","4","2","10","92","4","13.8","13.7","13.9"
"30004","375","2015","4","2","11","92","4","14.1","14","14.3"
"30004","375","2015","4","2","12","92","4","14.4","14.3","14.5"
"30004","375","2015","4","2","13","92","4","15.25","14.6","15.7"
"30004","375","2015","4","2","14","92","4","16.25","15.5","17"
"30004","375","2015","4","2","15","92","4","17.2","17","17.5"
"30004","375","2015","4","2","16","92","4","16.68","16.1","17.1"
"30004","375","2015","4","2","17","92","4","15.45","14.9","15.9"
"30004","375","2015","4","2","18","92","4","14.53","14.5","14.6"
"30004","375","2015","4","2","19","92","4","14.45","14.4","14.5"
"30004","375","2015","4","2","20","92","4","14.55","14.5","14.6"
"30004","375","2015","4","2","21","92","4","14.32","14.1","14.4"
"30004","375","2015","4","2","22","92","4","13.8","13.7","13.9"
"30004","375","2015","4","2","23","92","4","13.7","13.6","13.8"
"30004","375","2015","4","3","0","93","4","13.18","13","13.3"
"30004","375","2015","4","3","1","93","4","12.62","12.4","12.9"
"30004","375","2015","4","3","2","93","4","12.82","12.3","13.5"
"30004","375","2015","4","3","3","93","4","12.95","12.5","13.5"
"30004","375","2015","4","3","4","93","4","11.95","11.6","12.2"
"30004","375","2015","4","3","5","93","4","11.2","11","11.4"
"30004","375","2015","4","3","6","93","4","10.88","10.8","11"
"30004","375","2015","4","3","7","93","4","11.43","10.9","12.1"
"30004","375","2015","4","3","8","93","4","14.15","13","14.9"
"30004","375","2015","4","3","9","93","4","17.02","15.7","17.8"
"30004","375","2015","4","3","10","93","4","20","19","20.6"
"30004","375","2015","4","3","11","93","4","22.73","22","23.8"
"30004","375","2015","4","3","12","93","4","24.43","24.1","24.8"
"30004","375","2015","4","3","13","93","4","26.12","25.4","26.8"
"30004","375","2015","4","3","14","93","4","27.52","27.2","27.7"
"30004","375","2015","4","3","15","93","4","27.65","27.3","27.9"
"30004","375","2015","4","3","16","93","4","27.7","27.6","27.9"
"30004","375","2015","4","3","17","93","4","26.88","26.5","27.1"
"30004","375","2015","4","3","18","93","4","25.55","24.8","26.1"
"30004","375","2015","4","3","19","93","4","24","23.7","24.4"
"30004","375","2015","4","3","20","93","4","23.23","22.9","23.5"
"30004","375","2015","4","3","21","93","4","22.55","22.5","22.6"
"30004","375","2015","4","3","22","93","4","22","21.9","22.3"
"30004","375","2015","4","3","23","93","4","19.98","16.8","22"
"30004","375","2015","4","4","0","94","4","16.75","16.6","17"
"30004","375","2015","4","4","1","94","4","17.2","17.1","17.3"
"30004","375","2015","4","4","2","94","4","16.05","15.2","16.9"
"30004","375","2015","4","4","3","94","4","13.78","13.1","14.6"
"30004","375","2015","4","4","4","94","4","12.55","12.4","12.7"
"30004","375","2015","4","4","5","94","4","11.9","11.6","12.2"
"30004","375","2015","4","4","6","94","4","10.85","10.6","11.2"
"30004","375","2015","4","4","7","94","4","10.55","10.4","10.7"
"30004","375","2015","4","4","8","94","4","11.28","10.9","11.8"
"30004","375","2015","4","4","9","94","4","12.8","12.3","13.4"
"30004","375","2015","4","4","10","94","4","14.48","13.9","14.8"
"30004","375","2015","4","4","11","94","4","15.97","15.4","16.2"
"30004","375","2015","4","4","12","94","4","17.02","16.7","17.3"
"30004","375","2015","4","4","13","94","4","18.18","17.8","18.7"
"30004","375","2015","4","4","14","94","4","19.25","18.9","19.5"
"30004","375","2015","4","4","15","94","4","19.85","19.6","20"
"30004","375","2015","4","4","16","94","4","19.75","19.6","19.9"
"30004","375","2015","4","4","17","94","4","19.02","18.3","19.4"
"30004","375","2015","4","4","18","94","4","17.07","16.2","17.8"
"30004","375","2015","4","4","19","94","4","14.4","13.5","15.4"
"30004","375","2015","4","4","20","94","4","12.22","11.1","13"
"30004","375","2015","4","4","21","94","4","9.6","8.9","10.4"
"30004","375","2015","4","4","22","94","4","7.8","7.3","8.4"
"30004","375","2015","4","4","23","94","4","6.53","6.1","7"
"30004","375","2015","4","5","0","95","4","5.53","5.2","5.8"
"30004","375","2015","4","5","1","95","4","4.8","4.5","5.1"
"30004","375","2015","4","5","2","95","4","4.12","3.9","4.3"
"30004","375","2015","4","5","3","95","4","3.65","3.5","3.8"
"30004","375","2015","4","5","4","95","4","4.15","3.5","5.3"
"30004","375","2015","4","5","5","95","4","6.65","6","7.2"
"30004","375","2015","4","5","6","95","4","7.75","7.5","8.2"
"30004","375","2015","4","5","7","95","4","9.5","8.7","10.2"
"30004","375","2015","4","5","8","95","4","11.18","10.5","12"
"30004","375","2015","4","5","9","95","4","13.2","12.3","14"
"30004","375","2015","4","5","10","95","4","15.15","14.4","16"
"30004","375","2015","4","5","11","95","4","16.62","16.3","17"
"30004","375","2015","4","5","12","95","4","17.55","17.1","18"
"30004","375","2015","4","5","13","95","4","18.6","18.3","18.9"
"30004","375","2015","4","5","14","95","4","19.27","19.2","19.4"
"30004","375","2015","4","5","15","95","4","19.48","19.2","19.7"
"30004","375","2015","4","5","16","95","4","18.98","18.6","19.3"
"30004","375","2015","4","5","17","95","4","18.38","18","18.7"
"30004","375","2015","4","5","18","95","4","17.4","16.8","17.9"
"30004","375","2015","4","5","19","95","4","16.05","15.8","16.4"
"30004","375","2015","4","5","20","95","4","15.65","15.3","16.1"
"30004","375","2015","4","5","21","95","4","14.93","14.7","15.2"
"30004","375","2015","4","5","22","95","4","14.55","14.4","14.7"
"30004","375","2015","4","5","23","95","4","14.18","14.1","14.3"
"30004","375","2015","4","6","0","96","4","14.1","14.1","14.1"
"30004","375","2015","4","6","1","96","4","14.12","14.1","14.2"
"30004","375","2015","4","6","2","96","4","14.05","13.9","14.1"
"30004","375","2015","4","6","3","96","4","13.65","13.5","13.8"
"30004","375","2015","4","6","4","96","4","13.22","13.2","13.3"
"30004","375","2015","4","6","5","96","4","13.1","13.1","13.1"
"30004","375","2015","4","6","6","96","4","13","12.9","13.1"
"30004","375","2015","4","6","7","96","4","11.68","10.1","12.6"
"30004","375","2015","4","6","8","96","4","10.18","9.9","10.4"
"30004","375","2015","4","6","9","96","4","10.35","10.2","10.5"
"30004","375","2015","4","6","10","96","4","11.07","10.7","11.4"
"30004","375","2015","4","6","11","96","4","12","11.5","12.7"
"30004","375","2015","4","6","12","96","4","13.97","13.4","14.9"
"30004","375","2015","4","6","13","96","4","15.9","14.8","17.1"
"30004","375","2015","4","6","14","96","4","17.68","17.2","18.1"
"30004","375","2015","4","6","15","96","4","18.8","18.7","18.9"
"30004","375","2015","4","6","16","96","4","17.85","17.7","18.2"
"30004","375","2015","4","6","17","96","4","17.27","16.7","17.7"
"30004","375","2015","4","6","18","96","4","15.3","14.8","15.9"
"30004","375","2015","4","6","19","96","4","14.4","14.3","14.6"
"30004","375","2015","4","6","20","96","4","14.25","14.2","14.3"
"30004","375","2015","4","6","21","96","4","14.38","14.3","14.4"
"30004","375","2015","4","6","22","96","4","14.4","14.4","14.4"
"30004","375","2015","4","6","23","96","4","14.3","14.3","14.3"
"30004","375","2015","4","7","0","97","4","14.35","14.3","14.4"
"30004","375","2015","4","7","1","97","4","14.4","14.4","14.4"
"30004","375","2015","4","7","2","97","4","14.45","14.4","14.5"
"30004","375","2015","4","7","3","97","4","14.65","14.6","14.7"
"30004","375","2015","4","7","4","97","4","14.7","14.7","14.7"
"30004","375","2015","4","7","5","97","4","14.7","14.7","14.7"
"30004","375","2015","4","7","6","97","4","14.8","14.8","14.8"
"30004","375","2015","4","7","7","97","4","15.07","14.9","15.3"
"30004","375","2015","4","7","8","97","4","15.9","15.5","16.3"
"30004","375","2015","4","7","9","97","4","16.75","16.4","17.1"
"30004","375","2015","4","7","10","97","4","17.62","17.3","18"
"30004","375","2015","4","7","11","97","4","19.02","18.2","19.7"
"30004","375","2015","4","7","12","97","4","21.23","19.9","22.4"
"30004","375","2015","4","7","13","97","4","23.45","22.9","24.2"
"30004","375","2015","4","7","14","97","4","24.65","24.4","25.3"
"30004","375","2015","4","7","15","97","4","24.52","24.3","24.8"
"30004","375","2015","4","7","16","97","4","24.52","24.4","24.7"
"30004","375","2015","4","7","17","97","4","23.93","23.2","24.6"
"30004","375","2015","4","7","18","97","4","21.72","20.9","22.7"
"30004","375","2015","4","7","19","97","4","20.02","19.6","20.5"
"30004","375","2015","4","7","20","97","4","19.38","19.3","19.4"
"30004","375","2015","4","7","21","97","4","19.45","19.1","19.7"
"30004","375","2015","4","7","22","97","4","18.38","18","18.7"
"30004","375","2015","4","7","23","97","4","17.07","16.6","17.6"
"30004","375","2015","4","8","0","98","4","16.1","15.8","16.4"
"30004","375","2015","4","8","1","98","4","15.32","15.1","15.6"
"30004","375","2015","4","8","2","98","4","14.78","14.5","14.9"
"30004","375","2015","4","8","3","98","4","14.18","14","14.4"
"30004","375","2015","4","8","4","98","4","13.8","13.8","13.8"
"30004","375","2015","4","8","5","98","4","13.55","13.4","13.7"
"30004","375","2015","4","8","6","98","4","13.25","13.2","13.3"
"30004","375","2015","4","8","7","98","4","14.6","13.5","15.9"
"30004","375","2015","4","8","8","98","4","18.98","16.8","21.3"
"30004","375","2015","4","8","9","98","4","23.6","22.3","24.4"
"30004","375","2015","4","8","10","98","4","25.05","24.6","25.5"
"30004","375","2015","4","8","11","98","4","25.73","25.4","26.2"
"30004","375","2015","4","8","12","98","4","27.65","27.1","28.1"
"30004","375","2015","4","8","13","98","4","28.88","28.5","29.4"
"30004","375","2015","4","8","14","98","4","29.77","29.6","30"
"30004","375","2015","4","8","15","98","4","30.12","29.9","30.4"
"30004","375","2015","4","8","16","98","4","30.02","29.9","30.3"
"30004","375","2015","4","8","17","98","4","29.48","28.9","29.9"
"30004","375","2015","4","8","18","98","4","27.4","26","28.3"
"30004","375","2015","4","8","19","98","4","23.48","22.5","24.7"
"30004","375","2015","4","8","20","98","4","21.35","20.8","22"
"30004","375","2015","4","8","21","98","4","20.2","19.9","20.6"
"30004","375","2015","4","8","22","98","4","19.38","19.1","19.6"
"30004","375","2015","4","8","23","98","4","18.73","18.4","19.1"
"30004","375","2015","4","9","0","99","4","17.95","17.8","18.2"
"30004","375","2015","4","9","1","99","4","17.4","17.2","17.6"
"30004","375","2015","4","9","2","99","4","16.73","16.5","17"
"30004","375","2015","4","9","3","99","4","16.1","15.9","16.3"
"30004","375","2015","4","9","4","99","4","15.57","15.4","15.8"
"30004","375","2015","4","9","5","99","4","15.15","15","15.3"
"30004","375","2015","4","9","6","99","4","14.95","14.9","15.1"
"30004","375","2015","4","9","7","99","4","16.5","15.4","17.9"
"30004","375","2015","4","9","8","99","4","21","19.1","22.7"
"30004","375","2015","4","9","9","99","4","24.65","23.5","25.5"
"30004","375","2015","4","9","10","99","4","26.62","25.8","27.4"
"30004","375","2015","4","9","11","99","4","28.07","27.6","28.3"
"30004","375","2015","4","9","12","99","4","27.75","27.5","28.2"
"30004","375","2015","4","9","13","99","4","28.23","27.9","28.5"
"30004","375","2015","4","9","14","99","4","27.95","27.4","28.8"
"30004","375","2015","4","9","15","99","4","28.3","27.8","28.9"
"30004","375","2015","4","9","16","99","4","28.02","27.9","28.1"
"30004","375","2015","4","9","17","99","4","28.05","27.6","28.5"
"30004","375","2015","4","9","18","99","4","26.4","26","27"
"30004","375","2015","4","9","19","99","4","24.52","23.8","25.5"
"30004","375","2015","4","9","20","99","4","22.7","21.6","23.7"
"30004","375","2015","4","9","21","99","4","21.6","21.4","22"
"30004","375","2015","4","9","22","99","4","22.1","21.7","22.4"
"30004","375","2015","4","9","23","99","4","20.82","20.5","21.2"
"30004","375","2015","4","10","0","100","4","21.85","21.3","22.1"
"30004","375","2015","4","10","1","100","4","22.05","21.9","22.2"
"30004","375","2015","4","10","2","100","4","21.68","21.5","21.9"
"30004","375","2015","4","10","3","100","4","21.3","21","21.5"
"30004","375","2015","4","10","4","100","4","20.82","20.7","20.9"
"30004","375","2015","4","10","5","100","4","20.45","20.4","20.6"
"30004","375","2015","4","10","6","100","4","20.15","20.1","20.2"
"30004","375","2015","4","10","7","100","4","20.42","20.4","20.5"
"30004","375","2015","4","10","8","100","4","19.3","18.5","20.2"
"30004","375","2015","4","10","9","100","4","18.25","17.9","18.5"
"30004","375","2015","4","10","10","100","4","17.52","17.3","17.8"
"30004","375","2015","4","10","11","100","4","17.73","17.4","18.1"
"30004","375","2015","4","10","12","100","4","19.32","18.2","20.3"
"30004","375","2015","4","10","13","100","4","21","20.5","21.5"
"30004","375","2015","4","10","14","100","4","22.25","21.9","22.6"
"30004","375","2015","4","10","15","100","4","22.38","21.9","22.6"
"30004","375","2015","4","10","16","100","4","20.68","19.8","21.4"
"30004","375","2015","4","10","17","100","4","19.38","19.2","19.5"
"30004","375","2015","4","10","18","100","4","18.77","18.6","19"
"30004","375","2015","4","10","19","100","4","18.07","17.8","18.4"
"30004","375","2015","4","10","20","100","4","17.6","17.6","17.6"
"30004","375","2015","4","10","21","100","4","17.68","17.6","17.8"
"30004","375","2015","4","10","22","100","4","17.7","17.6","17.8"
"30004","375","2015","4","10","23","100","4","16.93","16.4","17.5"
"30004","375","2015","4","11","0","101","4","15.38","14.5","16.2"
"30004","375","2015","4","11","1","101","4","13.97","13.7","14.2"
"30004","375","2015","4","11","2","101","4","13.2","12.9","13.5"
"30004","375","2015","4","11","3","101","4","13.1","13","13.2"
"30004","375","2015","4","11","4","101","4","12.88","12.6","13.1"
"30004","375","2015","4","11","5","101","4","11.93","11.2","12.5"
"30004","375","2015","4","11","6","101","4","10.12","9.6","10.7"
"30004","375","2015","4","11","7","101","4","10.95","9.5","12.7"
"30004","375","2015","4","11","8","101","4","14.25","13.2","15.6"
"30004","375","2015","4","11","9","101","4","17.65","16.3","19"
"30004","375","2015","4","11","10","101","4","20.3","19.8","21.4"
"30004","375","2015","4","11","11","101","4","22.4","21.7","22.9"
"30004","375","2015","4","11","12","101","4","23.43","23","23.7"
"30004","375","2015","4","11","13","101","4","24.18","23.5","24.8"
"30004","375","2015","4","11","14","101","4","25.5","25.1","25.7"
"30004","375","2015","4","11","15","101","4","26.23","25.7","26.7"
"30004","375","2015","4","11","16","101","4","26.05","25.5","26.3"
"30004","375","2015","4","11","17","101","4","24.6","23.8","25.3"
"30004","375","2015","4","11","18","101","4","22.43","21.3","23.4"
"30004","375","2015","4","11","19","101","4","18.6","17.2","20.2"
"30004","375","2015","4","11","20","101","4","15.8","15.1","16.6"
"30004","375","2015","4","11","21","101","4","14.3","13.8","14.8"
"30004","375","2015","4","11","22","101","4","12.97","12.5","13.5"
"30004","375","2015","4","11","23","101","4","11.7","11.3","12.2"
"30004","375","2015","4","12","0","102","4","10.78","10.5","11.1"
"30004","375","2015","4","12","1","102","4","10.03","9.8","10.3"
"30004","375","2015","4","12","2","102","4","9.6","9.5","9.7"
"30004","375","2015","4","12","3","102","4","9.45","9.3","9.6"
"30004","375","2015","4","12","4","102","4","9.47","9.4","9.5"
"30004","375","2015","4","12","5","102","4","9.88","9.6","10.3"
"30004","375","2015","4","12","6","102","4","11.75","10.8","12.6"
"30004","375","2015","4","12","7","102","4","14.9","13.2","16.1"
"30004","375","2015","4","12","8","102","4","16.75","16.4","17.2"
"30004","375","2015","4","12","9","102","4","17.7","17.4","18"
"30004","375","2015","4","12","10","102","4","18.57","18.3","19"
"30004","375","2015","4","12","11","102","4","19.45","19.1","19.9"
"30004","375","2015","4","12","12","102","4","19.75","19.5","20.1"
"30004","375","2015","4","12","13","102","4","20.57","20.5","20.7"
"30004","375","2015","4","12","14","102","4","20.85","20.6","21.1"
"30004","375","2015","4","12","15","102","4","21.38","20.8","22"
"30004","375","2015","4","12","16","102","4","21.32","21.2","21.5"
"30004","375","2015","4","12","17","102","4","20.38","20","20.9"
"30004","375","2015","4","12","18","102","4","19.65","19.4","19.8"
"30004","375","2015","4","12","19","102","4","19.23","19.2","19.3"
"30004","375","2015","4","12","20","102","4","19.12","19.1","19.2"
"30004","375","2015","4","12","21","102","4","19.02","19","19.1"
"30004","375","2015","4","12","22","102","4","18.8","18.7","18.9"
"30004","375","2015","4","12","23","102","4","18.35","18.2","18.6"
"30004","375","2015","4","13","0","103","4","18.23","18.1","18.3"
"30004","375","2015","4","13","1","103","4","17.45","17.4","17.6"
"30004","375","2015","4","13","2","103","4","17.23","16.8","17.5"
"30004","375","2015","4","13","3","103","4","16.38","16.2","16.6"
"30004","375","2015","4","13","4","103","4","16.18","16.1","16.2"
"30004","375","2015","4","13","5","103","4","16.1","16.1","16.1"
"30004","375","2015","4","13","6","103","4","16.1","16.1","16.1"
"30004","375","2015","4","13","7","103","4","16.02","16","16.1"
"30004","375","2015","4","13","8","103","4","16.27","16.2","16.4"
"30004","375","2015","4","13","9","103","4","16.75","16.5","17.1"
"30004","375","2015","4","13","10","103","4","17.38","17.2","17.5"
"30004","375","2015","4","13","11","103","4","17.75","17.6","17.9"
"30004","375","2015","4","13","12","103","4","18.07","18","18.2"
"30004","375","2015","4","13","13","103","4","19.2","18.4","20"
"30004","375","2015","4","13","14","103","4","21.32","20.9","21.5"
"30004","375","2015","4","13","15","103","4","21.02","20.7","21.6"
"30004","375","2015","4","13","16","103","4","19.43","18.6","19.9"
"30004","375","2015","4","13","17","103","4","18.08","18","18.1"
"30004","375","2015","4","13","18","103","4","18.1","18","18.2"
"30004","375","2015","4","13","19","103","4","18.25","18.1","18.4"
"30004","375","2015","4","13","20","103","4","18.4","18.4","18.4"
"30004","375","2015","4","13","21","103","4","18.35","18.3","18.4"
"30004","375","2015","4","13","22","103","4","18.38","18.3","18.4"
"30004","375","2015","4","13","23","103","4","18.35","18.3","18.4"
"30004","375","2015","4","14","0","104","4","18.4","18.4","18.4"
"30004","375","2015","4","14","1","104","4","18.48","18.4","18.6"
"30004","375","2015","4","14","2","104","4","18.68","18.6","18.7"
"30004","375","2015","4","14","3","104","4","18.5","18.4","18.6"
"30004","375","2015","4","14","4","104","4","18.15","18","18.3"
"30004","375","2015","4","14","5","104","4","17.8","17.8","17.8"
"30004","375","2015","4","14","6","104","4","18","17.9","18.1"
"30004","375","2015","4","14","7","104","4","18.55","18.4","18.7"
"30004","375","2015","4","14","8","104","4","19.18","18.9","19.5"
"30004","375","2015","4","14","9","104","4","21.1","20","21.9"
"30004","375","2015","4","14","10","104","4","22.45","21.8","23.1"
"30004","375","2015","4","14","11","104","4","23.52","23","24.2"
"30004","375","2015","4","14","12","104","4","24.9","24.5","25.3"
"30004","375","2015","4","14","13","104","4","26.05","25.7","26.2"
"30004","375","2015","4","14","14","104","4","26.5","26.4","26.6"
"30004","375","2015","4","14","15","104","4","26.98","26.9","27"
"30004","375","2015","4","14","16","104","4","26.88","26.5","27.1"
"30004","375","2015","4","14","17","104","4","25.8","25.5","26.1"
"30004","375","2015","4","14","18","104","4","24.68","24.1","25.2"
"30004","375","2015","4","14","19","104","4","22.38","21.7","23.3"
"30004","375","2015","4","14","20","104","4","21.25","21.1","21.4"
"30004","375","2015","4","14","21","104","4","21.62","21.4","21.8"
"30004","375","2015","4","14","22","104","4","21.5","21.4","21.6"
"30004","375","2015","4","14","23","104","4","20.98","20.5","21.4"
"30004","375","2015","4","15","0","105","4","20.18","19.8","20.4"
"30004","375","2015","4","15","1","105","4","19.07","18.8","19.4"
"30004","375","2015","4","15","2","105","4","18.5","18.4","18.6"
"30004","375","2015","4","15","3","105","4","18.15","18","18.3"
"30004","375","2015","4","15","4","105","4","17.85","17.8","17.9"
"30004","375","2015","4","15","5","105","4","17.85","17.8","17.9"
"30004","375","2015","4","15","6","105","4","17.5","17.2","17.7"
"30004","375","2015","4","15","7","105","4","16.9","16.8","17"
"30004","375","2015","4","15","8","105","4","17.18","16.9","17.5"
"30004","375","2015","4","15","9","105","4","18.02","17.9","18.2"
"30004","375","2015","4","15","10","105","4","18.85","18.3","19.4"
"30004","375","2015","4","15","11","105","4","20.62","20","21.2"
"30004","375","2015","4","15","12","105","4","20.88","20.5","21.4"
"30004","375","2015","4","15","13","105","4","19.25","18.5","20.3"
"30004","375","2015","4","15","14","105","4","17.48","17","18.1"
"30004","375","2015","4","15","15","105","4","16.4","16","16.8"
"30004","375","2015","4","15","16","105","4","15.88","15.6","16.1"
"30004","375","2015","4","15","17","105","4","15.47","15.4","15.6"
"30004","375","2015","4","15","18","105","4","14.95","14.5","15.3"
"30004","375","2015","4","15","19","105","4","13.7","13.2","14.2"
"30004","375","2015","4","15","20","105","4","12.65","12.4","13"
"30004","375","2015","4","15","21","105","4","12.1","11.9","12.3"
"30004","375","2015","4","15","22","105","4","11.88","11.8","11.9"
"30004","375","2015","4","15","23","105","4","11.82","11.7","11.9"
"30004","375","2015","4","16","0","106","4","11.47","11.3","11.6"
"30004","375","2015","4","16","1","106","4","11.12","11.1","11.2"
"30004","375","2015","4","16","2","106","4","10.97","10.9","11"
"30004","375","2015","4","16","3","106","4","10.83","10.8","10.9"
"30004","375","2015","4","16","4","106","4","10.82","10.7","10.9"
"30004","375","2015","4","16","5","106","4","10.7","10.7","10.7"
"30004","375","2015","4","16","6","106","4","10.78","10.7","10.8"
"30004","375","2015","4","16","7","106","4","10.93","10.8","11.1"
"30004","375","2015","4","16","8","106","4","11","10.9","11.1"
"30004","375","2015","4","16","9","106","4","10.88","10.6","11.1"
"30004","375","2015","4","16","10","106","4","10.85","10.6","11.1"
"30004","375","2015","4","16","11","106","4","11.68","11.3","12.1"
"30004","375","2015","4","16","12","106","4","11.65","11.4","11.9"
"30004","375","2015","4","16","13","106","4","11.47","11.4","11.7"
"30004","375","2015","4","16","14","106","4","12.18","11.8","12.4"
"30004","375","2015","4","16","15","106","4","12.2","12.1","12.4"
"30004","375","2015","4","16","16","106","4","12.38","12.3","12.5"
"30004","375","2015","4","16","17","106","4","12.4","12.4","12.4"
"30004","375","2015","4","16","18","106","4","12.55","12.5","12.6"
"30004","375","2015","4","16","19","106","4","12.38","12.3","12.4"
"30004","375","2015","4","16","20","106","4","12.47","12.4","12.5"
"30004","375","2015","4","16","21","106","4","12.22","12.2","12.3"
"30004","375","2015","4","16","22","106","4","12.17","12.1","12.2"
"30004","375","2015","4","16","23","106","4","12.12","12.1","12.2"
"30004","375","2015","4","17","0","107","4","12.12","12.1","12.2"
"30004","375","2015","4","17","1","107","4","12.17","12.1","12.2"
"30004","375","2015","4","17","2","107","4","11.9","11.8","12"
"30004","375","2015","4","17","3","107","4","11.9","11.9","11.9"
"30004","375","2015","4","17","4","107","4","11.95","11.9","12"
"30004","375","2015","4","17","5","107","4","12.05","12","12.1"
"30004","375","2015","4","17","6","107","4","12.12","12.1","12.2"
"30004","375","2015","4","17","7","107","4","12.53","12.4","12.7"
"30004","375","2015","4","17","8","107","4","13","12.8","13.2"
"30004","375","2015","4","17","9","107","4","13.7","13.5","13.9"
"30004","375","2015","4","17","10","107","4","14.32","14.2","14.5"
"30004","375","2015","4","17","11","107","4","15.07","14.7","15.4"
"30004","375","2015","4","17","12","107","4","15.65","15.4","15.8"
"30004","375","2015","4","17","13","107","4","16.03","15.8","16.3"
"30004","375","2015","4","17","14","107","4","16.3","16.2","16.4"
"30004","375","2015","4","17","15","107","4","16.6","16.5","16.7"
"30004","375","2015","4","17","16","107","4","16.3","16.2","16.4"
"30004","375","2015","4","17","17","107","4","16.23","16.1","16.3"
"30004","375","2015","4","17","18","107","4","15.97","15.9","16"
"30004","375","2015","4","17","19","107","4","15.85","15.8","15.9"
"30004","375","2015","4","17","20","107","4","15.88","15.8","15.9"
"30004","375","2015","4","17","21","107","4","15.9","15.9","15.9"
"30004","375","2015","4","17","22","107","4","15.88","15.8","15.9"
"30004","375","2015","4","17","23","107","4","15.9","15.9","15.9"
"30004","375","2015","4","18","0","108","4","15.93","15.9","16"
"30004","375","2015","4","18","1","108","4","15.9","15.9","15.9"
"30004","375","2015","4","18","2","108","4","15.9","15.9","15.9"
"30004","375","2015","4","18","3","108","4","15.95","15.9","16"
"30004","375","2015","4","18","4","108","4","16","16","16"
"30004","375","2015","4","18","5","108","4","15.9","15.9","15.9"
"30004","375","2015","4","18","6","108","4","15.95","15.9","16.1"
"30004","375","2015","4","18","7","108","4","16.43","16.2","16.8"
"30004","375","2015","4","18","8","108","4","17.27","16.8","17.8"
"30004","375","2015","4","18","9","108","4","18.95","18.4","19.7"
"30004","375","2015","4","18","10","108","4","20.48","20","20.9"
"30004","375","2015","4","18","11","108","4","20.35","20","20.6"
"30004","375","2015","4","18","12","108","4","19.62","19.5","19.8"
"30004","375","2015","4","18","13","108","4","21.12","20.1","22.1"
"30004","375","2015","4","18","14","108","4","21.27","20.7","21.8"
"30004","375","2015","4","18","15","108","4","20.35","20","20.7"
"30004","375","2015","4","18","16","108","4","20.9","20.6","21"
"30004","375","2015","4","18","17","108","4","20.45","20.1","20.8"
"30004","375","2015","4","18","18","108","4","19.57","19.4","19.8"
"30004","375","2015","4","18","19","108","4","18.9","18.6","19.2"
"30004","375","2015","4","18","20","108","4","17.77","17.3","18.3"
"30004","375","2015","4","18","21","108","4","17.1","17","17.2"
"30004","375","2015","4","18","22","108","4","17.15","17.1","17.2"
"30004","375","2015","4","18","23","108","4","17.55","17.4","17.7"
"30004","375","2015","4","19","0","109","4","17.8","17.8","17.8"
"30004","375","2015","4","19","1","109","4","17.98","17.9","18"
"30004","375","2015","4","19","2","109","4","17.95","17.9","18"
"30004","375","2015","4","19","3","109","4","18","18","18"
"30004","375","2015","4","19","4","109","4","18","18","18"
"30004","375","2015","4","19","5","109","4","18.02","18","18.1"
"30004","375","2015","4","19","6","109","4","18.18","18.1","18.2"
"30004","375","2015","4","19","7","109","4","18.23","18.2","18.3"
"30004","375","2015","4","19","8","109","4","18.7","18.4","19"
"30004","375","2015","4","19","9","109","4","19.1","19","19.2"
"30004","375","2015","4","19","10","109","4","18.95","18.9","19"
"30004","375","2015","4","19","11","109","4","19","18.9","19.1"
"30004","375","2015","4","19","12","109","4","19.2","19.2","19.2"
"30004","375","2015","4","19","13","109","4","19.32","19.2","19.4"
"30004","375","2015","4","19","14","109","4","19.9","19.7","20"
"30004","375","2015","4","19","15","109","4","20.12","20.1","20.2"
"30004","375","2015","4","19","16","109","4","20.18","20","20.5"
"30004","375","2015","4","19","17","109","4","20.43","20.3","20.5"
"30004","375","2015","4","19","18","109","4","20.02","19.7","20.4"
"30004","375","2015","4","19","19","109","4","19.25","19.1","19.5"
"30004","375","2015","4","19","20","109","4","19.12","19","19.2"
"30004","375","2015","4","19","21","109","4","18.57","18","19"
"30004","375","2015","4","19","22","109","4","17.35","17","17.7"
"30004","375","2015","4","19","23","109","4","16.5","16.1","16.9"
"30004","375","2015","4","20","0","110","4","15.7","15.6","15.9"
"30004","375","2015","4","20","1","110","4","16.18","15.8","16.6"
"30004","375","2015","4","20","2","110","4","16.77","16.5","16.9"
"30004","375","2015","4","20","3","110","4","16.3","16.2","16.4"
"30004","375","2015","4","20","4","110","4","17.15","16.8","17.6"
"30004","375","2015","4","20","5","110","4","18.22","17.9","18.4"
"30004","375","2015","4","20","6","110","4","17.95","17.5","18.2"
"30004","375","2015","4","20","7","110","4","17.02","16.9","17.4"
"30004","375","2015","4","20","8","110","4","18.95","18.4","19.6"
"30004","375","2015","4","20","9","110","4","20.1","19.6","21"
"30004","375","2015","4","20","10","110","4","21.52","21.2","21.8"
"30004","375","2015","4","20","11","110","4","22","21.4","22.4"
"30004","375","2015","4","20","12","110","4","21.5","21.1","21.8"
"30004","375","2015","4","20","13","110","4","19.65","17.2","21.5"
"30004","375","2015","4","20","14","110","4","18.35","16.6","20.9"
"30004","375","2015","4","20","15","110","4","22.48","21.7","23.2"
"30004","375","2015","4","20","16","110","4","23.38","22.9","23.7"
"30004","375","2015","4","20","17","110","4","22.02","21.2","22.8"
"30004","375","2015","4","20","18","110","4","19.88","19.1","20.6"
"30004","375","2015","4","20","19","110","4","18.15","17.7","18.8"
"30004","375","2015","4","20","20","110","4","17.1","16.7","17.5"
"30004","375","2015","4","20","21","110","4","16","15.6","16.3"
"30004","375","2015","4","20","22","110","4","14.95","14.6","15.3"
"30004","375","2015","4","20","23","110","4","14.03","13.6","14.4"
"30004","375","2015","4","21","0","111","4","12.85","12.4","13.3"
"30004","375","2015","4","21","1","111","4","11.93","11.8","12.1"
"30004","375","2015","4","21","2","111","4","11.22","11","11.5"
"30004","375","2015","4","21","3","111","4","10.68","10.3","11.1"
"30004","375","2015","4","21","4","111","4","9.95","9.5","10.3"
"30004","375","2015","4","21","5","111","4","8.43","7.9","9"
"30004","375","2015","4","21","6","111","4","7.5","7.4","7.6"
"30004","375","2015","4","21","7","111","4","9.68","8.2","10.9"
"30004","375","2015","4","21","8","111","4","12.75","11.8","13.9"
"30004","375","2015","4","21","9","111","4","15.4","14.8","16"
"30004","375","2015","4","21","10","111","4","16.9","16.4","17.4"
"30004","375","2015","4","21","11","111","4","17.93","17.8","18.2"
"30004","375","2015","4","21","12","111","4","18.55","18.3","18.8"
"30004","375","2015","4","21","13","111","4","19.45","19","19.8"
"30004","375","2015","4","21","14","111","4","19.95","19.8","20.1"
"30004","375","2015","4","21","15","111","4","20.2","20.2","20.2"
"30004","375","2015","4","21","16","111","4","19.98","19.8","20.1"
"30004","375","2015","4","21","17","111","4","19.25","18.7","19.9"
"30004","375","2015","4","21","18","111","4","17.85","17.1","18.4"
"30004","375","2015","4","21","19","111","4","14.47","13.2","16"
"30004","375","2015","4","21","20","111","4","12.15","11.7","12.6"
"30004","375","2015","4","21","21","111","4","11.05","10.6","11.5"
"30004","375","2015","4","21","22","111","4","10.07","9.8","10.4"
"30004","375","2015","4","21","23","111","4","9.38","9.1","9.7"
"30004","375","2015","4","22","0","112","4","8.38","8","8.8"
"30004","375","2015","4","22","1","112","4","7.25","6.9","7.6"
"30004","375","2015","4","22","2","112","4","6.53","6.3","6.8"
"30004","375","2015","4","22","3","112","4","5.95","5.8","6.1"
"30004","375","2015","4","22","4","112","4","5.55","5.4","5.7"
"30004","375","2015","4","22","5","112","4","5.25","5.2","5.3"
"30004","375","2015","4","22","6","112","4","5.38","5.2","5.7"
"30004","375","2015","4","22","7","112","4","7.4","6.1","8.9"
"30004","375","2015","4","22","8","112","4","13.15","10.7","15.8"
"30004","375","2015","4","22","9","112","4","18.38","17.4","19.3"
"30004","375","2015","4","22","10","112","4","20.25","19.5","20.7"
"30004","375","2015","4","22","11","112","4","21.8","21.3","22.1"
"30004","375","2015","4","22","12","112","4","22.5","22.2","22.8"
"30004","375","2015","4","22","13","112","4","23.25","22.8","23.6"
"30004","375","2015","4","22","14","112","4","23.8","23.4","24"
"30004","375","2015","4","22","15","112","4","24.02","23.9","24.1"
"30004","375","2015","4","22","16","112","4","24.1","24","24.2"
"30004","375","2015","4","22","17","112","4","23.43","23","24"
"30004","375","2015","4","22","18","112","4","22.35","21.9","22.7"
"30004","375","2015","4","22","19","112","4","19.88","18.7","21.2"
"30004","375","2015","4","22","20","112","4","18.1","18","18.2"
"30004","375","2015","4","22","21","112","4","17.25","16.1","18.8"
"30004","375","2015","4","22","22","112","4","15.6","15.3","15.9"
"30004","375","2015","4","22","23","112","4","14.4","13.9","14.9"
"30004","375","2015","4","23","0","113","4","13.07","12.7","13.5"
"30004","375","2015","4","23","1","113","4","12.53","12.3","12.8"
"30004","375","2015","4","23","2","113","4","13.78","13.4","14"
"30004","375","2015","4","23","3","113","4","13.82","13.6","14"
"30004","375","2015","4","23","4","113","4","13.12","13","13.3"
"30004","375","2015","4","23","5","113","4","12.53","12.3","12.8"
"30004","375","2015","4","23","6","113","4","11.97","11.9","12.1"
"30004","375","2015","4","23","7","113","4","12.82","12.4","13.2"
"30004","375","2015","4","23","8","113","4","13.9","13.6","14.3"
"30004","375","2015","4","23","9","113","4","15.3","14.6","15.7"
"30004","375","2015","4","23","10","113","4","16.3","16.1","16.5"
"30004","375","2015","4","23","11","113","4","17.12","16.8","17.4"
"30004","375","2015","4","23","12","113","4","17.73","17.5","18"
"30004","375","2015","4","23","13","113","4","17.98","17.7","18.1"
"30004","375","2015","4","23","14","113","4","17.8","17.5","18"
"30004","375","2015","4","23","15","113","4","17.52","17.4","17.8"
"30004","375","2015","4","23","16","113","4","17.77","17.7","17.9"
"30004","375","2015","4","23","17","113","4","17.4","17.2","17.6"
"30004","375","2015","4","23","18","113","4","16.65","16.1","17"
"30004","375","2015","4","23","19","113","4","14.57","13.8","15.5"
"30004","375","2015","4","23","20","113","4","12.72","12.1","13.4"
"30004","375","2015","4","23","21","113","4","11.38","11","11.8"
"30004","375","2015","4","23","22","113","4","10.4","10","10.8"
"30004","375","2015","4","23","23","113","4","9.72","9.6","9.8"
"30004","375","2015","4","24","0","114","4","9.32","9.1","9.5"
"30004","375","2015","4","24","1","114","4","9.15","9","9.3"
"30004","375","2015","4","24","2","114","4","8.25","7.7","8.8"
"30004","375","2015","4","24","3","114","4","6.88","6.4","7.4"
"30004","375","2015","4","24","4","114","4","5.75","5.3","6.2"
"30004","375","2015","4","24","5","114","4","4.85","4.5","5.1"
"30004","375","2015","4","24","6","114","4","4.42","4.3","4.7"
"30004","375","2015","4","24","7","114","4","6.65","5.2","8.7"
"30004","375","2015","4","24","8","114","4","11.35","9.6","13.5"
"30004","375","2015","4","24","9","114","4","15.68","14.8","16.6"
"30004","375","2015","4","24","10","114","4","17.3","16.5","17.9"
"30004","375","2015","4","24","11","114","4","18.77","18","19.4"
"30004","375","2015","4","24","12","114","4","20.27","19.6","20.9"
"30004","375","2015","4","24","13","114","4","21.85","21.3","22.4"
"30004","375","2015","4","24","14","114","4","23.05","22.6","23.4"
"30004","375","2015","4","24","15","114","4","23.77","23.4","24"
"30004","375","2015","4","24","16","114","4","23","22.9","23.2"
"30004","375","2015","4","24","17","114","4","22.45","22.1","22.7"
"30004","375","2015","4","24","18","114","4","20.55","19.4","21.6"
"30004","375","2015","4","24","19","114","4","18.23","17.6","18.8"
"30004","375","2015","4","24","20","114","4","17.02","16.7","17.4"
"30004","375","2015","4","24","21","114","4","16.52","16.5","16.6"
"30004","375","2015","4","24","22","114","4","16.03","15.8","16.3"
"30004","375","2015","4","24","23","114","4","15.35","15.1","15.6"
"30004","375","2015","4","25","0","115","4","14.97","14.9","15.1"
"30004","375","2015","4","25","1","115","4","14.9","14.3","15.3"
"30004","375","2015","4","25","2","115","4","13.8","13.6","14"
"30004","375","2015","4","25","3","115","4","13.7","13.7","13.7"
"30004","375","2015","4","25","4","115","4","13.6","13.5","13.7"
"30004","375","2015","4","25","5","115","4","13.53","13.5","13.6"
"30004","375","2015","4","25","6","115","4","13.45","13.4","13.5"
"30004","375","2015","4","25","7","115","4","13.5","13.4","13.8"
"30004","375","2015","4","25","8","115","4","14.53","14.1","14.9"
"30004","375","2015","4","25","9","115","4","15.43","15","15.9"
"30004","375","2015","4","25","10","115","4","16.85","16.3","17.3"
"30004","375","2015","4","25","11","115","4","17.95","17.5","18.5"
"30004","375","2015","4","25","12","115","4","19.65","19","20.5"
"30004","375","2015","4","25","13","115","4","21.73","20.9","22.8"
"30004","375","2015","4","25","14","115","4","23.62","23","24.3"
"30004","375","2015","4","25","15","115","4","24","23.9","24.1"
"30004","375","2015","4","25","16","115","4","24.2","24","24.3"
"30004","375","2015","4","25","17","115","4","23.23","22.6","23.6"
"30004","375","2015","4","25","18","115","4","21.27","20.6","22"
"30004","375","2015","4","25","19","115","4","20.12","19.9","20.4"
"30004","375","2015","4","25","20","115","4","19.5","19.2","19.8"
"30004","375","2015","4","25","21","115","4","19.55","19.1","19.9"
"30004","375","2015","4","25","22","115","4","19.55","19.4","19.7"
"30004","375","2015","4","25","23","115","4","19.18","19.1","19.2"
"30004","375","2015","4","26","0","116","4","19.08","19","19.1"
"30004","375","2015","4","26","1","116","4","18.75","18.3","19.1"
"30004","375","2015","4","26","2","116","4","18.38","18.3","18.4"
"30004","375","2015","4","26","3","116","4","18.23","18.1","18.5"
"30004","375","2015","4","26","4","116","4","18.52","18.3","18.7"
"30004","375","2015","4","26","5","116","4","18.6","18.6","18.6"
"30004","375","2015","4","26","6","116","4","18.57","18.5","18.7"
"30004","375","2015","4","26","7","116","4","19","18.7","19.3"
"30004","375","2015","4","26","8","116","4","20.1","19.7","20.6"
"30004","375","2015","4","26","9","116","4","21.7","21.2","22.1"
"30004","375","2015","4","26","10","116","4","22.77","22.3","23.4"
"30004","375","2015","4","26","11","116","4","24.1","23.4","24.4"
"30004","375","2015","4","26","12","116","4","25.05","24.8","25.5"
"30004","375","2015","4","26","13","116","4","25.93","25.3","26.5"
"30004","375","2015","4","26","14","116","4","26.18","25.8","26.6"
"30004","375","2015","4","26","15","116","4","25.43","25.1","25.9"
"30004","375","2015","4","26","16","116","4","25.1","24.7","25.5"
"30004","375","2015","4","26","17","116","4","23.88","22.8","24.8"
"30004","375","2015","4","26","18","116","4","21.38","20.4","22.4"
"30004","375","2015","4","26","19","116","4","18.95","18.2","19.8"
"30004","375","2015","4","26","20","116","4","17.18","16.6","17.7"
"30004","375","2015","4","26","21","116","4","15.68","15.1","16.2"
"30004","375","2015","4","26","22","116","4","14.22","13.7","14.7"
"30004","375","2015","4","26","23","116","4","12.88","12.4","13.4"
"30004","375","2015","4","27","0","117","4","11.75","11.4","12.1"
"30004","375","2015","4","27","1","117","4","10.9","10.7","11.1"
"30004","375","2015","4","27","2","117","4","10.07","9.7","10.4"
"30004","375","2015","4","27","3","117","4","9.47","9.4","9.6"
"30004","375","2015","4","27","4","117","4","10","9.9","10.1"
"30004","375","2015","4","27","5","117","4","10.18","10","10.4"
"30004","375","2015","4","27","6","117","4","10.93","10.6","11.3"
"30004","375","2015","4","27","7","117","4","11.62","11.4","12"
"30004","375","2015","4","27","8","117","4","13.65","12.5","14.9"
"30004","375","2015","4","27","9","117","4","16.18","15.7","16.5"
"30004","375","2015","4","27","10","117","4","17.55","16.9","17.9"
"30004","375","2015","4","27","11","117","4","18.7","18.4","19"
"30004","375","2015","4","27","12","117","4","19.6","18.9","20.1"
"30004","375","2015","4","27","13","117","4","20.6","20.1","21.1"
"30004","375","2015","4","27","14","117","4","20.4","20.1","20.8"
"30004","375","2015","4","27","15","117","4","19.4","18.9","20"
"30004","375","2015","4","27","16","117","4","18.2","17.8","18.6"
"30004","375","2015","4","27","17","117","4","17.5","17.1","17.8"
"30004","375","2015","4","27","18","117","4","16.82","16.4","17.1"
"30004","375","2015","4","27","19","117","4","15.07","14.4","15.9"
"30004","375","2015","4","27","20","117","4","13.57","12.9","14.1"
"30004","375","2015","4","27","21","117","4","11.7","11.1","12.3"
"30004","375","2015","4","27","22","117","4","10.45","10","10.9"
"30004","375","2015","4","27","23","117","4","9.47","9.2","9.8"
"30004","375","2015","4","28","0","118","4","8.97","8.9","9.1"
"30004","375","2015","4","28","1","118","4","9.12","8.9","9.4"
"30004","375","2015","4","28","2","118","4","11.47","10.4","12"
"30004","375","2015","4","28","3","118","4","12.07","12","12.1"
"30004","375","2015","4","28","4","118","4","11.68","11.5","11.8"
"30004","375","2015","4","28","5","118","4","11.18","10.9","11.4"
"30004","375","2015","4","28","6","118","4","10.82","10.7","10.9"
"30004","375","2015","4","28","7","118","4","11.4","10.9","12"
"30004","375","2015","4","28","8","118","4","13.7","12.6","14.9"
"30004","375","2015","4","28","9","118","4","16.4","15.8","17.2"
"30004","375","2015","4","28","10","118","4","18.27","17.9","18.7"
"30004","375","2015","4","28","11","118","4","18.77","18.5","19.3"
"30004","375","2015","4","28","12","118","4","19.9","19.3","20.3"
"30004","375","2015","4","28","13","118","4","20.55","19.8","21.2"
"30004","375","2015","4","28","14","118","4","21.75","21.3","22.2"
"30004","375","2015","4","28","15","118","4","22.15","21.7","22.6"
"30004","375","2015","4","28","16","118","4","21.73","21.3","22.1"
"30004","375","2015","4","28","17","118","4","20.9","20.3","21.7"
"30004","375","2015","4","28","18","118","4","19.25","18.6","19.9"
"30004","375","2015","4","28","19","118","4","17.65","17.2","18.2"
"30004","375","2015","4","28","20","118","4","16.85","16.8","17"
"30004","375","2015","4","28","21","118","4","16.95","16.7","17.1"
"30004","375","2015","4","28","22","118","4","16.55","16.5","16.6"
"30004","375","2015","4","28","23","118","4","16.27","16.2","16.3"
"30004","375","2015","4","29","0","119","4","15.97","15.5","16.3"
"30004","375","2015","4","29","1","119","4","14.3","13.6","15"
"30004","375","2015","4","29","2","119","4","12.4","12","12.8"
"30004","375","2015","4","29","3","119","4","12","12","12"
"30004","375","2015","4","29","4","119","4","11.82","11.7","11.9"
"30004","375","2015","4","29","5","119","4","11.62","11.5","11.7"
"30004","375","2015","4","29","6","119","4","11.5","11.5","11.5"
"30004","375","2015","4","29","7","119","4","11.33","11.3","11.4"
"30004","375","2015","4","29","8","119","4","11.78","11.5","12.3"
"30004","375","2015","4","29","9","119","4","13","12.6","13.4"
"30004","375","2015","4","29","10","119","4","13.38","12.9","13.8"
"30004","375","2015","4","29","11","119","4","13.45","13.3","13.6"
"30004","375","2015","4","29","12","119","4","13.1","13","13.3"
"30004","375","2015","4","29","13","119","4","13.88","13","15.1"
"30004","375","2015","4","29","14","119","4","14.88","14.7","15"
"30004","375","2015","4","29","15","119","4","15.85","15.4","16.4"
"30004","375","2015","4","29","16","119","4","15.9","15.6","16.2"
"30004","375","2015","4","29","17","119","4","15.62","15.4","15.8"
"30004","375","2015","4","29","18","119","4","14.82","14.5","15.2"
"30004","375","2015","4","29","19","119","4","13.85","13.5","14.3"
"30004","375","2015","4","29","20","119","4","13.15","13","13.3"
"30004","375","2015","4","29","21","119","4","12.43","11.9","12.9"
"30004","375","2015","4","29","22","119","4","11.32","11","11.7"
"30004","375","2015","4","29","23","119","4","10.68","10.6","10.8"
"30004","375","2015","4","30","0","120","4","10.57","10.5","10.6"
"30004","375","2015","4","30","1","120","4","10.47","10.3","10.6"
"30004","375","2015","4","30","2","120","4","10.32","10.1","10.5"
"30004","375","2015","4","30","3","120","4","9.78","9.6","10"
"30004","375","2015","4","30","4","120","4","9.25","9","9.5"
"30004","375","2015","4","30","5","120","4","9.12","8.9","9.6"
"30004","375","2015","4","30","6","120","4","9.62","9.5","9.8"
"30004","375","2015","4","30","7","120","4","10.9","10.2","11.6"
"30004","375","2015","4","30","8","120","4","13.25","12","14.8"
"30004","375","2015","4","30","9","120","4","16.9","15.8","17.8"
"30004","375","2015","4","30","10","120","4","18.52","18.1","19.1"
"30004","375","2015","4","30","11","120","4","19.32","19.1","19.5"
"30004","375","2015","4","30","12","120","4","19.9","19.6","20.4"
"30004","375","2015","4","30","13","120","4","21","20.8","21.3"
"30004","375","2015","4","30","14","120","4","21.85","21.6","22.1"
"30004","375","2015","4","30","15","120","4","21.4","20.9","21.7"
"30004","375","2015","4","30","16","120","4","21.73","21.2","22.2"
"30004","375","2015","4","30","17","120","4","20.98","20.9","21.1"
"30004","375","2015","4","30","18","120","4","20.15","19.6","20.7"
"30004","375","2015","4","30","19","120","4","19.02","18.9","19.3"
"30004","375","2015","4","30","20","120","4","17.77","16.2","18.6"
"30004","375","2015","4","30","21","120","4","15.22","14.9","15.6"
"30004","375","2015","4","30","22","120","4","14.5","14.3","14.8"
"30004","375","2015","4","30","23","120","4","13.82","13.2","14.2"
"30004","375","2015","5","1","0","121","4","12.1","11.3","12.9"
"30004","375","2015","5","1","1","121","4","10.15","9.6","10.8"
"30004","375","2015","5","1","2","121","4","8.85","8.3","9.4"
"30004","375","2015","5","1","3","121","4","8.28","8.1","8.4"
"30004","375","2015","5","1","4","121","4","7.9","7.5","8.3"
"30004","375","2015","5","1","5","121","4","7.22","7","7.4"
"30004","375","2015","5","1","6","121","4","7.05","6.8","7.4"
"30004","375","2015","5","1","7","121","4","8.78","8","9.6"
"30004","375","2015","5","1","8","121","4","11.43","10.2","12.9"
"30004","375","2015","5","1","9","121","4","14.3","13.9","14.9"
"30004","375","2015","5","1","10","121","4","16.38","15.4","17"
"30004","375","2015","5","1","11","121","4","17.5","17.1","17.9"
"30004","375","2015","5","1","12","121","4","18.62","18.3","19"
"30004","375","2015","5","1","13","121","4","19.65","19.1","20.2"
"30004","375","2015","5","1","14","121","4","20.4","19.9","21"
"30004","375","2015","5","1","15","121","4","21.15","20.8","21.4"
"30004","375","2015","5","1","16","121","4","20.62","20.4","20.9"
"30004","375","2015","5","1","17","121","4","19.5","19.1","20.1"
"30004","375","2015","5","1","18","121","4","18.27","17.7","18.8"
"30004","375","2015","5","1","19","121","4","16.48","15.7","17.2"
"30004","375","2015","5","1","20","121","4","14.5","13.8","15.3"
"30004","375","2015","5","1","21","121","4","12.65","12","13.4"
"30004","375","2015","5","1","22","121","4","11.32","11","11.7"
"30004","375","2015","5","1","23","121","4","10.3","10","10.6"
"30004","375","2015","5","2","0","122","4","9.43","9.1","9.8"
"30004","375","2015","5","2","1","122","4","8.65","8.5","8.8"
"30004","375","2015","5","2","2","122","4","7.95","7.5","8.2"
"30004","375","2015","5","2","3","122","4","7.15","7","7.3"
"30004","375","2015","5","2","4","122","4","6.78","6.6","7"
"30004","375","2015","5","2","5","122","4","6.4","6.2","6.5"
"30004","375","2015","5","2","6","122","4","6.4","6.2","6.7"
"30004","375","2015","5","2","7","122","4","8.03","7.1","9"
"30004","375","2015","5","2","8","122","4","10.93","9.6","12.8"
"30004","375","2015","5","2","9","122","4","16.95","15","18.1"
"30004","375","2015","5","2","10","122","4","19.5","18.6","20.4"
"30004","375","2015","5","2","11","122","4","21.2","20.8","21.6"
"30004","375","2015","5","2","12","122","4","21.88","21.5","22.2"
"30004","375","2015","5","2","13","122","4","22.77","22.7","23"
"30004","375","2015","5","2","14","122","4","23.75","23.6","23.8"
"30004","375","2015","5","2","15","122","4","24.15","23.8","24.4"
"30004","375","2015","5","2","16","122","4","24.35","24.3","24.4"
"30004","375","2015","5","2","17","122","4","23.43","22.9","24.1"
"30004","375","2015","5","2","18","122","4","21.88","20.9","22.6"
"30004","375","2015","5","2","19","122","4","18.32","17.1","19.7"
"30004","375","2015","5","2","20","122","4","15.82","15.2","16.5"
"30004","375","2015","5","2","21","122","4","14.15","13.6","14.7"
"30004","375","2015","5","2","22","122","4","12.8","12.3","13.3"
"30004","375","2015","5","2","23","122","4","11.75","11.4","12.1"
"30004","375","2015","5","3","0","123","4","10.97","10.8","11.2"
"30004","375","2015","5","3","1","123","4","10.32","10.1","10.6"
"30004","375","2015","5","3","2","123","4","9.88","9.7","10.1"
"30004","375","2015","5","3","3","123","4","9.35","9.1","9.6"
"30004","375","2015","5","3","4","123","4","8.8","8.6","9"
"30004","375","2015","5","3","5","123","4","8.32","8.2","8.5"
"30004","375","2015","5","3","6","123","4","8.47","8.2","8.9"
"30004","375","2015","5","3","7","123","4","10.35","9.2","11.7"
"30004","375","2015","5","3","8","123","4","15.3","12.8","18.2"
"30004","375","2015","5","3","9","123","4","21.05","19.5","21.9"
"30004","375","2015","5","3","10","123","4","22.48","22.1","23.1"
"30004","375","2015","5","3","11","123","4","23.1","22.5","23.7"
"30004","375","2015","5","3","12","123","4","23.8","23.6","24"
"30004","375","2015","5","3","13","123","4","24.9","24.6","25.2"
"30004","375","2015","5","3","14","123","4","25.52","25.2","26"
"30004","375","2015","5","3","15","123","4","25.5","25","25.8"
"30004","375","2015","5","3","16","123","4","25","24.8","25.4"
"30004","375","2015","5","3","17","123","4","23.7","23.4","23.9"
"30004","375","2015","5","3","18","123","4","23.27","22.4","23.8"
"30004","375","2015","5","3","19","123","4","19.8","18.4","21.5"
"30004","375","2015","5","3","20","123","4","17.1","16.5","17.8"
"30004","375","2015","5","3","21","123","4","15.68","15.2","16.2"
"30004","375","2015","5","3","22","123","4","14.78","14.5","15"
"30004","375","2015","5","3","23","123","4","13.97","13.6","14.3"
"30004","375","2015","5","4","0","124","4","13.12","12.9","13.4"
"30004","375","2015","5","4","1","124","4","12.5","12.3","12.7"
"30004","375","2015","5","4","2","124","4","11.97","11.8","12.2"
"30004","375","2015","5","4","3","124","4","11.5","11.3","11.7"
"30004","375","2015","5","4","4","124","4","10.92","10.6","11.2"
"30004","375","2015","5","4","5","124","4","10.35","10.2","10.5"
"30004","375","2015","5","4","6","124","4","10.38","10.2","10.7"
"30004","375","2015","5","4","7","124","4","12.03","11","13.2"
"30004","375","2015","5","4","8","124","4","15.3","14","17.3"
"30004","375","2015","5","4","9","124","4","21.2","19.7","22.2"
"30004","375","2015","5","4","10","124","4","23.93","22.9","24.7"
"30004","375","2015","5","4","11","124","4","24.45","24.3","24.8"
"30004","375","2015","5","4","12","124","4","24.62","24.2","25.2"
"30004","375","2015","5","4","13","124","4","25.4","25.1","25.8"
"30004","375","2015","5","4","14","124","4","25.18","24.7","26.2"
"30004","375","2015","5","4","15","124","4","24.38","24","24.7"
"30004","375","2015","5","4","16","124","4","23.77","23.7","23.8"
"30004","375","2015","5","4","17","124","4","24.48","23.7","24.9"
"30004","375","2015","5","4","18","124","4","23.38","22.4","24.2"
"30004","375","2015","5","4","19","124","4","20.05","18.8","21.5"
"30004","375","2015","5","4","20","124","4","17.65","17.1","18.3"
"30004","375","2015","5","4","21","124","4","16.32","15.9","16.7"
"30004","375","2015","5","4","22","124","4","15.12","14.8","15.5"
"30004","375","2015","5","4","23","124","4","14.25","13.9","14.6"
"30004","375","2015","5","5","0","125","4","13.78","13.7","13.9"
"30004","375","2015","5","5","1","125","4","13.78","13.7","13.8"
"30004","375","2015","5","5","2","125","4","13.43","13.1","13.7"
"30004","375","2015","5","5","3","125","4","12.62","12.4","12.9"
"30004","375","2015","5","5","4","125","4","11.97","11.7","12.2"
"30004","375","2015","5","5","5","125","4","11.4","11.2","11.6"
"30004","375","2015","5","5","6","125","4","11.45","11.2","11.8"
"30004","375","2015","5","5","7","125","4","13.25","12.2","14.5"
"30004","375","2015","5","5","8","125","4","17.68","15.8","19.7"
"30004","375","2015","5","5","9","125","4","21.45","20.4","22.1"
"30004","375","2015","5","5","10","125","4","23.4","22.9","23.9"
"30004","375","2015","5","5","11","125","4","24.43","24.2","24.8"
"30004","375","2015","5","5","12","125","4","25.05","24.6","25.5"
"30004","375","2015","5","5","13","125","4","25.65","24.9","26.1"
"30004","375","2015","5","5","14","125","4","26.5","25.9","27"
"30004","375","2015","5","5","15","125","4","27","27","27"
"30004","375","2015","5","5","16","125","4","27.05","26.7","27.3"
"30004","375","2015","5","5","17","125","4","25.68","24.7","26.6"
"30004","375","2015","5","5","18","125","4","23.98","23.4","24.5"
"30004","375","2015","5","5","19","125","4","21.5","20.3","22.8"
"30004","375","2015","5","5","20","125","4","18.7","17.9","19.6"
"30004","375","2015","5","5","21","125","4","16.95","16.5","17.4"
"30004","375","2015","5","5","22","125","4","15.65","15.1","16.2"
"30004","375","2015","5","5","23","125","4","14.53","14.2","14.9"
"30004","375","2015","5","6","0","126","4","13.68","13.4","14"
"30004","375","2015","5","6","1","126","4","12.95","12.7","13.2"
"30004","375","2015","5","6","2","126","4","12.12","11.8","12.6"
"30004","375","2015","5","6","3","126","4","11.6","11.5","11.7"
"30004","375","2015","5","6","4","126","4","11.25","11.1","11.4"
"30004","375","2015","5","6","5","126","4","10.82","10.7","10.9"
"30004","375","2015","5","6","6","126","4","10.95","10.7","11.3"
"30004","375","2015","5","6","7","126","4","12.8","11.8","13.9"
"30004","375","2015","5","6","8","126","4","15.75","14.8","16.8"
"30004","375","2015","5","6","9","126","4","20.05","18.1","21.9"
"30004","375","2015","5","6","10","126","4","23.35","22.5","24.2"
"30004","375","2015","5","6","11","126","4","25.2","24.9","25.4"
"30004","375","2015","5","6","12","126","4","25.65","25.5","26"
"30004","375","2015","5","6","13","126","4","26.12","25.8","26.6"
"30004","375","2015","5","6","14","126","4","27.2","26.5","27.7"
"30004","375","2015","5","6","15","126","4","27.4","27.1","27.6"
"30004","375","2015","5","6","16","126","4","27.43","27.3","27.6"
"30004","375","2015","5","6","17","126","4","26.23","25.6","27.2"
"30004","375","2015","5","6","18","126","4","24.17","23.4","25"
"30004","375","2015","5","6","19","126","4","21.15","19.8","22.6"
"30004","375","2015","5","6","20","126","4","18.33","17.6","19.1"
"30004","375","2015","5","6","21","126","4","16.73","16.2","17.2"
"30004","375","2015","5","6","22","126","4","15.6","15.2","16"
"30004","375","2015","5","6","23","126","4","14.57","14.2","15"
"30004","375","2015","5","7","0","127","4","13.7","13.4","14"
"30004","375","2015","5","7","1","127","4","12.8","12.4","13.2"
"30004","375","2015","5","7","2","127","4","12.1","11.9","12.2"
"30004","375","2015","5","7","3","127","4","11.75","11.6","11.9"
"30004","375","2015","5","7","4","127","4","11.5","11.5","11.5"
"30004","375","2015","5","7","5","127","4","11.45","11.4","11.5"
"30004","375","2015","5","7","6","127","4","11.7","11.5","12"
"30004","375","2015","5","7","7","127","4","13.12","12.4","14"
"30004","375","2015","5","7","8","127","4","16.23","14.7","18.5"
"30004","375","2015","5","7","9","127","4","22.75","21","24.1"
"30004","375","2015","5","7","10","127","4","25.35","24.7","26"
"30004","375","2015","5","7","11","127","4","26.77","26.3","27.1"
"30004","375","2015","5","7","12","127","4","26.7","26.4","27.1"
"30004","375","2015","5","7","13","127","4","27.55","27.4","27.7"
"30004","375","2015","5","7","14","127","4","28.23","27.6","28.7"
"30004","375","2015","5","7","15","127","4","28.75","28.6","28.9"
"30004","375","2015","5","7","16","127","4","28.23","27.8","28.9"
"30004","375","2015","5","7","17","127","4","27.57","27.2","27.8"
"30004","375","2015","5","7","18","127","4","25.88","25.1","26.6"
"30004","375","2015","5","7","19","127","4","23.6","22.4","24.6"
"30004","375","2015","5","7","20","127","4","20.6","19.9","21.5"
"30004","375","2015","5","7","21","127","4","19.12","18.6","19.6"
"30004","375","2015","5","7","22","127","4","17.9","17.5","18.4"
"30004","375","2015","5","7","23","127","4","17.02","16.8","17.2"
"30004","375","2015","5","8","0","128","4","16.32","16.1","16.6"
"30004","375","2015","5","8","1","128","4","15.7","15.4","15.9"
"30004","375","2015","5","8","2","128","4","14.85","14.7","15"
"30004","375","2015","5","8","3","128","4","14.57","14.5","14.7"
"30004","375","2015","5","8","4","128","4","14.32","14.2","14.4"
"30004","375","2015","5","8","5","128","4","14","13.9","14.1"
"30004","375","2015","5","8","6","128","4","14.25","14","14.6"
"30004","375","2015","5","8","7","128","4","15.58","14.9","16.3"
"30004","375","2015","5","8","8","128","4","18.15","17","19.3"
"30004","375","2015","5","8","9","128","4","23.07","20.9","24.5"
"30004","375","2015","5","8","10","128","4","25.45","25","26"
"30004","375","2015","5","8","11","128","4","26.77","26.2","27.3"
"30004","375","2015","5","8","12","128","4","27.82","27.7","28"
"30004","375","2015","5","8","13","128","4","28.62","28.1","29.3"
"30004","375","2015","5","8","14","128","4","29.27","29.1","29.6"
"30004","375","2015","5","8","15","128","4","29.8","29.6","30"
"30004","375","2015","5","8","16","128","4","29.93","29.8","30.1"
"30004","375","2015","5","8","17","128","4","29.07","28.6","29.7"
"30004","375","2015","5","8","18","128","4","26.55","26","27.3"
"30004","375","2015","5","8","19","128","4","24.2","23.2","25.3"
"30004","375","2015","5","8","20","128","4","21.75","21.1","22.5"
"30004","375","2015","5","8","21","128","4","20.32","20","20.8"
"30004","375","2015","5","8","22","128","4","20.08","20","20.1"
"30004","375","2015","5","8","23","128","4","19.55","19.1","20"
"30004","375","2015","5","9","0","129","4","19.27","19","19.4"
"30004","375","2015","5","9","1","129","4","18.77","18","19.4"
"30004","375","2015","5","9","2","129","4","17.85","17.8","17.9"
"30004","375","2015","5","9","3","129","4","17.98","17.9","18"
"30004","375","2015","5","9","4","129","4","18.07","18","18.2"
"30004","375","2015","5","9","5","129","4","18.28","18.1","18.6"
"30004","375","2015","5","9","6","129","4","19.05","18.9","19.2"
"30004","375","2015","5","9","7","129","4","19.93","19.4","20.4"
"30004","375","2015","5","9","8","129","4","21.27","20.7","22.1"
"30004","375","2015","5","9","9","129","4","22.9","22.5","23.5"
"30004","375","2015","5","9","10","129","4","24.98","24.2","25.8"
"30004","375","2015","5","9","11","129","4","26.2","26","26.5"
"30004","375","2015","5","9","12","129","4","27.07","26.8","27.5"
"30004","375","2015","5","9","13","129","4","27.73","27.1","28.1"
"30004","375","2015","5","9","14","129","4","28.75","28","29.5"
"30004","375","2015","5","9","15","129","4","28.98","27.7","29.8"
"30004","375","2015","5","9","16","129","4","29.85","29.6","30.1"
"30004","375","2015","5","9","17","129","4","28.73","28.2","29.6"
"30004","375","2015","5","9","18","129","4","26.58","25.6","27.6"
"30004","375","2015","5","9","19","129","4","24.23","23.3","25.2"
"30004","375","2015","5","9","20","129","4","22.18","21.7","22.7"
"30004","375","2015","5","9","21","129","4","21.38","21.2","21.6"
"30004","375","2015","5","9","22","129","4","20.6","20","21.1"
"30004","375","2015","5","9","23","129","4","19.32","19.1","19.6"
"30004","375","2015","5","10","0","130","4","19.4","19.1","19.8"
"30004","375","2015","5","10","1","130","4","19.1","18.4","19.8"
"30004","375","2015","5","10","2","130","4","18.48","18.4","18.6"
"30004","375","2015","5","10","3","130","4","18.35","18","18.6"
"30004","375","2015","5","10","4","130","4","17.45","17.2","17.7"
"30004","375","2015","5","10","5","130","4","16.93","16.8","17.1"
"30004","375","2015","5","10","6","130","4","17.05","16.8","17.4"
"30004","375","2015","5","10","7","130","4","18.32","17.7","19.1"
"30004","375","2015","5","10","8","130","4","21.4","20","22.9"
"30004","375","2015","5","10","9","130","4","24.33","23.5","25.1"
"30004","375","2015","5","10","10","130","4","26.5","25.8","27.1"
"30004","375","2015","5","10","11","130","4","27.62","27.1","28.1"
"30004","375","2015","5","10","12","130","4","28.65","28.1","29"
"30004","375","2015","5","10","13","130","4","29.1","28.7","29.3"
"30004","375","2015","5","10","14","130","4","29.98","29.8","30.2"
"30004","375","2015","5","10","15","130","4","30.23","29.9","30.5"
"30004","375","2015","5","10","16","130","4","30.48","30.4","30.5"
"30004","375","2015","5","10","17","130","4","29.6","29.2","30.2"
"30004","375","2015","5","10","18","130","4","28.25","27.5","28.9"
"30004","375","2015","5","10","19","130","4","25.07","23.8","26.6"
"30004","375","2015","5","10","20","130","4","22.65","22.1","23.3"
"30004","375","2015","5","10","21","130","4","21.35","21","21.7"
"30004","375","2015","5","10","22","130","4","20.62","20.4","20.8"
"30004","375","2015","5","10","23","130","4","20.02","19.8","20.3"
"30004","375","2015","5","11","0","131","4","19.43","19.2","19.6"
"30004","375","2015","5","11","1","131","4","18.6","18.2","19"
"30004","375","2015","5","11","2","131","4","18.05","17.9","18.2"
"30004","375","2015","5","11","3","131","4","17.75","17.6","17.9"
"30004","375","2015","5","11","4","131","4","17.43","17.3","17.5"
"30004","375","2015","5","11","5","131","4","17.15","17.1","17.2"
"30004","375","2015","5","11","6","131","4","17.45","17.2","17.8"
"30004","375","2015","5","11","7","131","4","19.02","18.2","19.9"
"30004","375","2015","5","11","8","131","4","21.55","20.2","23.6"
"30004","375","2015","5","11","9","131","4","26.12","24.9","27.2"
"30004","375","2015","5","11","10","131","4","28.38","27.7","29.1"
"30004","375","2015","5","11","11","131","4","29.1","28.7","29.6"
"30004","375","2015","5","11","12","131","4","28.9","28.6","29.3"
"30004","375","2015","5","11","13","131","4","30.5","29.6","31.5"
"30004","375","2015","5","11","14","131","4","31.48","31.1","31.8"
"30004","375","2015","5","11","15","131","4","31.75","31.5","32"
"30004","375","2015","5","11","16","131","4","30.93","30.6","31.3"
"30004","375","2015","5","11","17","131","4","29.93","29.8","30.1"
"30004","375","2015","5","11","18","131","4","28.7","28.1","29.5"
"30004","375","2015","5","11","19","131","4","27.3","26.7","27.9"
"30004","375","2015","5","11","20","131","4","24.82","23.6","26.1"
"30004","375","2015","5","11","21","131","4","22.38","21.9","23"
"30004","375","2015","5","11","22","131","4","21.1","20.7","21.5"
"30004","375","2015","5","11","23","131","4","19.98","19.6","20.4"
"30004","375","2015","5","12","0","132","4","19.2","19","19.4"
"30004","375","2015","5","12","1","132","4","18.7","18.4","19"
"30004","375","2015","5","12","2","132","4","18.23","18.2","18.3"
"30004","375","2015","5","12","3","132","4","18.02","17.9","18.1"
"30004","375","2015","5","12","4","132","4","17.35","17.2","17.8"
"30004","375","2015","5","12","5","132","4","18.3","17.6","18.7"
"30004","375","2015","5","12","6","132","4","18.82","18.7","18.9"
"30004","375","2015","5","12","7","132","4","19.7","19.1","20.3"
"30004","375","2015","5","12","8","132","4","20.93","20.4","21.8"
"30004","375","2015","5","12","9","132","4","21.88","21.8","21.9"
"30004","375","2015","5","12","10","132","4","23.88","22.4","25.5"
"30004","375","2015","5","12","11","132","4","25.93","25.8","26.3"
"30004","375","2015","5","12","12","132","4","26.45","26.2","26.7"
"30004","375","2015","5","12","13","132","4","26.93","26.8","27.2"
"30004","375","2015","5","12","14","132","4","27.82","27.5","28.1"
"30004","375","2015","5","12","15","132","4","28.23","28","28.6"
"30004","375","2015","5","12","16","132","4","27.27","27","27.6"
"30004","375","2015","5","12","17","132","4","26.18","25.8","26.6"
"30004","375","2015","5","12","18","132","4","25","24.6","25.4"
"30004","375","2015","5","12","19","132","4","24.02","23.7","24.3"
"30004","375","2015","5","12","20","132","4","23.25","22.9","23.5"
"30004","375","2015","5","12","21","132","4","22.2","21.8","22.6"
"30004","375","2015","5","12","22","132","4","21.18","20.8","21.6"
"30004","375","2015","5","12","23","132","4","20.23","19.8","20.6"
"30004","375","2015","5","13","0","133","4","19.23","19","19.5"
"30004","375","2015","5","13","1","133","4","18.12","17.1","18.8"
"30004","375","2015","5","13","2","133","4","16.05","15.4","16.7"
"30004","375","2015","5","13","3","133","4","16.2","16","16.5"
"30004","375","2015","5","13","4","133","4","15.6","15.4","15.8"
"30004","375","2015","5","13","5","133","4","14.45","13.6","15.1"
"30004","375","2015","5","13","6","133","4","14.03","13.4","14.8"
"30004","375","2015","5","13","7","133","4","15.75","15.2","16.2"
"30004","375","2015","5","13","8","133","4","17.4","16.7","18.6"
"30004","375","2015","5","13","9","133","4","21.08","19.8","22.3"
"30004","375","2015","5","13","10","133","4","23.55","22.8","24.2"
"30004","375","2015","5","13","11","133","4","24.88","24.6","25.2"
"30004","375","2015","5","13","12","133","4","26.07","25.4","26.8"
"30004","375","2015","5","13","13","133","4","27.27","26.8","27.9"
"30004","375","2015","5","13","14","133","4","28.73","28.5","29"
"30004","375","2015","5","13","15","133","4","29.32","29.2","29.5"
"30004","375","2015","5","13","16","133","4","29.7","29","30.3"
"30004","375","2015","5","13","17","133","4","28","27.6","28.6"
"30004","375","2015","5","13","18","133","4","26.23","25.2","27.3"
"30004","375","2015","5","13","19","133","4","22.88","21.2","24.4"
"30004","375","2015","5","13","20","133","4","19.68","18.9","20.5"
"30004","375","2015","5","13","21","133","4","17.82","17.3","18.4"
"30004","375","2015","5","13","22","133","4","16.4","15.9","16.9"
"30004","375","2015","5","13","23","133","4","15.32","15.1","15.6"
"30004","375","2015","5","14","0","134","4","14.57","14.3","14.9"
"30004","375","2015","5","14","1","134","4","14.03","13.8","14.2"
"30004","375","2015","5","14","2","134","4","12.8","12.6","13.1"
"30004","375","2015","5","14","3","134","4","12.62","12.6","12.7"
"30004","375","2015","5","14","4","134","4","13.65","13.1","14.2"
"30004","375","2015","5","14","5","134","4","15.65","15.1","16"
"30004","375","2015","5","14","6","134","4","16.4","16.3","16.5"
"30004","375","2015","5","14","7","134","4","17.1","16.7","17.6"
"30004","375","2015","5","14","8","134","4","18.62","18","19.3"
"30004","375","2015","5","14","9","134","4","21.07","19.9","22.1"
"30004","375","2015","5","14","10","134","4","22.9","22.2","23.7"
"30004","375","2015","5","14","11","134","4","24.73","24.2","25.1"
"30004","375","2015","5","14","12","134","4","25.43","25.2","26"
"30004","375","2015","5","14","13","134","4","26.27","26.1","26.6"
"30004","375","2015","5","14","14","134","4","26.85","26.4","27.1"
"30004","375","2015","5","14","15","134","4","27.18","26.9","27.5"
"30004","375","2015","5","14","16","134","4","26.5","26","26.8"
"30004","375","2015","5","14","17","134","4","25.32","25","25.7"
"30004","375","2015","5","14","18","134","4","24.32","23.9","24.7"
"30004","375","2015","5","14","19","134","4","23.23","22.9","23.6"
"30004","375","2015","5","14","20","134","4","22.3","22.1","22.6"
"30004","375","2015","5","14","21","134","4","22","21.9","22.1"
"30004","375","2015","5","14","22","134","4","21.7","21.5","21.8"
"30004","375","2015","5","14","23","134","4","21.35","21.3","21.4"
"30004","375","2015","5","15","0","135","4","20.85","20.6","21.1"
"30004","375","2015","5","15","1","135","4","20.2","19.9","20.5"
"30004","375","2015","5","15","2","135","4","19.6","19.4","19.8"
"30004","375","2015","5","15","3","135","4","18.98","18.8","19.2"
"30004","375","2015","5","15","4","135","4","17.25","16.7","18.4"
"30004","375","2015","5","15","5","135","4","16.65","16.6","16.7"
"30004","375","2015","5","15","6","135","4","17.1","16.8","17.3"
"30004","375","2015","5","15","7","135","4","18.02","17.5","18.7"
"30004","375","2015","5","15","8","135","4","20.07","19.3","20.9"
"30004","375","2015","5","15","9","135","4","21.82","21.3","22.6"
"30004","375","2015","5","15","10","135","4","23.4","22.5","24"
"30004","375","2015","5","15","11","135","4","24.55","24.2","25.2"
"30004","375","2015","5","15","12","135","4","25.35","25","25.8"
"30004","375","2015","5","15","13","135","4","25.6","25.1","26.1"
"30004","375","2015","5","15","14","135","4","25.12","24.9","25.2"
"30004","375","2015","5","15","15","135","4","25.12","24.9","25.4"
"30004","375","2015","5","15","16","135","4","24.7","24.6","24.8"
"30004","375","2015","5","15","17","135","4","24.62","24.5","24.8"
"30004","375","2015","5","15","18","135","4","24.05","24","24.2"
"30004","375","2015","5","15","19","135","4","22.45","21.2","23.7"
"30004","375","2015","5","15","20","135","4","20.1","19.6","20.7"
"30004","375","2015","5","15","21","135","4","19.1","18.8","19.4"
"30004","375","2015","5","15","22","135","4","18.27","18","18.6"
"30004","375","2015","5","15","23","135","4","17.85","17.8","17.9"
"30004","375","2015","5","16","0","136","4","17.43","17.1","17.7"
"30004","375","2015","5","16","1","136","4","16.98","16.9","17.1"
"30004","375","2015","5","16","2","136","4","17","16.9","17.1"
"30004","375","2015","5","16","3","136","4","16.95","16.9","17"
"30004","375","2015","5","16","4","136","4","16.88","16.8","16.9"
"30004","375","2015","5","16","5","136","4","17.02","16.9","17.2"
"30004","375","2015","5","16","6","136","4","17.8","17.5","18.1"
"30004","375","2015","5","16","7","136","4","18.55","18.2","19"
"30004","375","2015","5","16","8","136","4","19.75","19.4","20.1"
"30004","375","2015","5","16","9","136","4","20.88","20.4","21.5"
"30004","375","2015","5","16","10","136","4","23.12","22.2","23.7"
"30004","375","2015","5","16","11","136","4","25.15","24.1","25.9"
"30004","375","2015","5","16","12","136","4","26.27","26.1","26.4"
"30004","375","2015","5","16","13","136","4","27.57","26.7","28.3"
"30004","375","2015","5","16","14","136","4","27.65","27","28.3"
"30004","375","2015","5","16","15","136","4","28.25","27.8","28.7"
"30004","375","2015","5","16","16","136","4","27.55","27.4","27.7"
"30004","375","2015","5","16","17","136","4","27.57","27.3","27.9"
"30004","375","2015","5","16","18","136","4","26.32","25.7","27.1"
"30004","375","2015","5","16","19","136","4","24.7","23.9","25.4"
"30004","375","2015","5","16","20","136","4","23.07","22.8","23.4"
"30004","375","2015","5","16","21","136","4","21.93","21.3","22.5"
"30004","375","2015","5","16","22","136","4","20.88","20.8","21"
"30004","375","2015","5","16","23","136","4","20.95","20.8","21.1"
"30004","375","2015","5","17","0","137","4","21.68","21.3","22.1"
"30004","375","2015","5","17","1","137","4","21.75","21.4","22"
"30004","375","2015","5","17","2","137","4","19.48","18.1","20.4"
"30004","375","2015","5","17","3","137","4","18.48","18.1","18.9"
"30004","375","2015","5","17","4","137","4","19.05","18.9","19.1"
"30004","375","2015","5","17","5","137","4","18.82","18.8","18.9"
"30004","375","2015","5","17","6","137","4","18.7","18.6","18.9"
"30004","375","2015","5","17","7","137","4","19.52","19.2","19.7"
"30004","375","2015","5","17","8","137","4","20.18","19.9","20.5"
"30004","375","2015","5","17","9","137","4","21.62","20.6","22.3"
"30004","375","2015","5","17","10","137","4","22.5","22.2","22.6"
"30004","375","2015","5","17","11","137","4","24.4","23.1","25.5"
"30004","375","2015","5","17","12","137","4","26.2","25.9","26.7"
"30004","375","2015","5","17","13","137","4","24.23","22.4","25.7"
"30004","375","2015","5","17","14","137","4","22.48","21.5","23.3"
"30004","375","2015","5","17","15","137","4","21.83","21.3","22.3"
"30004","375","2015","5","17","16","137","4","20.82","20.6","21.1"
"30004","375","2015","5","17","17","137","4","21.45","20.9","21.8"
"30004","375","2015","5","17","18","137","4","21.6","21.2","21.9"
"30004","375","2015","5","17","19","137","4","20.9","20.7","21.1"
"30004","375","2015","5","17","20","137","4","20.23","20","20.5"
"30004","375","2015","5","17","21","137","4","19.9","19.8","20"
"30004","375","2015","5","17","22","137","4","19.7","19.6","19.8"
"30004","375","2015","5","17","23","137","4","19.38","19.3","19.5"
"30004","375","2015","5","18","0","138","4","19.1","19","19.2"
"30004","375","2015","5","18","1","138","4","18.8","18.7","19"
"30004","375","2015","5","18","2","138","4","18.62","18.6","18.7"
"30004","375","2015","5","18","3","138","4","18.27","18.2","18.4"
"30004","375","2015","5","18","4","138","4","18.1","18","18.2"
"30004","375","2015","5","18","5","138","4","18.05","18","18.2"
"30004","375","2015","5","18","6","138","4","18.6","18.3","18.9"
"30004","375","2015","5","18","7","138","4","19.57","19.1","20.2"
"30004","375","2015","5","18","8","138","4","21.18","20.5","21.8"
"30004","375","2015","5","18","9","138","4","23.45","22.9","23.8"
"30004","375","2015","5","18","10","138","4","24.88","24","25.5"
"30004","375","2015","5","18","11","138","4","23.62","22.2","24.8"
"30004","375","2015","5","18","12","138","4","23.3","22.8","23.6"
"30004","375","2015","5","18","13","138","4","22.9","22.7","23.1"
"30004","375","2015","5","18","14","138","4","24.2","23.3","25"
"30004","375","2015","5","18","15","138","4","25.45","24.7","25.9"
"30004","375","2015","5","18","16","138","4","21.55","20.2","23.5"
"30004","375","2015","5","18","17","138","4","20.85","20.5","21.2"
"30004","375","2015","5","18","18","138","4","21.85","21.4","22.2"
"30004","375","2015","5","18","19","138","4","21.18","21","21.3"
"30004","375","2015","5","18","20","138","4","20.85","20.8","20.9"
"30004","375","2015","5","18","21","138","4","20.65","20.5","20.8"
"30004","375","2015","5","18","22","138","4","20.1","19.8","20.4"
"30004","375","2015","5","18","23","138","4","19.32","19.1","19.6"
"30004","375","2015","5","19","0","139","4","18.77","18.6","19"
"30004","375","2015","5","19","1","139","4","18.2","18","18.4"
"30004","375","2015","5","19","2","139","4","17.75","17.6","17.9"
"30004","375","2015","5","19","3","139","4","17.52","17.5","17.6"
"30004","375","2015","5","19","4","139","4","17.62","17.5","17.8"
"30004","375","2015","5","19","5","139","4","18.23","18","18.6"
"30004","375","2015","5","19","6","139","4","18.88","18.7","19.1"
"30004","375","2015","5","19","7","139","4","19.48","19.2","19.8"
"30004","375","2015","5","19","8","139","4","20.73","20.1","21.7"
"30004","375","2015","5","19","9","139","4","23.8","22.7","24.7"
"30004","375","2015","5","19","10","139","4","25.68","25","26.3"
"30004","375","2015","5","19","11","139","4","26.65","26.4","27"
"30004","375","2015","5","19","12","139","4","27.12","26.9","27.5"
"30004","375","2015","5","19","13","139","4","27.93","27.6","28.3"
"30004","375","2015","5","19","14","139","4","28.48","28.4","28.5"
"30004","375","2015","5","19","15","139","4","27.75","27","28.3"
"30004","375","2015","5","19","16","139","4","22.27","21","24"
"30004","375","2015","5","19","17","139","4","22.73","22.5","23.1"
"30004","375","2015","5","19","18","139","4","23.12","22.6","23.8"
"30004","375","2015","5","19","19","139","4","21.7","21.3","22.2"
"30004","375","2015","5","19","20","139","4","20.85","20.6","21.1"
"30004","375","2015","5","19","21","139","4","20.35","20.2","20.5"
"30004","375","2015","5","19","22","139","4","19.93","19.7","20.1"
"30004","375","2015","5","19","23","139","4","19.45","19.3","19.6"
"30004","375","2015","5","20","0","140","4","19.07","19","19.2"
"30004","375","2015","5","20","1","140","4","18.85","18.8","18.9"
"30004","375","2015","5","20","2","140","4","18.52","18.3","18.7"
"30004","375","2015","5","20","3","140","4","17.98","17.8","18.2"
"30004","375","2015","5","20","4","140","4","17.52","17.4","17.7"
"30004","375","2015","5","20","5","140","4","17.18","17.1","17.3"
"30004","375","2015","5","20","6","140","4","17.32","17.1","17.7"
"30004","375","2015","5","20","7","140","4","18.55","18","19.2"
"30004","375","2015","5","20","8","140","4","21.25","19.9","23"
"30004","375","2015","5","20","9","140","4","25.2","24","26.4"
"30004","375","2015","5","20","10","140","4","27.07","26.4","27.6"
"30004","375","2015","5","20","11","140","4","28.02","27.7","28.2"
"30004","375","2015","5","20","12","140","4","28.57","28.3","28.8"
"30004","375","2015","5","20","13","140","4","29.1","28.7","29.6"
"30004","375","2015","5","20","14","140","4","29.77","29.6","29.9"
"30004","375","2015","5","20","15","140","4","29.82","29.7","29.9"
"30004","375","2015","5","20","16","140","4","29.93","29.8","30"
"30004","375","2015","5","20","17","140","4","29.6","29.4","29.8"
"30004","375","2015","5","20","18","140","4","27.35","26","29"
"30004","375","2015","5","20","19","140","4","24.85","23.9","25.8"
"30004","375","2015","5","20","20","140","4","23.6","23.3","23.8"
"30004","375","2015","5","20","21","140","4","22.25","21.5","23.1"
"30004","375","2015","5","20","22","140","4","20.9","20.7","21.1"
"30004","375","2015","5","20","23","140","4","20.85","20.6","21.1"
"30004","375","2015","5","21","0","141","4","20.9","20.6","21.3"
"30004","375","2015","5","21","1","141","4","21.15","21","21.3"
"30004","375","2015","5","21","2","141","4","20.88","20.7","21"
"30004","375","2015","5","21","3","141","4","20.38","20.2","20.6"
"30004","375","2015","5","21","4","141","4","19.8","19.5","20.1"
"30004","375","2015","5","21","5","141","4","19.05","18.8","19.3"
"30004","375","2015","5","21","6","141","4","18.8","18.7","19"
"30004","375","2015","5","21","7","141","4","19.4","19.2","19.6"
"30004","375","2015","5","21","8","141","4","20","19.6","20.5"
"30004","375","2015","5","21","9","141","4","20.77","20.6","21.1"
"30004","375","2015","5","21","10","141","4","21.3","21","21.8"
"30004","375","2015","5","21","11","141","4","22.25","22.1","22.6"
"30004","375","2015","5","21","12","141","4","23.27","22.7","23.7"
"30004","375","2015","5","21","13","141","4","24.05","23.9","24.4"
"30004","375","2015","5","21","14","141","4","24.57","24.3","24.8"
"30004","375","2015","5","21","15","141","4","23.6","23.3","23.8"
"30004","375","2015","5","21","16","141","4","22.65","22.3","23"
"30004","375","2015","5","21","17","141","4","21.6","20.6","22.2"
"30004","375","2015","5","21","18","141","4","18.98","18","19.9"
"30004","375","2015","5","21","19","141","4","16.62","16","17.3"
"30004","375","2015","5","21","20","141","4","15.38","15.1","15.7"
"30004","375","2015","5","21","21","141","4","14.03","13.6","14.6"
"30004","375","2015","5","21","22","141","4","13.18","13","13.4"
"30004","375","2015","5","21","23","141","4","12.75","12.5","13"
"30004","375","2015","5","22","0","142","4","12.07","11.9","12.3"
"30004","375","2015","5","22","1","142","4","11.7","11.6","11.8"
"30004","375","2015","5","22","2","142","4","11.1","10.8","11.4"
"30004","375","2015","5","22","3","142","4","10.38","10.1","10.6"
"30004","375","2015","5","22","4","142","4","9.68","9.4","9.9"
"30004","375","2015","5","22","5","142","4","8.97","8.9","9.2"
"30004","375","2015","5","22","6","142","4","9.38","8.9","10"
"30004","375","2015","5","22","7","142","4","11.53","10.6","12.3"
"30004","375","2015","5","22","8","142","4","14.25","13","15.9"
"30004","375","2015","5","22","9","142","4","18.23","17.4","18.8"
"30004","375","2015","5","22","10","142","4","20.02","19.2","20.7"
"30004","375","2015","5","22","11","142","4","20.8","20.5","21.4"
"30004","375","2015","5","22","12","142","4","21.48","21","21.9"
"30004","375","2015","5","22","13","142","4","23.02","22.6","23.4"
"30004","375","2015","5","22","14","142","4","23.75","23.5","24.1"
"30004","375","2015","5","22","15","142","4","24.45","24.2","24.9"
"30004","375","2015","5","22","16","142","4","25.35","25.1","25.6"
"30004","375","2015","5","22","17","142","4","24.9","24.6","25.1"
"30004","375","2015","5","22","18","142","4","23.65","22.2","24.6"
"30004","375","2015","5","22","19","142","4","19.82","18.4","21.3"
"30004","375","2015","5","22","20","142","4","17.25","16.7","17.8"
"30004","375","2015","5","22","21","142","4","16.02","15.6","16.4"
"30004","375","2015","5","22","22","142","4","14.82","14.4","15.2"
"30004","375","2015","5","22","23","142","4","13.82","13.5","14.2"
"30004","375","2015","5","23","0","143","4","13","12.8","13.2"
"30004","375","2015","5","23","1","143","4","12.45","12.3","12.6"
"30004","375","2015","5","23","2","143","4","12","11.8","12.2"
"30004","375","2015","5","23","3","143","4","11.55","11.4","11.7"
"30004","375","2015","5","23","4","143","4","11.38","11","11.8"
"30004","375","2015","5","23","5","143","4","10.68","10.6","10.8"
"30004","375","2015","5","23","6","143","4","11.2","10.7","11.8"
"30004","375","2015","5","23","7","143","4","13.45","12.6","14"
"30004","375","2015","5","23","8","143","4","15.3","14.2","17.1"
"30004","375","2015","5","23","9","143","4","20.43","19.2","21.3"
"30004","375","2015","5","23","10","143","4","22.62","22","23.2"
"30004","375","2015","5","23","11","143","4","24.27","23.8","24.7"
"30004","375","2015","5","23","12","143","4","25.07","25","25.2"
"30004","375","2015","5","23","13","143","4","25.77","25.6","25.9"
"30004","375","2015","5","23","14","143","4","26.7","26.4","27"
"30004","375","2015","5","23","15","143","4","27","26.8","27.3"
"30004","375","2015","5","23","16","143","4","27.05","27","27.1"
"30004","375","2015","5","23","17","143","4","26.8","26.4","27.2"
"30004","375","2015","5","23","18","143","4","25.02","24.1","25.8"
"30004","375","2015","5","23","19","143","4","22.4","20.9","23.7"
"30004","375","2015","5","23","20","143","4","18.95","18.1","19.9"
"30004","375","2015","5","23","21","143","4","17.5","17.3","17.8"
"30004","375","2015","5","23","22","143","4","16.92","16.9","17"
"30004","375","2015","5","23","23","143","4","16.75","16.6","16.9"
"30004","375","2015","5","24","0","144","4","17.05","16.7","17.3"
"30004","375","2015","5","24","1","144","4","16.23","16","16.5"
"30004","375","2015","5","24","2","144","4","15.8","14.1","16.6"
"30004","375","2015","5","24","3","144","4","14.45","13.9","14.8"
"30004","375","2015","5","24","4","144","4","15.15","15.1","15.2"
"30004","375","2015","5","24","5","144","4","14.9","14.9","14.9"
"30004","375","2015","5","24","6","144","4","15.45","15","16"
"30004","375","2015","5","24","7","144","4","17.17","16.4","18"
"30004","375","2015","5","24","8","144","4","19.52","18.7","20.3"
"30004","375","2015","5","24","9","144","4","21.27","20.7","22"
"30004","375","2015","5","24","10","144","4","22.95","22.7","23.3"
"30004","375","2015","5","24","11","144","4","24.18","23.6","24.6"
"30004","375","2015","5","24","12","144","4","25.32","24.9","25.7"
"30004","375","2015","5","24","13","144","4","25.77","25.3","26.1"
"30004","375","2015","5","24","14","144","4","26.35","25.6","26.8"
"30004","375","2015","5","24","15","144","4","26.98","26.6","27.8"
"30004","375","2015","5","24","16","144","4","26.77","26.2","27.1"
"30004","375","2015","5","24","17","144","4","26.68","26.1","27.1"
"30004","375","2015","5","24","18","144","4","25.75","25","26.4"
"30004","375","2015","5","24","19","144","4","23.9","23.1","24.6"
"30004","375","2015","5","24","20","144","4","22.23","21.7","22.6"
"30004","375","2015","5","24","21","144","4","21.2","21.1","21.3"
"30004","375","2015","5","24","22","144","4","20.55","20.2","21"
"30004","375","2015","5","24","23","144","4","20.35","20.2","20.5"
"30004","375","2015","5","25","0","145","4","20.23","20","20.5"
"30004","375","2015","5","25","1","145","4","19.68","19.4","19.9"
"30004","375","2015","5","25","2","145","4","18.73","18.4","19.1"
"30004","375","2015","5","25","3","145","4","18.23","18.1","18.4"
"30004","375","2015","5","25","4","145","4","17.18","16.6","18.2"
"30004","375","2015","5","25","5","145","4","16.6","16.6","16.6"
"30004","375","2015","5","25","6","145","4","16.9","16.7","17.2"
"30004","375","2015","5","25","7","145","4","18.1","17.5","18.8"
"30004","375","2015","5","25","8","145","4","19.8","19.2","20.4"
"30004","375","2015","5","25","9","145","4","21.18","20.5","21.7"
"30004","375","2015","5","25","10","145","4","23","22.5","23.5"
"30004","375","2015","5","25","11","145","4","24.7","23.7","25.8"
"30004","375","2015","5","25","12","145","4","24.88","24.7","25.2"
"30004","375","2015","5","25","13","145","4","25.6","25.1","26.2"
"30004","375","2015","5","25","14","145","4","24.9","24.3","25.5"
"30004","375","2015","5","25","15","145","4","24.52","24","25.4"
"30004","375","2015","5","25","16","145","4","25.1","24.8","25.4"
"30004","375","2015","5","25","17","145","4","24.57","23.7","25.4"
"30004","375","2015","5","25","18","145","4","22.15","21.8","22.6"
"30004","375","2015","5","25","19","145","4","21.07","20.6","21.5"
"30004","375","2015","5","25","20","145","4","19.98","19.1","20.5"
"30004","375","2015","5","25","21","145","4","18.98","18.9","19.1"
"30004","375","2015","5","25","22","145","4","18.98","18.9","19.1"
"30004","375","2015","5","25","23","145","4","18.9","18.9","18.9"
"30004","375","2015","5","26","0","146","4","19.07","19","19.2"
"30004","375","2015","5","26","1","146","4","19.23","19.2","19.3"
"30004","375","2015","5","26","2","146","4","19.6","19.4","19.8"
"30004","375","2015","5","26","3","146","4","19.93","19.8","20"
"30004","375","2015","5","26","4","146","4","20.1","20","20.2"
"30004","375","2015","5","26","5","146","4","20.3","20.3","20.3"
"30004","375","2015","5","26","6","146","4","20.42","20.4","20.5"
"30004","375","2015","5","26","7","146","4","20.82","20.6","21"
"30004","375","2015","5","26","8","146","4","21.25","21.1","21.4"
"30004","375","2015","5","26","9","146","4","21.45","21.4","21.5"
"30004","375","2015","5","26","10","146","4","21.85","21.6","22.2"
"30004","375","2015","5","26","11","146","4","23.9","22.9","24.9"
"30004","375","2015","5","26","12","146","4","25.57","25.1","26"
"30004","375","2015","5","26","13","146","4","26.5","26.2","26.8"
"30004","375","2015","5","26","14","146","4","24.93","22.9","26"
"30004","375","2015","5","26","15","146","4","18.85","18.6","19.4"
"30004","375","2015","5","26","16","146","4","18.82","18.8","18.9"
"30004","375","2015","5","26","17","146","4","18.7","18.6","18.8"
"30004","375","2015","5","26","18","146","4","18.65","18.6","18.7"
"30004","375","2015","5","26","19","146","4","18.38","18.2","18.5"
"30004","375","2015","5","26","20","146","4","18.1","18","18.2"
"30004","375","2015","5","26","21","146","4","17.75","17.6","17.9"
"30004","375","2015","5","26","22","146","4","17.58","17.5","17.6"
"30004","375","2015","5","26","23","146","4","17.38","17.3","17.5"
"30004","375","2015","5","27","0","147","4","17.65","17.6","17.7"
"30004","375","2015","5","27","1","147","4","17.68","17.6","17.7"
"30004","375","2015","5","27","2","147","4","17.6","17.6","17.6"
"30004","375","2015","5","27","3","147","4","17.52","17.5","17.6"
"30004","375","2015","5","27","4","147","4","17.62","17.6","17.7"
"30004","375","2015","5","27","5","147","4","17.73","17.7","17.8"
"30004","375","2015","5","27","6","147","4","17.92","17.9","18"
"30004","375","2015","5","27","7","147","4","18.18","18","18.5"
"30004","375","2015","5","27","8","147","4","18.8","18.6","19.2"
"30004","375","2015","5","27","9","147","4","20.32","19.4","21.6"
"30004","375","2015","5","27","10","147","4","22.38","22.1","22.7"
"30004","375","2015","5","27","11","147","4","23.15","22.6","23.8"
"30004","375","2015","5","27","12","147","4","24.48","24","25.3"
"30004","375","2015","5","27","13","147","4","26.3","26","26.7"
"30004","375","2015","5","27","14","147","4","26.75","25.9","27.4"
"30004","375","2015","5","27","15","147","4","26.7","26","27.5"
"30004","375","2015","5","27","16","147","4","27.23","26.4","27.8"
"30004","375","2015","5","27","17","147","4","27.53","27.1","27.8"
"30004","375","2015","5","27","18","147","4","24.88","23.8","26.1"
"30004","375","2015","5","27","19","147","4","22.88","22.3","23.4"
"30004","375","2015","5","27","20","147","4","21.43","21","21.9"
"30004","375","2015","5","27","21","147","4","20.68","20.5","20.9"
"30004","375","2015","5","27","22","147","4","20.38","20.3","20.5"
"30004","375","2015","5","27","23","147","4","20.45","20.2","20.7"
"30004","375","2015","5","28","0","148","4","19.7","19.4","20"
"30004","375","2015","5","28","1","148","4","18.5","18.3","18.8"
"30004","375","2015","5","28","2","148","4","18.25","18.2","18.3"
"30004","375","2015","5","28","3","148","4","18.08","18","18.1"
"30004","375","2015","5","28","4","148","4","18","18","18"
"30004","375","2015","5","28","5","148","4","18.05","18","18.1"
"30004","375","2015","5","28","6","148","4","18.3","18.1","18.5"
"30004","375","2015","5","28","7","148","4","19.1","18.7","19.7"
"30004","375","2015","5","28","8","148","4","20.88","20.1","21.7"
"30004","375","2015","5","28","9","148","4","23.43","22.5","24.4"
"30004","375","2015","5","28","10","148","4","25","24.6","25.8"
"30004","375","2015","5","28","11","148","4","25.8","25.5","26"
"30004","375","2015","5","28","12","148","4","26","25.8","26.2"
"30004","375","2015","5","28","13","148","4","26.8","26.5","27"
"30004","375","2015","5","28","14","148","4","26.55","26.3","26.8"
"30004","375","2015","5","28","15","148","4","23.2","20.2","25.6"
"30004","375","2015","5","28","16","148","4","19.4","19.2","19.7"
"30004","375","2015","5","28","17","148","4","19.52","19.3","19.8"
"30004","375","2015","5","28","18","148","4","19.95","19.9","20"
"30004","375","2015","5","28","19","148","4","19.82","19.8","19.9"
"30004","375","2015","5","28","20","148","4","19.8","19.8","19.8"
"30004","375","2015","5","28","21","148","4","19.73","19.6","19.8"
"30004","375","2015","5","28","22","148","4","19.52","19.4","19.6"
"30004","375","2015","5","28","23","148","4","18.98","18.8","19.2"
"30004","375","2015","5","29","0","149","4","18.55","18.4","18.7"
"30004","375","2015","5","29","1","149","4","18.57","18.4","18.7"
"30004","375","2015","5","29","2","149","4","18.38","18.3","18.5"
"30004","375","2015","5","29","3","149","4","18.05","17.9","18.2"
"30004","375","2015","5","29","4","149","4","17.57","17.4","17.8"
"30004","375","2015","5","29","5","149","4","17.43","17.3","17.7"
"30004","375","2015","5","29","6","149","4","18.27","18","18.5"
"30004","375","2015","5","29","7","149","4","19.02","18.6","19.6"
"30004","375","2015","5","29","8","149","4","19.97","19.7","20.4"
"30004","375","2015","5","29","9","149","4","21.82","20.9","22.6"
"30004","375","2015","5","29","10","149","4","23.52","22.9","24.1"
"30004","375","2015","5","29","11","149","4","24.73","24.3","25.2"
"30004","375","2015","5","29","12","149","4","25.57","25.3","25.7"
"30004","375","2015","5","29","13","149","4","26.73","26.3","27.2"
"30004","375","2015","5","29","14","149","4","27.57","27.3","28.3"
"30004","375","2015","5","29","15","149","4","27.43","26.8","27.9"
"30004","375","2015","5","29","16","149","4","28.23","27.9","28.6"
"30004","375","2015","5","29","17","149","4","27.57","27.3","27.8"
"30004","375","2015","5","29","18","149","4","26.68","25.8","27.2"
"30004","375","2015","5","29","19","149","4","23.82","22.6","25"
"30004","375","2015","5","29","20","149","4","21.3","20.7","22"
"30004","375","2015","5","29","21","149","4","19.93","19.5","20.3"
"30004","375","2015","5","29","22","149","4","18.88","18.5","19.3"
"30004","375","2015","5","29","23","149","4","17.82","17.5","18.2"
"30004","375","2015","5","30","0","150","4","17.07","16.9","17.3"
"30004","375","2015","5","30","1","150","4","16.52","16.3","16.7"
"30004","375","2015","5","30","2","150","4","16.12","16.1","16.2"
"30004","375","2015","5","30","3","150","4","16.32","16.1","16.6"
"30004","375","2015","5","30","4","150","4","16.45","16.3","16.6"
"30004","375","2015","5","30","5","150","4","16.2","16.1","16.3"
"30004","375","2015","5","30","6","150","4","17.1","16.4","17.9"
"30004","375","2015","5","30","7","150","4","19.7","18.5","20.6"
"30004","375","2015","5","30","8","150","4","21.8","21","23"
"30004","375","2015","5","30","9","150","4","24.65","24","25.4"
"30004","375","2015","5","30","10","150","4","25.75","24.9","26.4"
"30004","375","2015","5","30","11","150","4","26.57","25.3","27.3"
"30004","375","2015","5","30","12","150","4","27.27","27","27.6"
"30004","375","2015","5","30","13","150","4","27.62","27.3","28.4"
"30004","375","2015","5","30","14","150","4","28.55","28.1","29"
"30004","375","2015","5","30","15","150","4","28.68","28.3","29"
"30004","375","2015","5","30","16","150","4","27.92","27.2","28.4"
"30004","375","2015","5","30","17","150","4","28.27","27.4","29"
"30004","375","2015","5","30","18","150","4","27.27","26","28.4"
"30004","375","2015","5","30","19","150","4","23.82","22.8","25"
"30004","375","2015","5","30","20","150","4","21.7","21.2","22.3"
"30004","375","2015","5","30","21","150","4","20.6","20.3","20.9"
"30004","375","2015","5","30","22","150","4","19.9","19.7","20.1"
"30004","375","2015","5","30","23","150","4","19.52","19.4","19.6"
"30004","375","2015","5","31","0","151","4","19.35","19.2","19.6"
"30004","375","2015","5","31","1","151","4","20.32","20.2","20.5"
"30004","375","2015","5","31","2","151","4","19.95","19.6","20.2"
"30004","375","2015","5","31","3","151","4","19.2","19.1","19.4"
"30004","375","2015","5","31","4","151","4","19.1","19.1","19.1"
"30004","375","2015","5","31","5","151","4","18.9","18.8","19"
"30004","375","2015","5","31","6","151","4","19.27","18.8","19.8"
"30004","375","2015","5","31","7","151","4","21.15","20.3","22.1"
"30004","375","2015","5","31","8","151","4","23.07","22.4","23.9"
"30004","375","2015","5","31","9","151","4","25.3","24.3","26"
"30004","375","2015","5","31","10","151","4","26.4","25.7","27.5"
"30004","375","2015","5","31","11","151","4","26.32","25.7","27.1"
"30004","375","2015","5","31","12","151","4","21.5","20.9","23"
"30004","375","2015","5","31","13","151","4","20.27","20","20.6"
"30004","375","2015","5","31","14","151","4","20.95","20.8","21.2"
"30004","375","2015","5","31","15","151","4","21.15","20.9","21.5"
"30004","375","2015","5","31","16","151","4","20.68","20.5","20.9"
"30004","375","2015","5","31","17","151","4","21.25","21","21.4"
"30004","375","2015","5","31","18","151","4","20.9","20.6","21.2"
"30004","375","2015","5","31","19","151","4","20.18","19.9","20.5"
"30004","375","2015","5","31","20","151","4","20.23","19.8","20.6"
"30004","375","2015","5","31","21","151","4","19.8","19.4","20.3"
"30004","375","2015","5","31","22","151","4","19.12","19","19.3"
"30004","375","2015","5","31","23","151","4","18.95","18.9","19"
"30004","375","2015","6","1","0","152","4","18.75","18.7","18.8"
"30004","375","2015","6","1","1","152","4","18.93","18.8","19"
"30004","375","2015","6","1","2","152","4","19.02","19","19.1"
"30004","375","2015","6","1","3","152","4","18.75","18.7","18.8"
"30004","375","2015","6","1","4","152","4","18.55","18.4","18.7"
"30004","375","2015","6","1","5","152","4","18.32","18.2","18.4"
"30004","375","2015","6","1","6","152","4","18.57","18.5","18.7"
"30004","375","2015","6","1","7","152","4","19.18","18.9","19.4"
"30004","375","2015","6","1","8","152","4","19.9","19.6","20.3"
"30004","375","2015","6","1","9","152","4","21.95","21","22.7"
"30004","375","2015","6","1","10","152","4","23.75","23.4","23.9"
"30004","375","2015","6","1","11","152","4","24.77","24.1","25.5"
"30004","375","2015","6","1","12","152","4","24.8","24.2","25.5"
"30004","375","2015","6","1","13","152","4","23.95","23","25.4"
"30004","375","2015","6","1","14","152","4","25.8","25.1","26.1"
"30004","375","2015","6","1","15","152","4","26.38","26","26.8"
"30004","375","2015","6","1","16","152","4","26.38","25.7","27"
"30004","375","2015","6","1","17","152","4","24.88","24.7","25.1"
"30004","375","2015","6","1","18","152","4","24.38","23.8","24.9"
"30004","375","2015","6","1","19","152","4","23.05","22.7","23.5"
"30004","375","2015","6","1","20","152","4","21.98","21.5","22.4"
"30004","375","2015","6","1","21","152","4","21.1","20.8","21.4"
"30004","375","2015","6","1","22","152","4","20.12","19.8","20.5"
"30004","375","2015","6","1","23","152","4","19.27","19.1","19.5"
"30004","375","2015","6","2","0","153","4","19.23","19.1","19.4"
"30004","375","2015","6","2","1","153","4","18.7","18.6","18.8"
"30004","375","2015","6","2","2","153","4","18.52","18.3","18.7"
"30004","375","2015","6","2","3","153","4","17.98","17.7","18.2"
"30004","375","2015","6","2","4","153","4","17.48","17.4","17.6"
"30004","375","2015","6","2","5","153","4","17.38","17.3","17.4"
"30004","375","2015","6","2","6","153","4","17.38","17.3","17.5"
"30004","375","2015","6","2","7","153","4","18.27","17.9","18.7"
"30004","375","2015","6","2","8","153","4","19.38","18.8","20"
"30004","375","2015","6","2","9","153","4","21.4","20.7","22.2"
"30004","375","2015","6","2","10","153","4","22.98","22.5","23.6"
"30004","375","2015","6","2","11","153","4","23.77","23.4","24"
"30004","375","2015","6","2","12","153","4","24.78","24.1","25.3"
"30004","375","2015","6","2","13","153","4","26.27","25.9","26.5"
"30004","375","2015","6","2","14","153","4","26.9","26.7","27.1"
"30004","375","2015","6","2","15","153","4","27.23","26.7","27.6"
"30004","375","2015","6","2","16","153","4","27.68","27.5","27.9"
"30004","375","2015","6","2","17","153","4","27.15","26.9","27.3"
"30004","375","2015","6","2","18","153","4","25.35","24","26.9"
"30004","375","2015","6","2","19","153","4","22.88","22.3","23.5"
"30004","375","2015","6","2","20","153","4","21.18","20.6","21.8"
"30004","375","2015","6","2","21","153","4","20.3","20.1","20.4"
"30004","375","2015","6","2","22","153","4","19.4","19","19.8"
"30004","375","2015","6","2","23","153","4","18.35","18","18.8"
"30004","375","2015","6","3","0","154","4","17.88","17.8","17.9"
"30004","375","2015","6","3","1","154","4","17.68","17.6","17.7"
"30004","375","2015","6","3","2","154","4","17.6","17.6","17.6"
"30004","375","2015","6","3","3","154","4","17.15","16.8","17.5"
"30004","375","2015","6","3","4","154","4","16.4","16.1","16.7"
"30004","375","2015","6","3","5","154","4","16.7","16.4","16.9"
"30004","375","2015","6","3","6","154","4","16.98","16.9","17"
"30004","375","2015","6","3","7","154","4","17.3","17.1","17.6"
"30004","375","2015","6","3","8","154","4","18.62","18.1","19.3"
"30004","375","2015","6","3","9","154","4","20.93","20","22.1"
"30004","375","2015","6","3","10","154","4","22.43","22.2","22.7"
"30004","375","2015","6","3","11","154","4","23.12","22.8","23.4"
"30004","375","2015","6","3","12","154","4","24.33","23.8","24.6"
"30004","375","2015","6","3","13","154","4","25.07","24.7","25.4"
"30004","375","2015","6","3","14","154","4","25.75","25.5","26"
"30004","375","2015","6","3","15","154","4","23.95","23.3","24.7"
"30004","375","2015","6","3","16","154","4","22","21.6","22.6"
"30004","375","2015","6","3","17","154","4","21.5","21.2","21.7"
"30004","375","2015","6","3","18","154","4","20.85","20.6","21.1"
"30004","375","2015","6","3","19","154","4","20.45","19.9","20.9"
"30004","375","2015","6","3","20","154","4","19.3","19","19.6"
"30004","375","2015","6","3","21","154","4","18.75","18.6","18.9"
"30004","375","2015","6","3","22","154","4","18.18","18","18.5"
"30004","375","2015","6","3","23","154","4","17.57","17.2","17.9"
"30004","375","2015","6","4","0","155","4","17.23","17.2","17.3"
"30004","375","2015","6","4","1","155","4","16.88","16.6","17.2"
"30004","375","2015","6","4","2","155","4","16.75","16.7","16.8"
"30004","375","2015","6","4","3","155","4","16.82","16.7","16.9"
"30004","375","2015","6","4","4","155","4","16.05","15.6","16.5"
"30004","375","2015","6","4","5","155","4","15.7","15.6","15.8"
"30004","375","2015","6","4","6","155","4","15.9","15.8","16"
"30004","375","2015","6","4","7","155","4","16.6","16.3","16.9"
"30004","375","2015","6","4","8","155","4","17.48","17","18.1"
"30004","375","2015","6","4","9","155","4","18.95","18.5","19.5"
"30004","375","2015","6","4","10","155","4","20.23","19.9","20.5"
"30004","375","2015","6","4","11","155","4","20.82","20.6","21.2"
"30004","375","2015","6","4","12","155","4","22.02","21.7","22.4"
"30004","375","2015","6","4","13","155","4","23.12","22.5","24"
"30004","375","2015","6","4","14","155","4","24.55","24.4","24.7"
"30004","375","2015","6","4","15","155","4","24.7","24.2","25.3"
"30004","375","2015","6","4","16","155","4","24.7","23.9","25.4"
"30004","375","2015","6","4","17","155","4","25.15","23.9","26"
"30004","375","2015","6","4","18","155","4","23.98","23.6","24.7"
"30004","375","2015","6","4","19","155","4","21.68","21","22.6"
"30004","375","2015","6","4","20","155","4","20.1","19.7","20.6"
"30004","375","2015","6","4","21","155","4","19.52","19.4","19.6"
"30004","375","2015","6","4","22","155","4","19.15","18.8","19.4"
"30004","375","2015","6","4","23","155","4","18.15","17.8","18.6"
"30004","375","2015","6","5","0","156","4","17.68","17.6","17.7"
"30004","375","2015","6","5","1","156","4","17.15","16.9","17.4"
"30004","375","2015","6","5","2","156","4","16.57","16.4","16.7"
"30004","375","2015","6","5","3","156","4","15.9","15.8","16.1"
"30004","375","2015","6","5","4","156","4","15.5","15.4","15.7"
"30004","375","2015","6","5","5","156","4","15.25","15.2","15.3"
"30004","375","2015","6","5","6","156","4","15.85","15.4","16.5"
"30004","375","2015","6","5","7","156","4","17.7","17.2","18.1"
"30004","375","2015","6","5","8","156","4","18.98","18.4","19.7"
"30004","375","2015","6","5","9","156","4","22.15","20.4","23.5"
"30004","375","2015","6","5","10","156","4","24.6","24","25"
"30004","375","2015","6","5","11","156","4","26.02","25.6","26.3"
"30004","375","2015","6","5","12","156","4","26.57","26","27"
"30004","375","2015","6","5","13","156","4","26.93","26.4","27.3"
"30004","375","2015","6","5","14","156","4","28.52","28.5","28.6"
"30004","375","2015","6","5","15","156","4","28.75","28.7","28.8"
"30004","375","2015","6","5","16","156","4","27.68","27.2","28.3"
"30004","375","2015","6","5","17","156","4","28.45","28.4","28.5"
"30004","375","2015","6","5","18","156","4","27.27","26.4","28.2"
"30004","375","2015","6","5","19","156","4","25.15","24.3","25.9"
"30004","375","2015","6","5","20","156","4","22.57","21.7","23.6"
"30004","375","2015","6","5","21","156","4","20.75","20.4","21.3"
"30004","375","2015","6","5","22","156","4","19.93","19.5","20.3"
"30004","375","2015","6","5","23","156","4","19.15","18.9","19.4"
"30004","375","2015","6","6","0","157","4","18.48","18.2","18.7"
"30004","375","2015","6","6","1","157","4","18.02","17.9","18.1"
"30004","375","2015","6","6","2","157","4","17.77","17.7","17.9"
"30004","375","2015","6","6","3","157","4","17.48","17.3","17.6"
"30004","375","2015","6","6","4","157","4","17.18","17.1","17.2"
"30004","375","2015","6","6","5","157","4","16.92","16.9","17"
"30004","375","2015","6","6","6","157","4","17.68","17.1","18.4"
"30004","375","2015","6","6","7","157","4","19.75","18.9","20.5"
"30004","375","2015","6","6","8","157","4","22.78","21.6","24.3"
"30004","375","2015","6","6","9","157","4","26.12","25.2","26.9"
"30004","375","2015","6","6","10","157","4","27.7","27.2","28"
"30004","375","2015","6","6","11","157","4","28.45","28.1","28.8"
"30004","375","2015","6","6","12","157","4","28.52","27.9","29.5"
"30004","375","2015","6","6","13","157","4","29.9","29.6","30.2"
"30004","375","2015","6","6","14","157","4","29.85","29.4","30.3"
"30004","375","2015","6","6","15","157","4","30.57","30.2","30.9"
"30004","375","2015","6","6","16","157","4","30.62","29.9","31"
"30004","375","2015","6","6","17","157","4","30.68","30.6","30.8"
"30004","375","2015","6","6","18","157","4","30.02","29.5","30.7"
"30004","375","2015","6","6","19","157","4","25.82","24.6","27.5"
"30004","375","2015","6","6","20","157","4","23.5","23.1","24"
"30004","375","2015","6","6","21","157","4","23.15","23.1","23.2"
"30004","375","2015","6","6","22","157","4","23.07","22.9","23.2"
"30004","375","2015","6","6","23","157","4","22.5","22.4","22.6"
"30004","375","2015","6","7","0","158","4","22.2","22.1","22.3"
"30004","375","2015","6","7","1","158","4","21.7","21.4","22"
"30004","375","2015","6","7","2","158","4","20.6","20","21.3"
"30004","375","2015","6","7","3","158","4","19.55","19.4","19.7"
"30004","375","2015","6","7","4","158","4","19.1","19","19.3"
"30004","375","2015","6","7","5","158","4","18.73","18.6","18.9"
"30004","375","2015","6","7","6","158","4","18.85","18.6","19.1"
"30004","375","2015","6","7","7","158","4","19.77","19.3","20.2"
"30004","375","2015","6","7","8","158","4","21.9","20.6","23.7"
"30004","375","2015","6","7","9","158","4","25.8","24.8","26.6"
"30004","375","2015","6","7","10","158","4","27.43","27.1","27.7"
"30004","375","2015","6","7","11","158","4","28.93","28.4","29.3"
"30004","375","2015","6","7","12","158","4","29.25","28.9","29.5"
"30004","375","2015","6","7","13","158","4","28.52","27.9","29.6"
"30004","375","2015","6","7","14","158","4","28.5","28","29"
"30004","375","2015","6","7","15","158","4","30.27","29.2","30.7"
"30004","375","2015","6","7","16","158","4","29.77","29","30.6"
"30004","375","2015","6","7","17","158","4","29.82","28.8","30.4"
"30004","375","2015","6","7","18","158","4","28.85","28.4","29.1"
"30004","375","2015","6","7","19","158","4","26.27","25.3","27.3"
"30004","375","2015","6","7","20","158","4","23.85","23.2","24.6"
"30004","375","2015","6","7","21","158","4","22.8","22.7","23"
"30004","375","2015","6","7","22","158","4","23.05","22.7","23.6"
"30004","375","2015","6","7","23","158","4","23.43","23","23.8"
"30004","375","2015","6","8","0","159","4","22.9","22.8","23"
"30004","375","2015","6","8","1","159","4","22.82","22.6","23"
"30004","375","2015","6","8","2","159","4","22.3","22.1","22.4"
"30004","375","2015","6","8","3","159","4","21.1","20.9","21.4"
"30004","375","2015","6","8","4","159","4","20.5","20","20.8"
"30004","375","2015","6","8","5","159","4","19.75","19.7","19.9"
"30004","375","2015","6","8","6","159","4","20.1","19.8","20.4"
"30004","375","2015","6","8","7","159","4","20.65","20.5","20.9"
"30004","375","2015","6","8","8","159","4","22.43","21.2","24.2"
"30004","375","2015","6","8","9","159","4","25.95","25.1","26.6"
"30004","375","2015","6","8","10","159","4","27.73","27.1","28.1"
"30004","375","2015","6","8","11","159","4","28.42","28.4","28.5"
"30004","375","2015","6","8","12","159","4","28.82","28.6","29.2"
"30004","375","2015","6","8","13","159","4","29.9","29.7","30.1"
"30004","375","2015","6","8","14","159","4","30.23","30","30.4"
"30004","375","2015","6","8","15","159","4","30.4","30","30.7"
"30004","375","2015","6","8","16","159","4","30.1","29.7","30.5"
"30004","375","2015","6","8","17","159","4","29.33","28.8","29.8"
"30004","375","2015","6","8","18","159","4","28.52","27.9","28.9"
"30004","375","2015","6","8","19","159","4","26.82","25.9","27.7"
"30004","375","2015","6","8","20","159","4","24.82","24.2","25.4"
"30004","375","2015","6","8","21","159","4","23.93","23.5","24.4"
"30004","375","2015","6","8","22","159","4","24.07","23.6","24.5"
"30004","375","2015","6","8","23","159","4","22.85","22.6","23.1"
"30004","375","2015","6","9","0","160","4","22.1","21.9","22.4"
"30004","375","2015","6","9","1","160","4","22.02","21.6","22.8"
"30004","375","2015","6","9","2","160","4","22.88","22.8","23"
"30004","375","2015","6","9","3","160","4","21.62","20.6","22.5"
"30004","375","2015","6","9","4","160","4","19.42","19.4","19.5"
"30004","375","2015","6","9","5","160","4","19.23","19.1","19.3"
"30004","375","2015","6","9","6","160","4","19.62","19.5","19.9"
"30004","375","2015","6","9","7","160","4","20.75","20.2","21.3"
"30004","375","2015","6","9","8","160","4","22.1","21.8","22.5"
"30004","375","2015","6","9","9","160","4","24.07","22.9","25"
"30004","375","2015","6","9","10","160","4","26.15","25.5","26.6"
"30004","375","2015","6","9","11","160","4","27.4","27","27.8"
"30004","375","2015","6","9","12","160","4","28.05","27.8","28.3"
"30004","375","2015","6","9","13","160","4","28.8","28.5","29.1"
"30004","375","2015","6","9","14","160","4","29.15","28.9","29.6"
"30004","375","2015","6","9","15","160","4","29.15","29","29.4"
"30004","375","2015","6","9","16","160","4","27.38","25.7","28.2"
"30004","375","2015","6","9","17","160","4","24.07","23.6","24.6"
"30004","375","2015","6","9","18","160","4","23.12","22.8","23.3"
"30004","375","2015","6","9","19","160","4","22.48","22.4","22.5"
"30004","375","2015","6","9","20","160","4","22.25","22","22.5"
"30004","375","2015","6","9","21","160","4","21.55","21.2","21.9"
"30004","375","2015","6","9","22","160","4","20.68","20.5","20.9"
"30004","375","2015","6","9","23","160","4","20.38","20.2","20.5"
"30004","375","2015","6","10","0","161","4","19.9","19.7","20"
"30004","375","2015","6","10","1","161","4","19.55","19.4","19.7"
"30004","375","2015","6","10","2","161","4","19.23","19.1","19.3"
"30004","375","2015","6","10","3","161","4","18.9","18.8","19"
"30004","375","2015","6","10","4","161","4","18.62","18.5","18.7"
"30004","375","2015","6","10","5","161","4","18.32","18.2","18.4"
"30004","375","2015","6","10","6","161","4","18.7","18.3","19.1"
"30004","375","2015","6","10","7","161","4","19.95","19.3","20.6"
"30004","375","2015","6","10","8","161","4","22","21","23.4"
"30004","375","2015","6","10","9","161","4","25.48","24.5","26.4"
"30004","375","2015","6","10","10","161","4","26.95","26.7","27.2"
"30004","375","2015","6","10","11","161","4","28.23","28","28.5"
"30004","375","2015","6","10","12","161","4","28.7","28.4","28.9"
"30004","375","2015","6","10","13","161","4","29.77","29.2","30.3"
"30004","375","2015","6","10","14","161","4","27.93","27.3","28.4"
"30004","375","2015","6","10","15","161","4","26.8","26.4","27.2"
"30004","375","2015","6","10","16","161","4","28.15","27.1","28.6"
"30004","375","2015","6","10","17","161","4","28.6","28.1","29.1"
"30004","375","2015","6","10","18","161","4","27.43","26.6","28.1"
"30004","375","2015","6","10","19","161","4","25.43","24.5","26.2"
"30004","375","2015","6","10","20","161","4","23.4","23","24"
"30004","375","2015","6","10","21","161","4","22.75","22.6","22.9"
"30004","375","2015","6","10","22","161","4","22.75","22.4","23"
"30004","375","2015","6","10","23","161","4","21.85","21.7","22.1"
"30004","375","2015","6","11","0","162","4","21.2","21","21.5"
"30004","375","2015","6","11","1","162","4","20.45","20.2","20.7"
"30004","375","2015","6","11","2","162","4","19.98","19.9","20.1"
"30004","375","2015","6","11","3","162","4","19.75","19.7","19.8"
"30004","375","2015","6","11","4","162","4","19.57","19.5","19.7"
"30004","375","2015","6","11","5","162","4","19.52","19.5","19.6"
"30004","375","2015","6","11","6","162","4","20.3","19.8","20.8"
"30004","375","2015","6","11","7","162","4","21.35","21","21.8"
"30004","375","2015","6","11","8","162","4","23.1","22.2","24.5"
"30004","375","2015","6","11","9","162","4","25.85","25.7","26"
"30004","375","2015","6","11","10","162","4","27.15","26.4","27.8"
"30004","375","2015","6","11","11","162","4","27.35","26.8","27.9"
"30004","375","2015","6","11","12","162","4","26.7","26.2","27.4"
"30004","375","2015","6","11","13","162","4","28.45","27.9","28.9"
"30004","375","2015","6","11","14","162","4","26.68","25.4","29.3"
"30004","375","2015","6","11","15","162","4","25.88","25.4","26.3"
"30004","375","2015","6","11","16","162","4","25.27","25.2","25.4"
"30004","375","2015","6","11","17","162","4","25.02","24.8","25.4"
"30004","375","2015","6","11","18","162","4","24.1","23.7","24.6"
"30004","375","2015","6","11","19","162","4","23.43","23.2","23.6"
"30004","375","2015","6","11","20","162","4","22.75","22.5","23"
"30004","375","2015","6","11","21","162","4","22.12","21.9","22.4"
"30004","375","2015","6","11","22","162","4","21.43","21.2","21.7"
"30004","375","2015","6","11","23","162","4","21.23","21.2","21.3"
"30004","375","2015","6","12","0","163","4","21.02","21","21.1"
"30004","375","2015","6","12","1","163","4","20.95","20.8","21.1"
"30004","375","2015","6","12","2","163","4","21.2","21","21.3"
"30004","375","2015","6","12","3","163","4","21.12","21.1","21.2"
"30004","375","2015","6","12","4","163","4","21.25","21","21.5"
"30004","375","2015","6","12","5","163","4","21.4","21.3","21.5"
"30004","375","2015","6","12","6","163","4","21.5","21.4","21.6"
"30004","375","2015","6","12","7","163","4","21.75","21.6","21.9"
"30004","375","2015","6","12","8","163","4","22.9","22.4","23.1"
"30004","375","2015","6","12","9","163","4","23.9","23.2","24.6"
"30004","375","2015","6","12","10","163","4","25.15","24.4","25.8"
"30004","375","2015","6","12","11","163","4","25.88","25.1","27.2"
"30004","375","2015","6","12","12","163","4","27.7","27.6","27.9"
"30004","375","2015","6","12","13","163","4","27.27","26.7","27.6"
"30004","375","2015","6","12","14","163","4","28.12","27.8","28.4"
"30004","375","2015","6","12","15","163","4","29.25","28.6","30"
"30004","375","2015","6","12","16","163","4","28.75","28","29.8"
"30004","375","2015","6","12","17","163","4","27.8","27.5","28"
"30004","375","2015","6","12","18","163","4","26.38","25.1","27.5"
"30004","375","2015","6","12","19","163","4","24.3","23.9","24.8"
"30004","375","2015","6","12","20","163","4","23.68","23.5","23.8"
"30004","375","2015","6","12","21","163","4","23.4","23.4","23.4"
"30004","375","2015","6","12","22","163","4","23.1","22.9","23.3"
"30004","375","2015","6","12","23","163","4","22.52","22.3","22.7"
"30004","375","2015","6","13","0","164","4","22","21.7","22.2"
"30004","375","2015","6","13","1","164","4","21.23","21","21.5"
"30004","375","2015","6","13","2","164","4","20.57","20.3","20.8"
"30004","375","2015","6","13","3","164","4","19.8","19.7","20"
"30004","375","2015","6","13","4","164","4","19.57","19.4","19.8"
"30004","375","2015","6","13","5","164","4","19.38","19.3","19.5"
"30004","375","2015","6","13","6","164","4","20.27","19.7","20.9"
"30004","375","2015","6","13","7","164","4","21.98","21.3","22.6"
"30004","375","2015","6","13","8","164","4","23.52","22.7","24.5"
"30004","375","2015","6","13","9","164","4","25.82","25.4","26.3"
"30004","375","2015","6","13","10","164","4","27.55","27.1","28"
"30004","375","2015","6","13","11","164","4","28.6","28.2","28.9"
"30004","375","2015","6","13","12","164","4","29.52","29.2","29.8"
"30004","375","2015","6","13","13","164","4","30.73","30","31.4"
"30004","375","2015","6","13","14","164","4","30.82","30.5","31.1"
"30004","375","2015","6","13","15","164","4","31.3","31","31.8"
"30004","375","2015","6","13","16","164","4","30.18","28.3","32"
"30004","375","2015","6","13","17","164","4","28.93","28.3","29.8"
"30004","375","2015","6","13","18","164","4","30.27","29.6","30.9"
"30004","375","2015","6","13","19","164","4","27.77","26.7","28.8"
"30004","375","2015","6","13","20","164","4","25.3","24.6","26.1"
"30004","375","2015","6","13","21","164","4","23.68","23.2","24.2"
"30004","375","2015","6","13","22","164","4","22.62","22.3","23"
"30004","375","2015","6","13","23","164","4","21.93","21.7","22.1"
"30004","375","2015","6","14","0","165","4","21.45","21.3","21.6"
"30004","375","2015","6","14","1","165","4","20.95","20.8","21.1"
"30004","375","2015","6","14","2","165","4","20.48","20.4","20.6"
"30004","375","2015","6","14","3","165","4","20.05","19.9","20.2"
"30004","375","2015","6","14","4","165","4","19.73","19.6","19.8"
"30004","375","2015","6","14","5","165","4","19.5","19.5","19.5"
"30004","375","2015","6","14","6","165","4","19.85","19.5","20.3"
"30004","375","2015","6","14","7","165","4","21.9","20.7","23"
"30004","375","2015","6","14","8","165","4","25.38","24","26.9"
"30004","375","2015","6","14","9","165","4","28.38","27.6","28.9"
"30004","375","2015","6","14","10","165","4","29.73","29.2","30.1"
"30004","375","2015","6","14","11","165","4","30.45","30.1","30.7"
"30004","375","2015","6","14","12","165","4","31.4","31.3","31.5"
"30004","375","2015","6","14","13","165","4","32.12","31.9","32.4"
"30004","375","2015","6","14","14","165","4","32.05","31.2","32.5"
"30004","375","2015","6","14","15","165","4","30.5","29.4","31.9"
"30004","375","2015","6","14","16","165","4","31.95","30.7","32.8"
"30004","375","2015","6","14","17","165","4","29.15","28.8","29.4"
"30004","375","2015","6","14","18","165","4","30.43","29.4","31.2"
"30004","375","2015","6","14","19","165","4","27.5","26.2","29"
"30004","375","2015","6","14","20","165","4","24.85","24.2","25.6"
"30004","375","2015","6","14","21","165","4","23.48","23.1","23.9"
"30004","375","2015","6","14","22","165","4","22.6","22.3","22.9"
"30004","375","2015","6","14","23","165","4","22","21.8","22.2"
"30004","375","2015","6","15","0","166","4","21.55","21.4","21.7"
"30004","375","2015","6","15","1","166","4","21.07","20.9","21.3"
"30004","375","2015","6","15","2","166","4","20.7","20.6","20.8"
"30004","375","2015","6","15","3","166","4","20.4","20.3","20.5"
"30004","375","2015","6","15","4","166","4","20.18","20.1","20.2"
"30004","375","2015","6","15","5","166","4","20","20","20"
"30004","375","2015","6","15","6","166","4","20.35","20","20.8"
"30004","375","2015","6","15","7","166","4","22.1","21.1","23.3"
"30004","375","2015","6","15","8","166","4","25.8","24.3","27.5"
"30004","375","2015","6","15","9","166","4","29.93","29","30.8"
"30004","375","2015","6","15","10","166","4","30.95","30.8","31.2"
"30004","375","2015","6","15","11","166","4","31.8","31.5","32.1"
"30004","375","2015","6","15","12","166","4","32.62","32.2","33.1"
"30004","375","2015","6","15","13","166","4","32.98","32.6","33.2"
"30004","375","2015","6","15","14","166","4","32.75","31.4","33.7"
"30004","375","2015","6","15","15","166","4","33.8","33.3","34.1"
"30004","375","2015","6","15","16","166","4","33.5","32.7","34.1"
"30004","375","2015","6","15","17","166","4","30.32","29.7","31"
"30004","375","2015","6","15","18","166","4","30.73","29.6","31.4"
"30004","375","2015","6","15","19","166","4","27.53","26.6","28.6"
"30004","375","2015","6","15","20","166","4","25.8","25.3","26.3"
"30004","375","2015","6","15","21","166","4","24.6","24.2","25"
"30004","375","2015","6","15","22","166","4","23.62","23.3","24"
"30004","375","2015","6","15","23","166","4","22.88","22.6","23.1"
"30004","375","2015","6","16","0","167","4","22.27","22.1","22.5"
"30004","375","2015","6","16","1","167","4","21.77","21.6","22"
"30004","375","2015","6","16","2","167","4","21.45","21.4","21.5"
"30004","375","2015","6","16","3","167","4","21.15","21","21.3"
"30004","375","2015","6","16","4","167","4","20.9","20.8","21"
"30004","375","2015","6","16","5","167","4","20.73","20.7","20.8"
"30004","375","2015","6","16","6","167","4","21.2","20.9","21.6"
"30004","375","2015","6","16","7","167","4","23.12","22","24.5"
"30004","375","2015","6","16","8","167","4","27.35","25.8","28.9"
"30004","375","2015","6","16","9","167","4","30.05","29.5","30.6"
"30004","375","2015","6","16","10","167","4","31.18","30.7","31.4"
"30004","375","2015","6","16","11","167","4","31.95","31.4","32.3"
"30004","375","2015","6","16","12","167","4","32.62","32.4","32.8"
"30004","375","2015","6","16","13","167","4","33.17","32.7","33.4"
"30004","375","2015","6","16","14","167","4","33.7","33.5","33.9"
"30004","375","2015","6","16","15","167","4","34.17","34","34.4"
"30004","375","2015","6","16","16","167","4","34.08","33.9","34.2"
"30004","375","2015","6","16","17","167","4","33.9","33.6","34.2"
"30004","375","2015","6","16","18","167","4","32.55","31.5","33.2"
"30004","375","2015","6","16","19","167","4","28.78","27.6","30.1"
"30004","375","2015","6","16","20","167","4","26.43","25.9","27"
"30004","375","2015","6","16","21","167","4","25.35","25.1","25.7"
"30004","375","2015","6","16","22","167","4","24.88","24.7","25.1"
"30004","375","2015","6","16","23","167","4","24.55","24.3","24.8"
"30004","375","2015","6","17","0","168","4","23.9","23.6","24.2"
"30004","375","2015","6","17","1","168","4","23.18","23","23.4"
"30004","375","2015","6","17","2","168","4","22.73","22.6","22.9"
"30004","375","2015","6","17","3","168","4","22.25","22.1","22.4"
"30004","375","2015","6","17","4","168","4","21.8","21.7","21.9"
"30004","375","2015","6","17","5","168","4","21.55","21.5","21.6"
"30004","375","2015","6","17","6","168","4","22","21.6","22.5"
"30004","375","2015","6","17","7","168","4","24.38","23.1","25.6"
"30004","375","2015","6","17","8","168","4","27.4","26.3","28.7"
"30004","375","2015","6","17","9","168","4","30.6","29.8","31.1"
"30004","375","2015","6","17","10","168","4","31.95","31.4","32.3"
"30004","375","2015","6","17","11","168","4","32.1","31.8","32.4"
"30004","375","2015","6","17","12","168","4","32.92","32.5","33.2"
"30004","375","2015","6","17","13","168","4","33.42","33.1","33.8"
"30004","375","2015","6","17","14","168","4","32.85","31.7","33.4"
"30004","375","2015","6","17","15","168","4","34.12","33.5","34.6"
"30004","375","2015","6","17","16","168","4","34.42","34.2","34.6"
"30004","375","2015","6","17","17","168","4","33.67","33.3","34.1"
"30004","375","2015","6","17","18","168","4","32.23","31.5","32.6"
"30004","375","2015","6","17","19","168","4","28.9","27.9","30"
"30004","375","2015","6","17","20","168","4","26.65","26.1","27.3"
"30004","375","2015","6","17","21","168","4","25.4","25","25.8"
"30004","375","2015","6","17","22","168","4","24.52","24.2","24.9"
"30004","375","2015","6","17","23","168","4","23.95","23.8","24.1"
"30004","375","2015","6","18","0","169","4","23.55","23.4","23.7"
"30004","375","2015","6","18","1","169","4","23.02","22.9","23.2"
"30004","375","2015","6","18","2","169","4","22.57","22.5","22.7"
"30004","375","2015","6","18","3","169","4","22.25","22.1","22.4"
"30004","375","2015","6","18","4","169","4","22.1","22.1","22.1"
"30004","375","2015","6","18","5","169","4","22.08","22","22.1"
"30004","375","2015","6","18","6","169","4","22.48","22.1","23"
"30004","375","2015","6","18","7","169","4","24.57","23.5","25.7"
"30004","375","2015","6","18","8","169","4","27.62","26.7","29"
"30004","375","2015","6","18","9","169","4","30.93","30","31.5"
"30004","375","2015","6","18","10","169","4","31.9","31.7","32.2"
"30004","375","2015","6","18","11","169","4","32.3","32.1","32.5"
"30004","375","2015","6","18","12","169","4","31.65","31.4","32.2"
"30004","375","2015","6","18","13","169","4","30.45","26.9","32.7"
"30004","375","2015","6","18","14","169","4","27.95","27","29"
"30004","375","2015","6","18","15","169","4","26.67","25.5","27.9"
"30004","375","2015","6","18","16","169","4","26.85","26","28.3"
"30004","375","2015","6","18","17","169","4","26.48","25.9","26.7"
"30004","375","2015","6","18","18","169","4","25.98","25.6","26.4"
"30004","375","2015","6","18","19","169","4","24.5","24.1","25.2"
"30004","375","2015","6","18","20","169","4","23.35","23","23.8"
"30004","375","2015","6","18","21","169","4","22.73","22.5","22.9"
"30004","375","2015","6","18","22","169","4","22.18","22","22.4"
"30004","375","2015","6","18","23","169","4","21.65","21.5","21.8"
"30004","375","2015","6","19","0","170","4","21.45","21.4","21.5"
"30004","375","2015","6","19","1","170","4","21.23","21.2","21.3"
"30004","375","2015","6","19","2","170","4","21","20.9","21.1"
"30004","375","2015","6","19","3","170","4","20.88","20.8","20.9"
"30004","375","2015","6","19","4","170","4","20.62","20.6","20.7"
"30004","375","2015","6","19","5","170","4","20.5","20.5","20.5"
"30004","375","2015","6","19","6","170","4","20.98","20.6","21.5"
"30004","375","2015","6","19","7","170","4","23.3","22.1","24.4"
"30004","375","2015","6","19","8","170","4","25.82","25","26.9"
"30004","375","2015","6","19","9","170","4","28.3","28","28.6"
"30004","375","2015","6","19","10","170","4","29.48","28.9","29.8"
"30004","375","2015","6","19","11","170","4","29.95","29.7","30.3"
"30004","375","2015","6","19","12","170","4","30.88","30.2","31.3"
"30004","375","2015","6","19","13","170","4","32.27","31.8","32.7"
"30004","375","2015","6","19","14","170","4","32.67","32.4","33.1"
"30004","375","2015","6","19","15","170","4","32.4","32","32.9"
"30004","375","2015","6","19","16","170","4","32.7","32.1","33"
"30004","375","2015","6","19","17","170","4","32.55","32","33"
"30004","375","2015","6","19","18","170","4","31.6","30.9","32.1"
"30004","375","2015","6","19","19","170","4","29.52","28.5","30.3"
"30004","375","2015","6","19","20","170","4","26.55","25.8","27.4"
"30004","375","2015","6","19","21","170","4","25.18","25","25.4"
"30004","375","2015","6","19","22","170","4","24.52","24.2","24.8"
"30004","375","2015","6","19","23","170","4","23.93","23.8","24"
"30004","375","2015","6","20","0","171","4","23.4","23.3","23.6"
"30004","375","2015","6","20","1","171","4","23.8","23.4","24.4"
"30004","375","2015","6","20","2","171","4","25.12","25","25.3"
"30004","375","2015","6","20","3","171","4","24.73","24.3","25"
"30004","375","2015","6","20","4","171","4","23.9","23.6","24.1"
"30004","375","2015","6","20","5","171","4","23.43","23.3","23.6"
"30004","375","2015","6","20","6","171","4","23.62","23.3","23.9"
"30004","375","2015","6","20","7","171","4","24.82","24.4","25.3"
"30004","375","2015","6","20","8","171","4","25.95","25.7","26.2"
"30004","375","2015","6","20","9","171","4","27.27","26.3","27.7"
"30004","375","2015","6","20","10","171","4","28.45","28.2","28.9"
"30004","375","2015","6","20","11","171","4","29.2","28.7","29.7"
"30004","375","2015","6","20","12","171","4","30.48","30.1","30.7"
"30004","375","2015","6","20","13","171","4","27.3","25.5","28.3"
"30004","375","2015","6","20","14","171","4","28.2","26.8","29.1"
"30004","375","2015","6","20","15","171","4","26.23","25.6","27.6"
"30004","375","2015","6","20","16","171","4","30.05","29.5","30.4"
"30004","375","2015","6","20","17","171","4","30.7","30.6","30.8"
"30004","375","2015","6","20","18","171","4","30.25","29.7","30.8"
"30004","375","2015","6","20","19","171","4","28.77","28.3","29.2"
"30004","375","2015","6","20","20","171","4","27.32","26.7","27.9"
"30004","375","2015","6","20","21","171","4","25.85","25.4","26.3"
"30004","375","2015","6","20","22","171","4","25","24.5","25.4"
"30004","375","2015","6","20","23","171","4","24.35","24.2","24.5"
"30004","375","2015","6","21","0","172","4","23.55","23.2","24"
"30004","375","2015","6","21","1","172","4","22.85","22.7","23"
"30004","375","2015","6","21","2","172","4","22.7","22.6","22.8"
"30004","375","2015","6","21","3","172","4","22.73","22.4","23"
"30004","375","2015","6","21","4","172","4","22.07","21.9","22.3"
"30004","375","2015","6","21","5","172","4","21.55","21.4","21.7"
"30004","375","2015","6","21","6","172","4","22.1","21.5","22.8"
"30004","375","2015","6","21","7","172","4","23.88","23.2","24.6"
"30004","375","2015","6","21","8","172","4","25.5","25","26.3"
"30004","375","2015","6","21","9","172","4","27.82","27.3","28.7"
"30004","375","2015","6","21","10","172","4","29.43","28.9","30"
"30004","375","2015","6","21","11","172","4","30.25","29.8","30.6"
"30004","375","2015","6","21","12","172","4","31.25","31.1","31.6"
"30004","375","2015","6","21","13","172","4","31.52","31.3","31.7"
"30004","375","2015","6","21","14","172","4","31.7","31.2","32.2"
"30004","375","2015","6","21","15","172","4","33.08","32.8","33.3"
"30004","375","2015","6","21","16","172","4","33.4","33.3","33.6"
"30004","375","2015","6","21","17","172","4","33.02","32.9","33.2"
"30004","375","2015","6","21","18","172","4","31.82","31.5","32.3"
"30004","375","2015","6","21","19","172","4","30.07","29.3","30.9"
"30004","375","2015","6","21","20","172","4","27.5","26.5","28.5"
"30004","375","2015","6","21","21","172","4","25.6","25.1","26"
"30004","375","2015","6","21","22","172","4","24.7","24.3","25.1"
"30004","375","2015","6","21","23","172","4","23.73","23.4","24"
"30004","375","2015","6","22","0","173","4","23.02","22.8","23.3"
"30004","375","2015","6","22","1","173","4","22.5","22.3","22.7"
"30004","375","2015","6","22","2","173","4","22.05","21.9","22.2"
"30004","375","2015","6","22","3","173","4","21.65","21.5","21.8"
"30004","375","2015","6","22","4","173","4","21.48","21.4","21.5"
"30004","375","2015","6","22","5","173","4","21.38","21.3","21.4"
"30004","375","2015","6","22","6","173","4","22.35","21.6","23"
"30004","375","2015","6","22","7","173","4","24.25","23.6","25.1"
"30004","375","2015","6","22","8","173","4","26.95","26.3","27.6"
"30004","375","2015","6","22","9","173","4","28.85","28.4","29.2"
"30004","375","2015","6","22","10","173","4","30.38","29.7","30.8"
"30004","375","2015","6","22","11","173","4","31.52","31.3","31.9"
"30004","375","2015","6","22","12","173","4","32.2","31.8","32.4"
"30004","375","2015","6","22","13","173","4","32.8","32.6","33.1"
"30004","375","2015","6","22","14","173","4","33.45","33.2","33.7"
"30004","375","2015","6","22","15","173","4","33.7","33.4","34.1"
"30004","375","2015","6","22","16","173","4","34.15","34.1","34.3"
"30004","375","2015","6","22","17","173","4","33.8","33.6","34"
"30004","375","2015","6","22","18","173","4","32.83","32.3","33.3"
"30004","375","2015","6","22","19","173","4","29.25","27.6","31.3"
"30004","375","2015","6","22","20","173","4","26.27","25.7","27"
"30004","375","2015","6","22","21","173","4","24.98","24.6","25.4"
"30004","375","2015","6","22","22","173","4","24.1","23.8","24.4"
"30004","375","2015","6","22","23","173","4","23.38","23.1","23.6"
"30004","375","2015","6","23","0","174","4","22.82","22.6","23"
"30004","375","2015","6","23","1","174","4","22.52","22.5","22.6"
"30004","375","2015","6","23","2","174","4","22.2","22.1","22.3"
"30004","375","2015","6","23","3","174","4","21.77","21.6","22"
"30004","375","2015","6","23","4","174","4","21.43","21.3","21.5"
"30004","375","2015","6","23","5","174","4","21.25","21.2","21.3"
"30004","375","2015","6","23","6","174","4","22.07","21.5","22.9"
"30004","375","2015","6","23","7","174","4","24.7","23.4","26.1"
"30004","375","2015","6","23","8","174","4","27.75","26.8","28.8"
"30004","375","2015","6","23","9","174","4","29.62","29.3","29.9"
"30004","375","2015","6","23","10","174","4","30.68","30.4","31"
"30004","375","2015","6","23","11","174","4","31.52","31.3","31.7"
"30004","375","2015","6","23","12","174","4","31.93","31.5","32.4"
"30004","375","2015","6","23","13","174","4","32.67","32.3","33.1"
"30004","375","2015","6","23","14","174","4","33.5","33.3","33.7"
"30004","375","2015","6","23","15","174","4","33.52","33.4","33.6"
"30004","375","2015","6","23","16","174","4","33.42","32.8","34.1"
"30004","375","2015","6","23","17","174","4","33.35","33.2","33.5"
"30004","375","2015","6","23","18","174","4","32.58","31.9","33"
"30004","375","2015","6","23","19","174","4","29.9","28.6","31.1"
"30004","375","2015","6","23","20","174","4","27.27","26.6","28"
"30004","375","2015","6","23","21","174","4","25.9","25.5","26.3"
"30004","375","2015","6","23","22","174","4","25.05","24.8","25.4"
"30004","375","2015","6","23","23","174","4","24.43","24.2","24.6"
"30004","375","2015","6","24","0","175","4","23.98","23.9","24.1"
"30004","375","2015","6","24","1","175","4","23.7","23.5","23.8"
"30004","375","2015","6","24","2","175","4","23.35","23.3","23.4"
"30004","375","2015","6","24","3","175","4","23.15","23","23.3"
"30004","375","2015","6","24","4","175","4","22.93","22.8","23"
"30004","375","2015","6","24","5","175","4","22.82","22.8","22.9"
"30004","375","2015","6","24","6","175","4","23.65","23","24.3"
"30004","375","2015","6","24","7","175","4","25.57","24.8","26.5"
"30004","375","2015","6","24","8","175","4","27.7","26.9","28.9"
"30004","375","2015","6","24","9","175","4","30.75","30.2","31.4"
"30004","375","2015","6","24","10","175","4","32.15","31.7","32.5"
"30004","375","2015","6","24","11","175","4","32.77","32.4","33"
"30004","375","2015","6","24","12","175","4","33.75","32.8","34.3"
"30004","375","2015","6","24","13","175","4","32.73","30.6","34.8"
"30004","375","2015","6","24","14","175","4","24.15","21.7","28.5"
"30004","375","2015","6","24","15","175","4","21.95","21.9","22"
"30004","375","2015","6","24","16","175","4","22.38","22.2","22.8"
"30004","375","2015","6","24","17","175","4","22.93","22.8","23.1"
"30004","375","2015","6","24","18","175","4","21.9","21.4","22.6"
"30004","375","2015","6","24","19","175","4","21.18","21.1","21.2"
"30004","375","2015","6","24","20","175","4","21.15","21.1","21.2"
"30004","375","2015","6","24","21","175","4","21.1","21.1","21.1"
"30004","375","2015","6","24","22","175","4","21.15","21.1","21.2"
"30004","375","2015","6","24","23","175","4","20.85","20.7","21"
"30004","375","2015","6","25","0","176","4","20.5","20.4","20.6"
"30004","375","2015","6","25","1","176","4","20.27","20.2","20.4"
"30004","375","2015","6","25","2","176","4","20.08","20","20.1"
"30004","375","2015","6","25","3","176","4","19.82","19.7","20"
"30004","375","2015","6","25","4","176","4","19.55","19.5","19.7"
"30004","375","2015","6","25","5","176","4","19.45","19.4","19.5"
"30004","375","2015","6","25","6","176","4","19.93","19.6","20.4"
"30004","375","2015","6","25","7","176","4","21.33","20.6","22"
"30004","375","2015","6","25","8","176","4","23.77","22.9","24.8"
"30004","375","2015","6","25","9","176","4","26.7","25.7","27.6"
"30004","375","2015","6","25","10","176","4","29.18","28.6","29.6"
"30004","375","2015","6","25","11","176","4","30.52","30.1","30.9"
"30004","375","2015","6","25","12","176","4","31.38","31.1","31.6"
"30004","375","2015","6","25","13","176","4","31.62","31.4","31.8"
"30004","375","2015","6","25","14","176","4","32.83","32.5","33"
"30004","375","2015","6","25","15","176","4","33.58","33.3","33.7"
"30004","375","2015","6","25","16","176","4","32.08","30.6","33.6"
"30004","375","2015","6","25","17","176","4","29.05","28.7","29.7"
"30004","375","2015","6","25","18","176","4","28.95","28.5","29.5"
"30004","375","2015","6","25","19","176","4","28.85","28","29.7"
"30004","375","2015","6","25","20","176","4","26.75","26.2","27.4"
"30004","375","2015","6","25","21","176","4","25.45","25","25.9"
"30004","375","2015","6","25","22","176","4","24.52","24.3","24.7"
"30004","375","2015","6","25","23","176","4","23.85","23.6","24.1"
"30004","375","2015","6","26","0","177","4","23.18","23","23.4"
"30004","375","2015","6","26","1","177","4","22.65","22.4","22.9"
"30004","375","2015","6","26","2","177","4","22.15","22","22.3"
"30004","375","2015","6","26","3","177","4","21.85","21.7","22"
"30004","375","2015","6","26","4","177","4","21.62","21.6","21.7"
"30004","375","2015","6","26","5","177","4","21.45","21.4","21.5"
"30004","375","2015","6","26","6","177","4","21.98","21.5","22.6"
"30004","375","2015","6","26","7","177","4","24.62","23.5","25.6"
"30004","375","2015","6","26","8","177","4","26.62","26","27.3"
"30004","375","2015","6","26","9","177","4","28.95","27.7","29.8"
"30004","375","2015","6","26","10","177","4","30.88","30.3","31.2"
"30004","375","2015","6","26","11","177","4","31.9","31.6","32.5"
"30004","375","2015","6","26","12","177","4","32.35","32.1","32.6"
"30004","375","2015","6","26","13","177","4","32.9","32.5","33.3"
"30004","375","2015","6","26","14","177","4","31.57","30.9","32.7"
"30004","375","2015","6","26","15","177","4","31.73","31","32.1"
"30004","375","2015","6","26","16","177","4","30.77","30.7","30.9"
"30004","375","2015","6","26","17","177","4","30.03","28.3","30.6"
"30004","375","2015","6","26","18","177","4","26.07","25.8","26.4"
"30004","375","2015","6","26","19","177","4","24.98","24.3","25.5"
"30004","375","2015","6","26","20","177","4","23.3","22","24.2"
"30004","375","2015","6","26","21","177","4","22","21.8","22.1"
"30004","375","2015","6","26","22","177","4","22.23","22.2","22.3"
"30004","375","2015","6","26","23","177","4","22.1","22","22.2"
"30004","375","2015","6","27","0","178","4","22","22","22"
"30004","375","2015","6","27","1","178","4","22.08","22","22.1"
"30004","375","2015","6","27","2","178","4","22.08","22","22.1"
"30004","375","2015","6","27","3","178","4","21.82","21.7","21.9"
"30004","375","2015","6","27","4","178","4","21.58","21.5","21.6"
"30004","375","2015","6","27","5","178","4","21.48","21.4","21.5"
"30004","375","2015","6","27","6","178","4","21.6","21.5","21.8"
"30004","375","2015","6","27","7","178","4","22.2","22","22.4"
"30004","375","2015","6","27","8","178","4","22.52","21.7","23.4"
"30004","375","2015","6","27","9","178","4","23.45","23.2","23.6"
"30004","375","2015","6","27","10","178","4","24.93","24.3","25.6"
"30004","375","2015","6","27","11","178","4","26.8","26","27.5"
"30004","375","2015","6","27","12","178","4","28","27.7","28.3"
"30004","375","2015","6","27","13","178","4","26.15","25.4","27.4"
"30004","375","2015","6","27","14","178","4","27.93","27","28.5"
"30004","375","2015","6","27","15","178","4","27.35","26.8","27.8"
"30004","375","2015","6","27","16","178","4","26.98","26.1","27.6"
"30004","375","2015","6","27","17","178","4","24.2","23.5","25.4"
"30004","375","2015","6","27","18","178","4","24.23","23.8","24.5"
"30004","375","2015","6","27","19","178","4","24.15","24.1","24.3"
"30004","375","2015","6","27","20","178","4","23.05","22.5","23.7"
"30004","375","2015","6","27","21","178","4","22.07","21.9","22.3"
"30004","375","2015","6","27","22","178","4","21.43","21.2","21.7"
"30004","375","2015","6","27","23","178","4","21.07","20.9","21.2"
"30004","375","2015","6","28","0","179","4","20.38","20.2","20.6"
"30004","375","2015","6","28","1","179","4","19.62","19.3","20"
"30004","375","2015","6","28","2","179","4","18.65","18.3","19"
"30004","375","2015","6","28","3","179","4","17.82","17.6","18"
"30004","375","2015","6","28","4","179","4","17.18","17","17.4"
"30004","375","2015","6","28","5","179","4","16.75","16.7","16.8"
"30004","375","2015","6","28","6","179","4","17.18","16.8","17.7"
"30004","375","2015","6","28","7","179","4","18.55","18","19.2"
"30004","375","2015","6","28","8","179","4","20.35","19.5","21.3"
"30004","375","2015","6","28","9","179","4","22.7","22.2","23.2"
"30004","375","2015","6","28","10","179","4","23.8","23.2","24.2"
"30004","375","2015","6","28","11","179","4","24.55","24.1","25"
"30004","375","2015","6","28","12","179","4","25.55","25.1","25.8"
"30004","375","2015","6","28","13","179","4","26.32","25.9","26.5"
"30004","375","2015","6","28","14","179","4","26.75","26.6","26.9"
"30004","375","2015","6","28","15","179","4","27.23","27","27.7"
"30004","375","2015","6","28","16","179","4","27.35","27.2","27.4"
"30004","375","2015","6","28","17","179","4","27.1","27","27.2"
"30004","375","2015","6","28","18","179","4","26.52","26","26.8"
"30004","375","2015","6","28","19","179","4","23.18","21.7","24.7"
"30004","375","2015","6","28","20","179","4","20.02","19.2","20.9"
"30004","375","2015","6","28","21","179","4","18.27","17.8","18.8"
"30004","375","2015","6","28","22","179","4","17.1","16.7","17.5"
"30004","375","2015","6","28","23","179","4","16.3","16","16.6"
"30004","375","2015","6","29","0","180","4","15.65","15.4","15.9"
"30004","375","2015","6","29","1","180","4","15.18","15.1","15.3"
"30004","375","2015","6","29","2","180","4","14.82","14.7","14.9"
"30004","375","2015","6","29","3","180","4","14.57","14.5","14.6"
"30004","375","2015","6","29","4","180","4","14.43","14.4","14.5"
"30004","375","2015","6","29","5","180","4","14.3","14.3","14.3"
"30004","375","2015","6","29","6","180","4","14.82","14.4","15.2"
"30004","375","2015","6","29","7","180","4","16.88","15.7","18.3"
"30004","375","2015","6","29","8","180","4","20.75","19.3","22.3"
"30004","375","2015","6","29","9","180","4","24.62","23.5","25.5"
"30004","375","2015","6","29","10","180","4","26.32","25.9","26.8"
"30004","375","2015","6","29","11","180","4","27.12","27","27.3"
"30004","375","2015","6","29","12","180","4","27.77","27.4","28.2"
"30004","375","2015","6","29","13","180","4","28.15","27.7","28.6"
"30004","375","2015","6","29","14","180","4","28.82","28.6","29"
"30004","375","2015","6","29","15","180","4","29.1","28.9","29.4"
"30004","375","2015","6","29","16","180","4","28.95","28.9","29.1"
"30004","375","2015","6","29","17","180","4","28.68","28.3","29"
"30004","375","2015","6","29","18","180","4","28.45","28.1","28.8"
"30004","375","2015","6","29","19","180","4","26.8","26","27.6"
"30004","375","2015","6","29","20","180","4","24.23","23.4","25.2"
"30004","375","2015","6","29","21","180","4","23.62","23.5","23.8"
"30004","375","2015","6","29","22","180","4","22.77","22.4","23.3"
"30004","375","2015","6","29","23","180","4","22.02","22","22.1"
"30004","375","2015","6","30","0","181","4","22.93","22.2","23.5"
"30004","375","2015","6","30","1","181","4","23.6","23.4","23.8"
"30004","375","2015","6","30","2","181","4","23.25","23.1","23.4"
"30004","375","2015","6","30","3","181","4","22.7","22.3","23.1"
"30004","375","2015","6","30","4","181","4","21.62","21.4","22"
"30004","375","2015","6","30","5","181","4","21.07","20.7","21.4"
"30004","375","2015","6","30","6","181","4","21","20.7","21.4"
"30004","375","2015","6","30","7","181","4","23.18","22.3","24"
"30004","375","2015","6","30","8","181","4","25.12","24.4","26.1"
"30004","375","2015","6","30","9","181","4","26.98","26.5","27.5"
"30004","375","2015","6","30","10","181","4","27.45","27.1","27.7"
"30004","375","2015","6","30","11","181","4","27.1","26.7","27.5"
"30004","375","2015","6","30","12","181","4","27.88","27.6","28"
"30004","375","2015","6","30","13","181","4","28.32","28.2","28.5"
"30004","375","2015","6","30","14","181","4","28.15","27.8","28.5"
"30004","375","2015","6","30","15","181","4","28.82","28.3","29.1"
"30004","375","2015","6","30","16","181","4","29","28.7","29.2"
"30004","375","2015","6","30","17","181","4","28.65","28","29"
"30004","375","2015","6","30","18","181","4","27.55","27.3","28"
"30004","375","2015","6","30","19","181","4","25.93","25.2","26.7"
"30004","375","2015","6","30","20","181","4","25.12","25","25.3"
"30004","375","2015","6","30","21","181","4","24.6","24.2","24.9"
"30004","375","2015","6","30","22","181","4","23.75","23.5","24"
"30004","375","2015","6","30","23","181","4","23.07","22.7","23.4"
"30004","375","2015","7","1","0","182","4","22.25","22","22.5"
"30004","375","2015","7","1","1","182","4","21.68","21.5","21.9"
"30004","375","2015","7","1","2","182","4","21.12","20.9","21.4"
"30004","375","2015","7","1","3","182","4","20.32","19.8","20.7"
"30004","375","2015","7","1","4","182","4","19.3","19","19.6"
"30004","375","2015","7","1","5","182","4","19.18","18.8","19.9"
"30004","375","2015","7","1","6","182","4","20.5","20.2","20.8"
"30004","375","2015","7","1","7","182","4","21.2","21","21.5"
"30004","375","2015","7","1","8","182","4","22.47","21.9","22.9"
"30004","375","2015","7","1","9","182","4","23.98","23.3","24.5"
"30004","375","2015","7","1","10","182","4","24.73","24.6","24.8"
"30004","375","2015","7","1","11","182","4","25.55","25.1","25.8"
"30004","375","2015","7","1","12","182","4","26.38","26","26.9"
"30004","375","2015","7","1","13","182","4","26.73","26.5","27.1"
"30004","375","2015","7","1","14","182","4","27.07","26.4","27.5"
"30004","375","2015","7","1","15","182","4","27.95","27.8","28.2"
"30004","375","2015","7","1","16","182","4","26.6","25.2","27.6"
"30004","375","2015","7","1","17","182","4","21.32","20.8","22.1"
"30004","375","2015","7","1","18","182","4","20.45","20.2","20.6"
"30004","375","2015","7","1","19","182","4","19.95","19.8","20"
"30004","375","2015","7","1","20","182","4","19.9","19.8","20"
"30004","375","2015","7","1","21","182","4","19.93","19.8","20"
"30004","375","2015","7","1","22","182","4","19.82","19.8","19.9"
"30004","375","2015","7","1","23","182","4","19.68","19.6","19.7"
"30004","375","2015","7","2","0","183","4","19.75","19.7","19.8"
"30004","375","2015","7","2","1","183","4","19.75","19.7","19.8"
"30004","375","2015","7","2","2","183","4","19.62","19.5","19.7"
"30004","375","2015","7","2","3","183","4","19.32","19.2","19.4"
"30004","375","2015","7","2","4","183","4","19.23","19.2","19.3"
"30004","375","2015","7","2","5","183","4","19.32","19.3","19.4"
"30004","375","2015","7","2","6","183","4","19.52","19.4","19.6"
"30004","375","2015","7","2","7","183","4","20.43","19.7","21.1"
"30004","375","2015","7","2","8","183","4","22.17","21.5","22.9"
"30004","375","2015","7","2","9","183","4","24.5","23.7","25.1"
"30004","375","2015","7","2","10","183","4","26.35","25.2","27.3"
"30004","375","2015","7","2","11","183","4","27.73","27.3","28.1"
"30004","375","2015","7","2","12","183","4","27.75","27.4","28.3"
"30004","375","2015","7","2","13","183","4","29.27","29.1","29.4"
"30004","375","2015","7","2","14","183","4","25.95","21.2","28.9"
"30004","375","2015","7","2","15","183","4","19.98","19.8","20.2"
"30004","375","2015","7","2","16","183","4","21.07","20.5","21.8"
"30004","375","2015","7","2","17","183","4","22.5","22","23"
"30004","375","2015","7","2","18","183","4","22.7","22.5","23"
"30004","375","2015","7","2","19","183","4","22.5","22.4","22.6"
"30004","375","2015","7","2","20","183","4","22.08","22","22.1"
"30004","375","2015","7","2","21","183","4","21.93","21.8","22"
"30004","375","2015","7","2","22","183","4","21.57","21.5","21.7"
"30004","375","2015","7","2","23","183","4","22.33","22.1","22.6"
"30004","375","2015","7","3","0","184","4","22.82","22.8","22.9"
"30004","375","2015","7","3","1","184","4","22.88","22.6","23.1"
"30004","375","2015","7","3","2","184","4","23.08","23","23.1"
"30004","375","2015","7","3","3","184","4","23.15","23","23.2"
"30004","375","2015","7","3","4","184","4","23.18","22.9","23.3"
"30004","375","2015","7","3","5","184","4","22.02","21.8","22.5"
"30004","375","2015","7","3","6","184","4","22.68","22.2","23.1"
"30004","375","2015","7","3","7","184","4","20","19.7","20.5"
"30004","375","2015","7","3","8","184","4","19.88","19.7","20.1"
"30004","375","2015","7","3","9","184","4","20.65","20.2","21.1"
"30004","375","2015","7","3","10","184","4","21.95","21.6","22.2"
"30004","375","2015","7","3","11","184","4","23.1","22.1","24.1"
"30004","375","2015","7","3","12","184","4","25.23","24.3","26"
"30004","375","2015","7","3","13","184","4","25.23","24.7","25.8"
"30004","375","2015","7","3","14","184","4","24.58","24.5","24.6"
"30004","375","2015","7","3","15","184","4","24.52","24.3","24.8"
"30004","375","2015","7","3","16","184","4","25.27","24.5","25.8"
"30004","375","2015","7","3","17","184","4","25.2","24.4","25.8"
"30004","375","2015","7","3","18","184","4","23.95","23.6","24.3"
"30004","375","2015","7","3","19","184","4","23.07","22.8","23.4"
"30004","375","2015","7","3","20","184","4","21.68","21.1","22.4"
"30004","375","2015","7","3","21","184","4","20.57","20.4","20.8"
"30004","375","2015","7","3","22","184","4","20.35","20.3","20.4"
"30004","375","2015","7","3","23","184","4","20.18","20.1","20.3"
"30004","375","2015","7","4","0","185","4","20.05","20","20.1"
"30004","375","2015","7","4","1","185","4","20.2","20","20.5"
"30004","375","2015","7","4","2","185","4","20.45","20.4","20.5"
"30004","375","2015","7","4","3","185","4","20.5","20.2","20.7"
"30004","375","2015","7","4","4","185","4","19.88","19.7","20.1"
"30004","375","2015","7","4","5","185","4","19.52","19.5","19.6"
"30004","375","2015","7","4","6","185","4","19.45","19.4","19.5"
"30004","375","2015","7","4","7","185","4","19.4","19.3","19.5"
"30004","375","2015","7","4","8","185","4","19.55","19.2","20"
"30004","375","2015","7","4","9","185","4","20.6","20.2","20.9"
"30004","375","2015","7","4","10","185","4","21.12","21","21.3"
"30004","375","2015","7","4","11","185","4","21.98","21.3","22.6"
"30004","375","2015","7","4","12","185","4","23.6","22.8","24.4"
"30004","375","2015","7","4","13","185","4","25.55","24.7","26.4"
"30004","375","2015","7","4","14","185","4","27.18","26.7","27.7"
"30004","375","2015","7","4","15","185","4","28.43","27.8","28.7"
"30004","375","2015","7","4","16","185","4","28.62","28.1","29"
"30004","375","2015","7","4","17","185","4","28.45","28.2","28.6"
"30004","375","2015","7","4","18","185","4","26.52","25.2","28.2"
"30004","375","2015","7","4","19","185","4","23.77","23.5","24.3"
"30004","375","2015","7","4","20","185","4","23.05","22.9","23.2"
"30004","375","2015","7","4","21","185","4","22.77","22.7","22.9"
"30004","375","2015","7","4","22","185","4","21.95","21.8","22.1"
"30004","375","2015","7","4","23","185","4","21.5","21","22"
"30004","375","2015","7","5","0","186","4","20.8","20.8","20.8"
"30004","375","2015","7","5","1","186","4","20.65","20.5","20.8"
"30004","375","2015","7","5","2","186","4","20","19.9","20.2"
"30004","375","2015","7","5","3","186","4","19.8","19.7","19.9"
"30004","375","2015","7","5","4","186","4","19.68","19.6","19.7"
"30004","375","2015","7","5","5","186","4","19.42","19.4","19.5"
"30004","375","2015","7","5","6","186","4","19.62","19.5","19.8"
"30004","375","2015","7","5","7","186","4","20.25","19.9","20.6"
"30004","375","2015","7","5","8","186","4","21.2","20.8","21.6"
"30004","375","2015","7","5","9","186","4","22.23","22.1","22.5"
"30004","375","2015","7","5","10","186","4","23.52","23.2","23.8"
"30004","375","2015","7","5","11","186","4","23.95","23.7","24.6"
"30004","375","2015","7","5","12","186","4","25.07","24.8","25.4"
"30004","375","2015","7","5","13","186","4","26.4","25.9","26.7"
"30004","375","2015","7","5","14","186","4","26.95","26.8","27.2"
"30004","375","2015","7","5","15","186","4","28.05","27.5","28.4"
"30004","375","2015","7","5","16","186","4","28.32","27.9","28.6"
"30004","375","2015","7","5","17","186","4","28.05","27.6","28.6"
"30004","375","2015","7","5","18","186","4","26.95","26.2","27.7"
"30004","375","2015","7","5","19","186","4","24.3","23.4","25.3"
"30004","375","2015","7","5","20","186","4","22.5","22.2","23"
"30004","375","2015","7","5","21","186","4","21.77","21.6","22"
"30004","375","2015","7","5","22","186","4","21.3","21.2","21.5"
"30004","375","2015","7","5","23","186","4","20.95","20.6","21.2"
"30004","375","2015","7","6","0","187","4","20.25","20.1","20.4"
"30004","375","2015","7","6","1","187","4","19.98","19.9","20"
"30004","375","2015","7","6","2","187","4","20.23","20.1","20.4"
"30004","375","2015","7","6","3","187","4","20.5","20.5","20.5"
"30004","375","2015","7","6","4","187","4","20.5","20.5","20.5"
"30004","375","2015","7","6","5","187","4","20.95","20.7","21.2"
"30004","375","2015","7","6","6","187","4","21.5","21.3","21.6"
"30004","375","2015","7","6","7","187","4","21.68","21.6","21.7"
"30004","375","2015","7","6","8","187","4","22.35","22","22.7"
"30004","375","2015","7","6","9","187","4","23.8","22.9","24.7"
"30004","375","2015","7","6","10","187","4","25.7","25.2","26.1"
"30004","375","2015","7","6","11","187","4","27.2","26.9","27.6"
"30004","375","2015","7","6","12","187","4","27.7","27.3","28.1"
"30004","375","2015","7","6","13","187","4","28.73","28.2","29.3"
"30004","375","2015","7","6","14","187","4","29.57","29.4","29.8"
"30004","375","2015","7","6","15","187","4","29.9","29.8","30"
"30004","375","2015","7","6","16","187","4","29.9","29.8","30"
"30004","375","2015","7","6","17","187","4","29.1","28.8","29.6"
"30004","375","2015","7","6","18","187","4","27.73","27","28.4"
"30004","375","2015","7","6","19","187","4","25.8","24.9","26.6"
"30004","375","2015","7","6","20","187","4","23.65","23.1","24.3"
"30004","375","2015","7","6","21","187","4","22.6","22.5","22.8"
"30004","375","2015","7","6","22","187","4","22.62","22.5","22.7"
"30004","375","2015","7","6","23","187","4","22.52","22.3","22.7"
"30004","375","2015","7","7","0","188","4","21.75","21.4","22.1"
"30004","375","2015","7","7","1","188","4","21.12","20.9","21.3"
"30004","375","2015","7","7","2","188","4","20.57","20.4","20.8"
"30004","375","2015","7","7","3","188","4","20.18","20.1","20.3"
"30004","375","2015","7","7","4","188","4","19.9","19.8","20"
"30004","375","2015","7","7","5","188","4","19.75","19.7","19.8"
"30004","375","2015","7","7","6","188","4","20.2","19.8","20.7"
"30004","375","2015","7","7","7","188","4","22.05","21.1","23.1"
"30004","375","2015","7","7","8","188","4","24.45","23.7","25.2"
"30004","375","2015","7","7","9","188","4","26.3","25.7","26.8"
"30004","375","2015","7","7","10","188","4","27.68","26.9","28.2"
"30004","375","2015","7","7","11","188","4","28.88","28.6","29.6"
"30004","375","2015","7","7","12","188","4","29.73","29.5","30"
"30004","375","2015","7","7","13","188","4","30.2","29.9","30.6"
"30004","375","2015","7","7","14","188","4","30.15","29.4","31"
"30004","375","2015","7","7","15","188","4","31.8","31.5","32.2"
"30004","375","2015","7","7","16","188","4","31.48","31.1","31.8"
"30004","375","2015","7","7","17","188","4","30.82","30.4","31.4"
"30004","375","2015","7","7","18","188","4","29.7","28.6","30.7"
"30004","375","2015","7","7","19","188","4","26.65","25.8","27.6"
"30004","375","2015","7","7","20","188","4","25.1","24.8","25.4"
"30004","375","2015","7","7","21","188","4","24.38","24.1","24.6"
"30004","375","2015","7","7","22","188","4","23.68","23.5","23.9"
"30004","375","2015","7","7","23","188","4","23.18","23","23.4"
"30004","375","2015","7","8","0","189","4","22.8","22.7","22.9"
"30004","375","2015","7","8","1","189","4","22.4","22.2","22.6"
"30004","375","2015","7","8","2","189","4","21.98","21.9","22.1"
"30004","375","2015","7","8","3","189","4","21.65","21.5","21.8"
"30004","375","2015","7","8","4","189","4","21.32","21.2","21.4"
"30004","375","2015","7","8","5","189","4","21","20.9","21.1"
"30004","375","2015","7","8","6","189","4","21.15","20.9","21.5"
"30004","375","2015","7","8","7","189","4","23.1","22","24.3"
"30004","375","2015","7","8","8","189","4","25.98","25.1","26.7"
"30004","375","2015","7","8","9","189","4","27.77","27.2","28.3"
"30004","375","2015","7","8","10","189","4","28.62","28.1","29"
"30004","375","2015","7","8","11","189","4","29.68","29.2","30.2"
"30004","375","2015","7","8","12","189","4","30.57","30.4","30.7"
"30004","375","2015","7","8","13","189","4","31.45","31.1","31.7"
"30004","375","2015","7","8","14","189","4","32.05","32","32.1"
"30004","375","2015","7","8","15","189","4","32.17","32.1","32.3"
"30004","375","2015","7","8","16","189","4","32.55","32.2","32.7"
"30004","375","2015","7","8","17","189","4","32.25","31.9","32.5"
"30004","375","2015","7","8","18","189","4","30.88","29.6","31.6"
"30004","375","2015","7","8","19","189","4","27.43","26.5","28.4"
"30004","375","2015","7","8","20","189","4","25.55","25.1","26"
"30004","375","2015","7","8","21","189","4","24.6","24.3","24.9"
"30004","375","2015","7","8","22","189","4","23.8","23.5","24.1"
"30004","375","2015","7","8","23","189","4","23.02","22.8","23.3"
"30004","375","2015","7","9","0","190","4","22.57","22.5","22.7"
"30004","375","2015","7","9","1","190","4","22.2","22.1","22.4"
"30004","375","2015","7","9","2","190","4","21.98","21.9","22"
"30004","375","2015","7","9","3","190","4","21.65","21.5","21.8"
"30004","375","2015","7","9","4","190","4","21.15","21","21.3"
"30004","375","2015","7","9","5","190","4","20.77","20.7","20.9"
"30004","375","2015","7","9","6","190","4","20.93","20.7","21.2"
"30004","375","2015","7","9","7","190","4","22.65","21.6","24"
"30004","375","2015","7","9","8","190","4","25.88","25","26.9"
"30004","375","2015","7","9","9","190","4","28.18","27.6","28.5"
"30004","375","2015","7","9","10","190","4","29.23","28.9","29.7"
"30004","375","2015","7","9","11","190","4","30.32","30","30.7"
"30004","375","2015","7","9","12","190","4","31.07","30.8","31.4"
"30004","375","2015","7","9","13","190","4","31.78","31.5","32.2"
"30004","375","2015","7","9","14","190","4","32.48","32.3","32.7"
"30004","375","2015","7","9","15","190","4","32.88","32.7","33"
"30004","375","2015","7","9","16","190","4","33","32.8","33.2"
"30004","375","2015","7","9","17","190","4","32.7","32.5","32.9"
"30004","375","2015","7","9","18","190","4","31.53","30.3","32.2"
"30004","375","2015","7","9","19","190","4","27.8","26.8","29"
"30004","375","2015","7","9","20","190","4","25.77","25.3","26.3"
"30004","375","2015","7","9","21","190","4","24.7","24.4","25"
"30004","375","2015","7","9","22","190","4","24.05","23.8","24.3"
"30004","375","2015","7","9","23","190","4","23.45","23.2","23.7"
"30004","375","2015","7","10","0","191","4","22.85","22.6","23.1"
"30004","375","2015","7","10","1","191","4","22.25","22.1","22.4"
"30004","375","2015","7","10","2","191","4","21.93","21.7","22.1"
"30004","375","2015","7","10","3","191","4","21.52","21.4","21.6"
"30004","375","2015","7","10","4","191","4","21.23","21.1","21.3"
"30004","375","2015","7","10","5","191","4","20.95","20.9","21"
"30004","375","2015","7","10","6","191","4","21.3","21","21.7"
"30004","375","2015","7","10","7","191","4","23.65","22.1","25"
"30004","375","2015","7","10","8","191","4","26.35","25.6","27.2"
"30004","375","2015","7","10","9","191","4","28.82","28","29.7"
"30004","375","2015","7","10","10","191","4","30.55","30.1","30.9"
"30004","375","2015","7","10","11","191","4","31.43","31.1","31.7"
"30004","375","2015","7","10","12","191","4","32.08","31.6","32.5"
"30004","375","2015","7","10","13","191","4","32.25","31.7","32.7"
"30004","375","2015","7","10","14","191","4","32.88","32.4","33.3"
"30004","375","2015","7","10","15","191","4","33.23","32.8","33.6"
"30004","375","2015","7","10","16","191","4","33.68","33.6","33.7"
"30004","375","2015","7","10","17","191","4","33.15","32.8","33.5"
"30004","375","2015","7","10","18","191","4","31.85","30.7","32.7"
"30004","375","2015","7","10","19","191","4","28.77","28.1","29.8"
"30004","375","2015","7","10","20","191","4","27.65","27","28.4"
"30004","375","2015","7","10","21","191","4","25.85","25.2","26.5"
"30004","375","2015","7","10","22","191","4","24.6","24.2","25"
"30004","375","2015","7","10","23","191","4","23.9","23.8","24"
"30004","375","2015","7","11","0","192","4","23.45","23.3","23.6"
"30004","375","2015","7","11","1","192","4","22.9","22.6","23.2"
"30004","375","2015","7","11","2","192","4","22.35","22.2","22.5"
"30004","375","2015","7","11","3","192","4","22.02","21.9","22.1"
"30004","375","2015","7","11","4","192","4","21.62","21.5","21.8"
"30004","375","2015","7","11","5","192","4","21.35","21.3","21.4"
"30004","375","2015","7","11","6","192","4","21.75","21.4","22.2"
"30004","375","2015","7","11","7","192","4","23.85","22.9","24.6"
"30004","375","2015","7","11","8","192","4","26.15","25.2","27"
"30004","375","2015","7","11","9","192","4","29","28.2","29.6"
"30004","375","2015","7","11","10","192","4","30.23","29.9","30.5"
"30004","375","2015","7","11","11","192","4","30.85","30.2","31.5"
"30004","375","2015","7","11","12","192","4","31.68","31.4","32.1"
"30004","375","2015","7","11","13","192","4","32.33","32","32.5"
"30004","375","2015","7","11","14","192","4","32.77","32.5","33"
"30004","375","2015","7","11","15","192","4","32.12","31","33.1"
"30004","375","2015","7","11","16","192","4","28.8","27.6","30.3"
"30004","375","2015","7","11","17","192","4","26.5","25.8","27.2"
"30004","375","2015","7","11","18","192","4","25","24.9","25.1"
"30004","375","2015","7","11","19","192","4","25.05","24.6","25.3"
"30004","375","2015","7","11","20","192","4","23.77","23.3","24.3"
"30004","375","2015","7","11","21","192","4","22.73","22.5","23"
"30004","375","2015","7","11","22","192","4","22.05","21.8","22.3"
"30004","375","2015","7","11","23","192","4","21.3","21","21.6"
"30004","375","2015","7","12","0","193","4","20.7","20.5","20.9"
"30004","375","2015","7","12","1","193","4","20.18","20","20.4"
"30004","375","2015","7","12","2","193","4","19.82","19.7","19.9"
"30004","375","2015","7","12","3","193","4","19.68","19.6","19.8"
"30004","375","2015","7","12","4","193","4","19.52","19.5","19.6"
"30004","375","2015","7","12","5","193","4","19.45","19.4","19.5"
"30004","375","2015","7","12","6","193","4","20.07","19.6","20.7"
"30004","375","2015","7","12","7","193","4","22.5","21.2","23.9"
"30004","375","2015","7","12","8","193","4","25.45","24.6","26.5"
"30004","375","2015","7","12","9","193","4","28.35","27.6","29.1"
"30004","375","2015","7","12","10","193","4","30.07","29.6","30.5"
"30004","375","2015","7","12","11","193","4","30.43","30.3","30.7"
"30004","375","2015","7","12","12","193","4","30.7","30.2","31.1"
"30004","375","2015","7","12","13","193","4","31.85","31.2","32.7"
"30004","375","2015","7","12","14","193","4","31.62","30.3","32.5"
"30004","375","2015","7","12","15","193","4","27.12","26.7","28"
"30004","375","2015","7","12","16","193","4","28.52","27.3","30.1"
"30004","375","2015","7","12","17","193","4","30.5","30.4","30.6"
"30004","375","2015","7","12","18","193","4","29.85","29.3","30.2"
"30004","375","2015","7","12","19","193","4","27.58","26.6","28.6"
"30004","375","2015","7","12","20","193","4","25.82","25.4","26.3"
"30004","375","2015","7","12","21","193","4","24.95","24.7","25.2"
"30004","375","2015","7","12","22","193","4","24.85","24.6","25.1"
"30004","375","2015","7","12","23","193","4","22.42","21.7","23.9"
"30004","375","2015","7","13","0","194","4","21.57","21.5","21.7"
"30004","375","2015","7","13","1","194","4","21.27","21.2","21.4"
"30004","375","2015","7","13","2","194","4","21.08","21","21.1"
"30004","375","2015","7","13","3","194","4","20.95","20.9","21"
"30004","375","2015","7","13","4","194","4","20.75","20.6","20.9"
"30004","375","2015","7","13","5","194","4","20.58","20.5","20.6"
"30004","375","2015","7","13","6","194","4","20.68","20.5","20.9"
"30004","375","2015","7","13","7","194","4","21.9","21.2","22.7"
"30004","375","2015","7","13","8","194","4","24.17","23.2","25.2"
"30004","375","2015","7","13","9","194","4","27.73","26.6","28.6"
"30004","375","2015","7","13","10","194","4","29.38","28.9","29.9"
"30004","375","2015","7","13","11","194","4","30.38","30","30.6"
"30004","375","2015","7","13","12","194","4","31.15","30.4","31.7"
"30004","375","2015","7","13","13","194","4","31.95","31.5","32.5"
"30004","375","2015","7","13","14","194","4","32.8","32.6","32.9"
"30004","375","2015","7","13","15","194","4","33.15","33","33.3"
"30004","375","2015","7","13","16","194","4","32.98","32.7","33.1"
"30004","375","2015","7","13","17","194","4","32.2","31.7","32.6"
"30004","375","2015","7","13","18","194","4","29.93","29.1","31.1"
"30004","375","2015","7","13","19","194","4","28.23","27.7","28.8"
"30004","375","2015","7","13","20","194","4","26.8","26.4","27.3"
"30004","375","2015","7","13","21","194","4","25.8","25.4","26.1"
"30004","375","2015","7","13","22","194","4","24.98","24.8","25.2"
"30004","375","2015","7","13","23","194","4","24.8","24.8","24.8"
"30004","375","2015","7","14","0","195","4","24.55","24.5","24.7"
"30004","375","2015","7","14","1","195","4","24.15","24","24.4"
"30004","375","2015","7","14","2","195","4","23.62","23.4","23.9"
"30004","375","2015","7","14","3","195","4","23.05","22.9","23.2"
"30004","375","2015","7","14","4","195","4","22.8","22.6","22.9"
"30004","375","2015","7","14","5","195","4","22.55","22.5","22.7"
"30004","375","2015","7","14","6","195","4","23.43","22.6","24.4"
"30004","375","2015","7","14","7","195","4","25.65","25","26.3"
"30004","375","2015","7","14","8","195","4","27.05","26.6","27.6"
"30004","375","2015","7","14","9","195","4","28.15","27.7","28.7"
"30004","375","2015","7","14","10","195","4","29.4","29.1","29.7"
"30004","375","2015","7","14","11","195","4","29.65","29.3","30.1"
"30004","375","2015","7","14","12","195","4","30.6","30.3","31.1"
"30004","375","2015","7","14","13","195","4","31.52","31.3","31.7"
"30004","375","2015","7","14","14","195","4","32.3","31.9","32.8"
"30004","375","2015","7","14","15","195","4","32.58","32.1","32.8"
"30004","375","2015","7","14","16","195","4","32.52","31.7","33"
"30004","375","2015","7","14","17","195","4","30.85","30.4","31.3"
"30004","375","2015","7","14","18","195","4","29.57","29.1","30.1"
"30004","375","2015","7","14","19","195","4","23.9","20.5","29.2"
"30004","375","2015","7","14","20","195","4","20.42","20.4","20.5"
"30004","375","2015","7","14","21","195","4","20.35","20.2","20.5"
"30004","375","2015","7","14","22","195","4","20.23","20.2","20.3"
"30004","375","2015","7","14","23","195","4","20.38","20.3","20.4"
"30004","375","2015","7","15","0","196","4","20.45","20.4","20.5"
"30004","375","2015","7","15","1","196","4","20.4","20.3","20.5"
"30004","375","2015","7","15","2","196","4","20.15","20.1","20.2"
"30004","375","2015","7","15","3","196","4","20.1","20.1","20.1"
"30004","375","2015","7","15","4","196","4","20.1","20.1","20.1"
"30004","375","2015","7","15","5","196","4","20.12","20.1","20.2"
"30004","375","2015","7","15","6","196","4","20.48","20.1","20.8"
"30004","375","2015","7","15","7","196","4","21.48","21","22"
"30004","375","2015","7","15","8","196","4","23.05","22.3","23.8"
"30004","375","2015","7","15","9","196","4","24.93","24.4","25.5"
"30004","375","2015","7","15","10","196","4","26","25.5","26.6"
"30004","375","2015","7","15","11","196","4","27.25","26.6","27.8"
"30004","375","2015","7","15","12","196","4","28.15","27.9","28.3"
"30004","375","2015","7","15","13","196","4","29.1","28.9","29.3"
"30004","375","2015","7","15","14","196","4","29.85","29.5","30.2"
"30004","375","2015","7","15","15","196","4","30.48","30.3","30.6"
"30004","375","2015","7","15","16","196","4","31","30.9","31.1"
"30004","375","2015","7","15","17","196","4","30.52","30.4","30.7"
"30004","375","2015","7","15","18","196","4","29.65","28.8","30.3"
"30004","375","2015","7","15","19","196","4","26.8","25.6","28.1"
"30004","375","2015","7","15","20","196","4","24.45","23.9","25.1"
"30004","375","2015","7","15","21","196","4","23.4","23.1","23.7"
"30004","375","2015","7","15","22","196","4","22.8","22.5","23"
"30004","375","2015","7","15","23","196","4","22.07","21.8","22.3"
"30004","375","2015","7","16","0","197","4","21.48","21.3","21.7"
"30004","375","2015","7","16","1","197","4","21.05","20.9","21.2"
"30004","375","2015","7","16","2","197","4","20.6","20.5","20.8"
"30004","375","2015","7","16","3","197","4","20.27","20.2","20.4"
"30004","375","2015","7","16","4","197","4","20.05","20","20.1"
"30004","375","2015","7","16","5","197","4","19.75","19.6","19.9"
"30004","375","2015","7","16","6","197","4","19.82","19.6","20.1"
"30004","375","2015","7","16","7","197","4","21.15","20.4","22.1"
"30004","375","2015","7","16","8","197","4","23.65","22.8","24.8"
"30004","375","2015","7","16","9","197","4","27.3","26.4","28.1"
"30004","375","2015","7","16","10","197","4","28.57","28.3","29"
"30004","375","2015","7","16","11","197","4","29.23","28.7","29.7"
"30004","375","2015","7","16","12","197","4","29.23","28.5","30"
"30004","375","2015","7","16","13","197","4","30.52","30","31"
"30004","375","2015","7","16","14","197","4","31.38","30.5","31.8"
"30004","375","2015","7","16","15","197","4","31.75","31.5","32"
"30004","375","2015","7","16","16","197","4","31.27","30.7","31.9"
"30004","375","2015","7","16","17","197","4","30.95","30.7","31.3"
"30004","375","2015","7","16","18","197","4","29.2","27.7","30.2"
"30004","375","2015","7","16","19","197","4","25.82","25","26.8"
"30004","375","2015","7","16","20","197","4","23.8","23.3","24.4"
"30004","375","2015","7","16","21","197","4","23.1","22.9","23.2"
"30004","375","2015","7","16","22","197","4","22.57","22.4","22.8"
"30004","375","2015","7","16","23","197","4","22.2","21.9","22.5"
"30004","375","2015","7","17","0","198","4","21.48","21.3","21.7"
"30004","375","2015","7","17","1","198","4","21.18","21.1","21.2"
"30004","375","2015","7","17","2","198","4","20.75","20.6","20.9"
"30004","375","2015","7","17","3","198","4","20.48","20.4","20.6"
"30004","375","2015","7","17","4","198","4","20.2","20.1","20.3"
"30004","375","2015","7","17","5","198","4","19.95","19.9","20"
"30004","375","2015","7","17","6","198","4","20.25","20","20.6"
"30004","375","2015","7","17","7","198","4","21.98","21","23.2"
"30004","375","2015","7","17","8","198","4","24.95","24","26"
"30004","375","2015","7","17","9","198","4","28","27.1","28.9"
"30004","375","2015","7","17","10","198","4","29.38","28.8","29.9"
"30004","375","2015","7","17","11","198","4","30.3","29.6","31"
"30004","375","2015","7","17","12","198","4","30.32","29.7","30.9"
"30004","375","2015","7","17","13","198","4","31.03","30.1","31.8"
"30004","375","2015","7","17","14","198","4","32.33","31.6","32.9"
"30004","375","2015","7","17","15","198","4","33.25","32.9","33.6"
"30004","375","2015","7","17","16","198","4","33.02","33","33.1"
"30004","375","2015","7","17","17","198","4","32.65","32.3","32.9"
"30004","375","2015","7","17","18","198","4","31.2","30.1","32"
"30004","375","2015","7","17","19","198","4","27.73","26.6","28.9"
"30004","375","2015","7","17","20","198","4","25.3","24.7","26"
"30004","375","2015","7","17","21","198","4","24.05","23.8","24.4"
"30004","375","2015","7","17","22","198","4","23.38","23.2","23.6"
"30004","375","2015","7","17","23","198","4","22.95","22.8","23.1"
"30004","375","2015","7","18","0","199","4","22.7","22.6","22.8"
"30004","375","2015","7","18","1","199","4","22.35","22.2","22.5"
"30004","375","2015","7","18","2","199","4","22.07","22","22.2"
"30004","375","2015","7","18","3","199","4","21.9","21.8","22"
"30004","375","2015","7","18","4","199","4","21.65","21.5","21.8"
"30004","375","2015","7","18","5","199","4","21.45","21.4","21.5"
"30004","375","2015","7","18","6","199","4","21.62","21.4","21.9"
"30004","375","2015","7","18","7","199","4","23.18","22.3","24.2"
"30004","375","2015","7","18","8","199","4","26.38","25.1","27.6"
"30004","375","2015","7","18","9","199","4","29.65","28.7","30.5"
"30004","375","2015","7","18","10","199","4","31.1","30.7","31.5"
"30004","375","2015","7","18","11","199","4","32.15","31.5","32.7"
"30004","375","2015","7","18","12","199","4","32.38","31.7","33"
"30004","375","2015","7","18","13","199","4","33.35","32.7","33.8"
"30004","375","2015","7","18","14","199","4","34.3","34.2","34.4"
"30004","375","2015","7","18","15","199","4","33.25","33","33.9"
"30004","375","2015","7","18","16","199","4","33.5","33.3","33.8"
"30004","375","2015","7","18","17","199","4","32.33","31.8","32.7"
"30004","375","2015","7","18","18","199","4","30.98","30.1","31.4"
"30004","375","2015","7","18","19","199","4","28.43","27.5","29.4"
"30004","375","2015","7","18","20","199","4","27.8","27.5","28.1"
"30004","375","2015","7","18","21","199","4","26.2","25.3","27"
"30004","375","2015","7","18","22","199","4","24.35","24","24.9"
"30004","375","2015","7","18","23","199","4","23.7","23.6","23.8"
"30004","375","2015","7","19","0","200","4","23.65","23.5","23.8"
"30004","375","2015","7","19","1","200","4","23.07","22.8","23.3"
"30004","375","2015","7","19","2","200","4","22.38","22.2","22.6"
"30004","375","2015","7","19","3","200","4","21.95","21.8","22.1"
"30004","375","2015","7","19","4","200","4","21.52","21.4","21.7"
"30004","375","2015","7","19","5","200","4","21.32","21.3","21.4"
"30004","375","2015","7","19","6","200","4","21.52","21.3","21.8"
"30004","375","2015","7","19","7","200","4","22.95","22.1","24.1"
"30004","375","2015","7","19","8","200","4","26.07","24.8","27.7"
"30004","375","2015","7","19","9","200","4","29.82","28.9","30.4"
"30004","375","2015","7","19","10","200","4","30.9","30.3","31.5"
"30004","375","2015","7","19","11","200","4","31.77","31.6","31.9"
"30004","375","2015","7","19","12","200","4","32.27","31.8","32.7"
"30004","375","2015","7","19","13","200","4","32.7","32","33.3"
"30004","375","2015","7","19","14","200","4","32.57","31.8","33.3"
"30004","375","2015","7","19","15","200","4","30.35","29.5","31.2"
"30004","375","2015","7","19","16","200","4","29.48","29.3","29.6"
"30004","375","2015","7","19","17","200","4","29.05","28.5","29.4"
"30004","375","2015","7","19","18","200","4","26.98","26.5","27.5"
"30004","375","2015","7","19","19","200","4","26.07","25.7","26.4"
"30004","375","2015","7","19","20","200","4","25.23","24.9","25.5"
"30004","375","2015","7","19","21","200","4","24.45","24.2","24.7"
"30004","375","2015","7","19","22","200","4","23.62","23.4","23.9"
"30004","375","2015","7","19","23","200","4","23.45","23.4","23.5"
"30004","375","2015","7","20","0","201","4","23.27","23.2","23.4"
"30004","375","2015","7","20","1","201","4","23.05","23","23.2"
"30004","375","2015","7","20","2","201","4","22.88","22.8","22.9"
"30004","375","2015","7","20","3","201","4","22.82","22.8","22.9"
"30004","375","2015","7","20","4","201","4","22.68","22.6","22.8"
"30004","375","2015","7","20","5","201","4","22.82","22.6","23.1"
"30004","375","2015","7","20","6","201","4","23.57","23.4","23.8"
"30004","375","2015","7","20","7","201","4","24.73","24.1","25.4"
"30004","375","2015","7","20","8","201","4","26.68","25.9","27.6"
"30004","375","2015","7","20","9","201","4","29.32","28.5","29.9"
"30004","375","2015","7","20","10","201","4","30.7","30.2","31"
"30004","375","2015","7","20","11","201","4","31.27","30.9","31.6"
"30004","375","2015","7","20","12","201","4","32.1","31.8","32.5"
"30004","375","2015","7","20","13","201","4","32.77","32.5","33.2"
"30004","375","2015","7","20","14","201","4","33.52","33.5","33.6"
"30004","375","2015","7","20","15","201","4","33.55","33.2","33.8"
"30004","375","2015","7","20","16","201","4","33.02","31.6","34"
"30004","375","2015","7","20","17","201","4","29.65","28.9","30.5"
"30004","375","2015","7","20","18","201","4","28.25","28.1","28.6"
"30004","375","2015","7","20","19","201","4","27.43","26.7","28.2"
"30004","375","2015","7","20","20","201","4","26.82","26.6","27.2"
"30004","375","2015","7","20","21","201","4","25.4","24.8","26"
"30004","375","2015","7","20","22","201","4","23.85","23.5","24.3"
"30004","375","2015","7","20","23","201","4","23.02","22.8","23.3"
"30004","375","2015","7","21","0","202","4","22.62","22.5","22.7"
"30004","375","2015","7","21","1","202","4","22.3","22.1","22.5"
"30004","375","2015","7","21","2","202","4","21.88","21.8","22"
"30004","375","2015","7","21","3","202","4","21.7","21.7","21.7"
"30004","375","2015","7","21","4","202","4","21.68","21.6","21.7"
"30004","375","2015","7","21","5","202","4","21.6","21.6","21.6"
"30004","375","2015","7","21","6","202","4","22.12","21.7","22.7"
"30004","375","2015","7","21","7","202","4","25.57","24.1","26.6"
"30004","375","2015","7","21","8","202","4","27.7","27.1","28.5"
"30004","375","2015","7","21","9","202","4","29.85","29.2","30.5"
"30004","375","2015","7","21","10","202","4","31.02","30.5","31.3"
"30004","375","2015","7","21","11","202","4","31.62","31.4","31.8"
"30004","375","2015","7","21","12","202","4","32","31.8","32.2"
"30004","375","2015","7","21","13","202","4","31.45","30.1","32.6"
"30004","375","2015","7","21","14","202","4","32.1","30.6","33.2"
"30004","375","2015","7","21","15","202","4","31.82","30.1","33.3"
"30004","375","2015","7","21","16","202","4","30.07","28.6","30.9"
"30004","375","2015","7","21","17","202","4","23.45","21.6","26.3"
"30004","375","2015","7","21","18","202","4","22.2","21.9","22.4"
"30004","375","2015","7","21","19","202","4","22.65","22.6","22.7"
"30004","375","2015","7","21","20","202","4","22.68","22.6","22.7"
"30004","375","2015","7","21","21","202","4","22.58","22.5","22.6"
"30004","375","2015","7","21","22","202","4","22.43","22.3","22.5"
"30004","375","2015","7","21","23","202","4","22.18","22.1","22.2"
"30004","375","2015","7","22","0","203","4","22.02","21.9","22.1"
"30004","375","2015","7","22","1","203","4","21.73","21.7","21.8"
"30004","375","2015","7","22","2","203","4","21.55","21.5","21.6"
"30004","375","2015","7","22","3","203","4","21.5","21.4","21.6"
"30004","375","2015","7","22","4","203","4","21.2","21.1","21.3"
"30004","375","2015","7","22","5","203","4","20.93","20.8","21"
"30004","375","2015","7","22","6","203","4","21.27","20.9","21.7"
"30004","375","2015","7","22","7","203","4","22.23","21.9","22.6"
"30004","375","2015","7","22","8","203","4","23.93","23","24.9"
"30004","375","2015","7","22","9","203","4","26.9","26","27.8"
"30004","375","2015","7","22","10","203","4","28.88","28.4","29.3"
"30004","375","2015","7","22","11","203","4","29.75","29.3","30.1"
"30004","375","2015","7","22","12","203","4","30.5","30.2","30.7"
"30004","375","2015","7","22","13","203","4","31.33","31","31.6"
"30004","375","2015","7","22","14","203","4","31.57","31.4","31.7"
"30004","375","2015","7","22","15","203","4","31.05","29.8","31.9"
"30004","375","2015","7","22","16","203","4","30.05","29.2","31.2"
"30004","375","2015","7","22","17","203","4","29.3","28.7","30.3"
"30004","375","2015","7","22","18","203","4","27.43","26.1","28.9"
"30004","375","2015","7","22","19","203","4","25.38","24.9","25.8"
"30004","375","2015","7","22","20","203","4","24.23","24","24.5"
"30004","375","2015","7","22","21","203","4","23.5","23.2","23.8"
"30004","375","2015","7","22","22","203","4","22.95","22.8","23.1"
"30004","375","2015","7","22","23","203","4","22.4","22.2","22.6"
"30004","375","2015","7","23","0","204","4","22.02","21.9","22.2"
"30004","375","2015","7","23","1","204","4","21.77","21.7","21.8"
"30004","375","2015","7","23","2","204","4","21.5","21.4","21.6"
"30004","375","2015","7","23","3","204","4","21.25","21.2","21.3"
"30004","375","2015","7","23","4","204","4","21.08","21","21.1"
"30004","375","2015","7","23","5","204","4","21.23","21.1","21.3"
"30004","375","2015","7","23","6","204","4","21.75","21.5","22.1"
"30004","375","2015","7","23","7","204","4","22.9","22.6","23.4"
"30004","375","2015","7","23","8","204","4","24.7","24.1","25.3"
"30004","375","2015","7","23","9","204","4","26.07","25.8","26.6"
"30004","375","2015","7","23","10","204","4","26.85","26.6","27.1"
"30004","375","2015","7","23","11","204","4","27.48","27.1","27.9"
"30004","375","2015","7","23","12","204","4","28.67","28.4","28.9"
"30004","375","2015","7","23","13","204","4","28.8","28.3","29.4"
"30004","375","2015","7","23","14","204","4","29.3","28.9","29.7"
"30004","375","2015","7","23","15","204","4","29.65","29.2","30.2"
"30004","375","2015","7","23","16","204","4","28.73","28.4","28.9"
"30004","375","2015","7","23","17","204","4","27.73","27.5","27.9"
"30004","375","2015","7","23","18","204","4","27.15","26.9","27.4"
"30004","375","2015","7","23","19","204","4","26.65","26.2","27"
"30004","375","2015","7","23","20","204","4","25.75","25.4","26"
"30004","375","2015","7","23","21","204","4","25","24.7","25.3"
"30004","375","2015","7","23","22","204","4","24.25","24.1","24.5"
"30004","375","2015","7","23","23","204","4","24.45","24.3","24.5"
"30004","375","2015","7","24","0","205","4","24.1","23.9","24.3"
"30004","375","2015","7","24","1","205","4","23.77","23.7","23.8"
"30004","375","2015","7","24","2","205","4","23.52","23.4","23.6"
"30004","375","2015","7","24","3","205","4","23.45","23.4","23.5"
"30004","375","2015","7","24","4","205","4","23.45","23.3","23.5"
"30004","375","2015","7","24","5","205","4","23.05","22.8","23.2"
"30004","375","2015","7","24","6","205","4","22.82","22.7","23"
"30004","375","2015","7","24","7","205","4","23.57","23","24.2"
"30004","375","2015","7","24","8","205","4","24.98","24.6","25.5"
"30004","375","2015","7","24","9","205","4","26.48","26.1","27"
"30004","375","2015","7","24","10","205","4","27.23","26.6","27.9"
"30004","375","2015","7","24","11","205","4","28.65","28.3","29"
"30004","375","2015","7","24","12","205","4","29.62","29.5","29.9"
"30004","375","2015","7","24","13","205","4","30.02","29.6","30.5"
"30004","375","2015","7","24","14","205","4","31.32","30.9","31.7"
"30004","375","2015","7","24","15","205","4","31.65","31.6","31.7"
"30004","375","2015","7","24","16","205","4","31.6","31.5","31.7"
"30004","375","2015","7","24","17","205","4","31.32","31.1","31.5"
"30004","375","2015","7","24","18","205","4","30.27","29.4","31.2"
"30004","375","2015","7","24","19","205","4","27.9","26.7","28.9"
"30004","375","2015","7","24","20","205","4","25.45","24.9","26.1"
"30004","375","2015","7","24","21","205","4","24.38","24.1","24.7"
"30004","375","2015","7","24","22","205","4","24.8","24.2","25.2"
"30004","375","2015","7","24","23","205","4","24.38","24.3","24.5"
"30004","375","2015","7","25","0","206","4","24.38","24.2","24.5"
"30004","375","2015","7","25","1","206","4","23.62","23.2","24"
"30004","375","2015","7","25","2","206","4","22.95","22.8","23.1"
"30004","375","2015","7","25","3","206","4","22.9","22.9","22.9"
"30004","375","2015","7","25","4","206","4","22.57","22.4","22.8"
"30004","375","2015","7","25","5","206","4","22.18","22.1","22.3"
"30004","375","2015","7","25","6","206","4","22.38","22","22.9"
"30004","375","2015","7","25","7","206","4","23.9","23.4","24.4"
"30004","375","2015","7","25","8","206","4","25.18","24.7","25.6"
"30004","375","2015","7","25","9","206","4","27.07","26.8","27.4"
"30004","375","2015","7","25","10","206","4","28.48","27.7","29.3"
"30004","375","2015","7","25","11","206","4","29.07","28.9","29.3"
"30004","375","2015","7","25","12","206","4","29.5","28.7","30.4"
"30004","375","2015","7","25","13","206","4","29.88","28.8","30.6"
"30004","375","2015","7","25","14","206","4","30.43","29.5","30.8"
"30004","375","2015","7","25","15","206","4","31.57","31.5","31.7"
"30004","375","2015","7","25","16","206","4","31.73","31.4","31.9"
"30004","375","2015","7","25","17","206","4","30.95","30.8","31.1"
"30004","375","2015","7","25","18","206","4","30.05","29.2","30.5"
"30004","375","2015","7","25","19","206","4","27.55","26.5","28.7"
"30004","375","2015","7","25","20","206","4","25.35","24.8","26"
"30004","375","2015","7","25","21","206","4","24.3","24","24.6"
"30004","375","2015","7","25","22","206","4","23.5","23.2","23.8"
"30004","375","2015","7","25","23","206","4","23","22.9","23.1"
"30004","375","2015","7","26","0","207","4","22.9","22.7","23.1"
"30004","375","2015","7","26","1","207","4","22.65","22.5","22.8"
"30004","375","2015","7","26","2","207","4","22.27","22.1","22.4"
"30004","375","2015","7","26","3","207","4","21.85","21.7","22"
"30004","375","2015","7","26","4","207","4","22.08","22","22.1"
"30004","375","2015","7","26","5","207","4","22.05","21.9","22.2"
"30004","375","2015","7","26","6","207","4","22.35","22","22.7"
"30004","375","2015","7","26","7","207","4","23.85","23","24.7"
"30004","375","2015","7","26","8","207","4","25.93","25.1","26.7"
"30004","375","2015","7","26","9","207","4","28.8","27.9","29.7"
"30004","375","2015","7","26","10","207","4","29.45","29.3","29.5"
"30004","375","2015","7","26","11","207","4","29.73","29.5","30.1"
"30004","375","2015","7","26","12","207","4","30.32","29","31.3"
"30004","375","2015","7","26","13","207","4","30.7","29.8","31.9"
"30004","375","2015","7","26","14","207","4","32.2","30.9","33"
"30004","375","2015","7","26","15","207","4","32.15","31.1","32.8"
"30004","375","2015","7","26","16","207","4","31.25","30.6","31.9"
"30004","375","2015","7","26","17","207","4","31.77","30.4","32.5"
"30004","375","2015","7","26","18","207","4","29","28.3","29.5"
"30004","375","2015","7","26","19","207","4","27.25","26.5","28"
"30004","375","2015","7","26","20","207","4","25.95","25.8","26.1"
"30004","375","2015","7","26","21","207","4","25.27","24.9","25.7"
"30004","375","2015","7","26","22","207","4","24.35","24","24.7"
"30004","375","2015","7","26","23","207","4","23.55","23.3","23.8"
"30004","375","2015","7","27","0","208","4","22.98","22.8","23.2"
"30004","375","2015","7","27","1","208","4","22.5","22.4","22.6"
"30004","375","2015","7","27","2","208","4","22.27","22.2","22.4"
"30004","375","2015","7","27","3","208","4","22.08","22","22.1"
"30004","375","2015","7","27","4","208","4","21.88","21.8","21.9"
"30004","375","2015","7","27","5","208","4","21.68","21.6","21.8"
"30004","375","2015","7","27","6","208","4","21.85","21.6","22.2"
"30004","375","2015","7","27","7","208","4","23.18","22.5","24.1"
"30004","375","2015","7","27","8","208","4","26.15","24.9","27.2"
"30004","375","2015","7","27","9","208","4","29.62","28.2","30.5"
"30004","375","2015","7","27","10","208","4","31.38","31","31.6"
"30004","375","2015","7","27","11","208","4","31.73","30.8","32.2"
"30004","375","2015","7","27","12","208","4","32.35","32","32.8"
"30004","375","2015","7","27","13","208","4","33.45","33","34.2"
"30004","375","2015","7","27","14","208","4","32.73","32","33.8"
"30004","375","2015","7","27","15","208","4","31.52","31.4","31.8"
"30004","375","2015","7","27","16","208","4","31.5","30.7","32.2"
"30004","375","2015","7","27","17","208","4","30.38","30.1","30.6"
"30004","375","2015","7","27","18","208","4","29.8","29.5","30.2"
"30004","375","2015","7","27","19","208","4","28.43","27.5","29.2"
"30004","375","2015","7","27","20","208","4","26.38","25.9","27"
"30004","375","2015","7","27","21","208","4","25.15","24.8","25.6"
"30004","375","2015","7","27","22","208","4","24.4","24.2","24.6"
"30004","375","2015","7","27","23","208","4","23.93","23.8","24"
"30004","375","2015","7","28","0","209","4","23.48","23.3","23.7"
"30004","375","2015","7","28","1","209","4","23.18","23.1","23.3"
"30004","375","2015","7","28","2","209","4","22.9","22.8","23"
"30004","375","2015","7","28","3","209","4","22.68","22.6","22.7"
"30004","375","2015","7","28","4","209","4","22.35","22.2","22.5"
"30004","375","2015","7","28","5","209","4","22.1","22.1","22.1"
"30004","375","2015","7","28","6","209","4","22.38","22.2","22.6"
"30004","375","2015","7","28","7","209","4","23.55","22.9","24.3"
"30004","375","2015","7","28","8","209","4","26.05","25.2","27.1"
"30004","375","2015","7","28","9","209","4","29.35","28.2","30"
"30004","375","2015","7","28","10","209","4","30.9","30.3","31.4"
"30004","375","2015","7","28","11","209","4","32.1","31.9","32.4"
"30004","375","2015","7","28","12","209","4","32.75","32.6","32.9"
"30004","375","2015","7","28","13","209","4","33.6","33.2","34.1"
"30004","375","2015","7","28","14","209","4","34.25","34.2","34.4"
"30004","375","2015","7","28","15","209","4","34.58","34.5","34.7"
"30004","375","2015","7","28","16","209","4","34.58","34.1","34.8"
"30004","375","2015","7","28","17","209","4","32.35","31.7","33.2"
"30004","375","2015","7","28","18","209","4","30.67","29.9","31.4"
"30004","375","2015","7","28","19","209","4","28.6","27.7","29.4"
"30004","375","2015","7","28","20","209","4","26.65","26.1","27.2"
"30004","375","2015","7","28","21","209","4","25.5","25.2","25.8"
"30004","375","2015","7","28","22","209","4","24.88","24.8","25"
"30004","375","2015","7","28","23","209","4","24.43","24.1","24.8"
"30004","375","2015","7","29","0","210","4","23.98","23.9","24"
"30004","375","2015","7","29","1","210","4","23.9","23.8","24"
"30004","375","2015","7","29","2","210","4","23.9","23.9","23.9"
"30004","375","2015","7","29","3","210","4","23.68","23.4","23.9"
"30004","375","2015","7","29","4","210","4","23.07","22.9","23.3"
"30004","375","2015","7","29","5","210","4","22.85","22.8","22.9"
"30004","375","2015","7","29","6","210","4","23.15","22.9","23.6"
"30004","375","2015","7","29","7","210","4","24.18","23.6","24.8"
"30004","375","2015","7","29","8","210","4","26.15","25.3","27.2"
"30004","375","2015","7","29","9","210","4","29.32","28.8","30"
"30004","375","2015","7","29","10","210","4","30.6","29.9","31.2"
"30004","375","2015","7","29","11","210","4","31.77","31.5","32"
"30004","375","2015","7","29","12","210","4","32.42","31.8","32.9"
"30004","375","2015","7","29","13","210","4","33.55","33.1","34"
"30004","375","2015","7","29","14","210","4","31.77","29.9","33.2"
"30004","375","2015","7","29","15","210","4","31.8","31.1","32.6"
"30004","375","2015","7","29","16","210","4","31.57","30.4","33.2"
"30004","375","2015","7","29","17","210","4","31.8","31.3","32.4"
"30004","375","2015","7","29","18","210","4","30.77","30","31.4"
"30004","375","2015","7","29","19","210","4","28.95","28","29.8"
"30004","375","2015","7","29","20","210","4","26.98","26.5","27.5"
"30004","375","2015","7","29","21","210","4","26.18","26.1","26.3"
"30004","375","2015","7","29","22","210","4","25.6","25.3","25.9"
"30004","375","2015","7","29","23","210","4","25.12","24.9","25.3"
"30004","375","2015","7","30","0","211","4","24.65","24.5","24.8"
"30004","375","2015","7","30","1","211","4","24.18","23.9","24.4"
"30004","375","2015","7","30","2","211","4","23.57","23.4","23.8"
"30004","375","2015","7","30","3","211","4","23.15","23","23.3"
"30004","375","2015","7","30","4","211","4","22.92","22.9","23"
"30004","375","2015","7","30","5","211","4","22.8","22.8","22.8"
"30004","375","2015","7","30","6","211","4","22.98","22.8","23.3"
"30004","375","2015","7","30","7","211","4","24.4","23.6","25.2"
"30004","375","2015","7","30","8","211","4","26.12","25.8","26.3"
"30004","375","2015","7","30","9","211","4","28.05","26.5","29.4"
"30004","375","2015","7","30","10","211","4","29.72","29.2","30.4"
"30004","375","2015","7","30","11","211","4","31.6","31.3","32.1"
"30004","375","2015","7","30","12","211","4","32.62","32.2","33.1"
"30004","375","2015","7","30","13","211","4","33.45","32.7","34"
"30004","375","2015","7","30","14","211","4","34","33.9","34.2"
"30004","375","2015","7","30","15","211","4","33.67","32.8","34.3"
"30004","375","2015","7","30","16","211","4","33.25","32.5","33.7"
"30004","375","2015","7","30","17","211","4","32.83","32.6","33"
"30004","375","2015","7","30","18","211","4","31.75","31.1","32.4"
"30004","375","2015","7","30","19","211","4","29.95","28.8","30.8"
"30004","375","2015","7","30","20","211","4","27.57","27.1","28.1"
"30004","375","2015","7","30","21","211","4","26.75","26.3","27"
"30004","375","2015","7","30","22","211","4","25.62","25.3","26"
"30004","375","2015","7","30","23","211","4","25.12","25","25.2"
"30004","375","2015","7","31","0","212","4","24.48","24.2","24.7"
"30004","375","2015","7","31","1","212","4","23.7","23.4","24"
"30004","375","2015","7","31","2","212","4","22.65","22.3","23.1"
"30004","375","2015","7","31","3","212","4","21.95","21.7","22.2"
"30004","375","2015","7","31","4","212","4","21.43","21.2","21.6"
"30004","375","2015","7","31","5","212","4","20.98","20.9","21.1"
"30004","375","2015","7","31","6","212","4","21.07","20.9","21.4"
"30004","375","2015","7","31","7","212","4","22.98","21.9","24.1"
"30004","375","2015","7","31","8","212","4","25.62","24.5","27"
"30004","375","2015","7","31","9","212","4","29.2","28.5","30"
"30004","375","2015","7","31","10","212","4","30.6","30.4","30.8"
"30004","375","2015","7","31","11","212","4","30.7","30.3","31.2"
"30004","375","2015","7","31","12","212","4","29.77","29.5","30.1"
"30004","375","2015","7","31","13","212","4","31.2","30.8","31.6"
"30004","375","2015","7","31","14","212","4","31.73","31.3","32.2"
"30004","375","2015","7","31","15","212","4","32.58","32.4","32.9"
"30004","375","2015","7","31","16","212","4","33.02","32.8","33.2"
"30004","375","2015","7","31","17","212","4","31.82","31.2","32.6"
"30004","375","2015","7","31","18","212","4","30.55","29.8","31.2"
"30004","375","2015","7","31","19","212","4","28.6","27.9","29.2"
"30004","375","2015","7","31","20","212","4","26.88","26.5","27.5"
"30004","375","2015","7","31","21","212","4","25.48","24.8","26.1"
"30004","375","2015","7","31","22","212","4","24.15","23.6","24.6"
"30004","375","2015","7","31","23","212","4","23.48","23.4","23.5"
"30004","375","2015","8","1","0","213","4","23.2","23","23.4"
"30004","375","2015","8","1","1","213","4","22.65","22.2","23"
"30004","375","2015","8","1","2","213","4","22.02","22","22.1"
"30004","375","2015","8","1","3","213","4","21.62","21.5","21.8"
"30004","375","2015","8","1","4","213","4","21.15","21","21.4"
"30004","375","2015","8","1","5","213","4","20.65","20.4","20.9"
"30004","375","2015","8","1","6","213","4","20.62","20.3","21.2"
"30004","375","2015","8","1","7","213","4","22.55","21.7","23.8"
"30004","375","2015","8","1","8","213","4","25.5","24.6","26.4"
"30004","375","2015","8","1","9","213","4","26.73","26.4","27.1"
"30004","375","2015","8","1","10","213","4","27.48","27.1","27.8"
"30004","375","2015","8","1","11","213","4","28.75","28.2","29.1"
"30004","375","2015","8","1","12","213","4","30.12","29.6","30.6"
"30004","375","2015","8","1","13","213","4","31.33","30.6","32"
"30004","375","2015","8","1","14","213","4","31.38","31.2","31.6"
"30004","375","2015","8","1","15","213","4","31.3","30.8","31.9"
"30004","375","2015","8","1","16","213","4","31.57","31.3","31.9"
"30004","375","2015","8","1","17","213","4","30.5","29.7","31.6"
"30004","375","2015","8","1","18","213","4","30.2","29.3","30.9"
"30004","375","2015","8","1","19","213","4","27.1","25.8","28.5"
"30004","375","2015","8","1","20","213","4","24.33","23.6","25.1"
"30004","375","2015","8","1","21","213","4","22.88","22.5","23.3"
"30004","375","2015","8","1","22","213","4","21.77","21.3","22.2"
"30004","375","2015","8","1","23","213","4","20.6","20.2","21"
"30004","375","2015","8","2","0","214","4","19.65","19.3","20"
"30004","375","2015","8","2","1","214","4","18.93","18.7","19.1"
"30004","375","2015","8","2","2","214","4","18.55","18.4","18.7"
"30004","375","2015","8","2","3","214","4","18.18","18.1","18.3"
"30004","375","2015","8","2","4","214","4","17.82","17.6","18"
"30004","375","2015","8","2","5","214","4","17.45","17.4","17.5"
"30004","375","2015","8","2","6","214","4","17.75","17.4","18.2"
"30004","375","2015","8","2","7","214","4","19.38","18.6","20.2"
"30004","375","2015","8","2","8","214","4","23.07","21","25.4"
"30004","375","2015","8","2","9","214","4","28.15","26.9","28.9"
"30004","375","2015","8","2","10","214","4","29.88","29.3","30.4"
"30004","375","2015","8","2","11","214","4","31.02","30.7","31.5"
"30004","375","2015","8","2","12","214","4","31.83","31.2","32.2"
"30004","375","2015","8","2","13","214","4","32.17","31.5","32.5"
"30004","375","2015","8","2","14","214","4","31.93","31.3","32.9"
"30004","375","2015","8","2","15","214","4","32.85","32.1","33.3"
"30004","375","2015","8","2","16","214","4","31.07","30.3","31.9"
"30004","375","2015","8","2","17","214","4","31.75","31.3","32.4"
"30004","375","2015","8","2","18","214","4","30.27","29.1","31.4"
"30004","375","2015","8","2","19","214","4","27.45","26.3","28.5"
"30004","375","2015","8","2","20","214","4","25","24.4","25.7"
"30004","375","2015","8","2","21","214","4","23.77","23.4","24.2"
"30004","375","2015","8","2","22","214","4","22.88","22.7","23.1"
"30004","375","2015","8","2","23","214","4","22.62","22.5","22.7"
"30004","375","2015","8","3","0","215","4","22.38","22","22.8"
"30004","375","2015","8","3","1","215","4","21.43","21.1","21.8"
"30004","375","2015","8","3","2","215","4","20.73","20.5","21"
"30004","375","2015","8","3","3","215","4","20.27","20.2","20.3"
"30004","375","2015","8","3","4","215","4","19.93","19.8","20"
"30004","375","2015","8","3","5","215","4","19.5","19.4","19.7"
"30004","375","2015","8","3","6","215","4","19.5","19.3","19.8"
"30004","375","2015","8","3","7","215","4","21.42","20.2","22.7"
"30004","375","2015","8","3","8","215","4","24.55","23.6","25.5"
"30004","375","2015","8","3","9","215","4","28.15","26.8","29.4"
"30004","375","2015","8","3","10","215","4","30.07","29.6","30.6"
"30004","375","2015","8","3","11","215","4","30.77","30.4","31.2"
"30004","375","2015","8","3","12","215","4","30.95","30.3","31.7"
"30004","375","2015","8","3","13","215","4","32.7","32","33.7"
"30004","375","2015","8","3","14","215","4","33","32.2","33.9"
"30004","375","2015","8","3","15","215","4","33.17","32.4","33.6"
"30004","375","2015","8","3","16","215","4","33.48","33.1","33.7"
"30004","375","2015","8","3","17","215","4","32.8","32.1","33.4"
"30004","375","2015","8","3","18","215","4","31.07","30.2","32.1"
"30004","375","2015","8","3","19","215","4","28.02","26.9","29.3"
"30004","375","2015","8","3","20","215","4","25.8","25.5","26.2"
"30004","375","2015","8","3","21","215","4","24.65","24.4","24.9"
"30004","375","2015","8","3","22","215","4","23.62","23.1","24.2"
"30004","375","2015","8","3","23","215","4","22.48","22.1","22.9"
"30004","375","2015","8","4","0","216","4","21.52","21.2","21.9"
"30004","375","2015","8","4","1","216","4","21.07","20.9","21.2"
"30004","375","2015","8","4","2","216","4","20.48","20.1","20.9"
"30004","375","2015","8","4","3","216","4","19.62","19.4","19.9"
"30004","375","2015","8","4","4","216","4","19.07","18.9","19.2"
"30004","375","2015","8","4","5","216","4","18.62","18.6","18.7"
"30004","375","2015","8","4","6","216","4","18.82","18.6","19.1"
"30004","375","2015","8","4","7","216","4","20.32","19.4","21.3"
"30004","375","2015","8","4","8","216","4","24.05","22.1","26.1"
"30004","375","2015","8","4","9","216","4","29.23","27.6","30.4"
"30004","375","2015","8","4","10","216","4","31.23","30.8","31.9"
"30004","375","2015","8","4","11","216","4","32.67","32.3","33"
"30004","375","2015","8","4","12","216","4","33.75","33.6","33.9"
"30004","375","2015","8","4","13","216","4","34.3","33.9","34.6"
"30004","375","2015","8","4","14","216","4","35.2","34.5","35.7"
"30004","375","2015","8","4","15","216","4","34.9","34.6","35.2"
"30004","375","2015","8","4","16","216","4","35.42","35.2","35.6"
"30004","375","2015","8","4","17","216","4","34.45","33.7","35.2"
"30004","375","2015","8","4","18","216","4","31.43","29.9","33.2"
"30004","375","2015","8","4","19","216","4","27.8","26.8","29"
"30004","375","2015","8","4","20","216","4","25.62","25.1","26.3"
"30004","375","2015","8","4","21","216","4","24.6","24.1","25"
"30004","375","2015","8","4","22","216","4","23.9","23.8","24.1"
"30004","375","2015","8","4","23","216","4","23.32","23.1","23.5"
"30004","375","2015","8","5","0","217","4","22.97","22.9","23.2"
"30004","375","2015","8","5","1","217","4","22.52","22.4","22.7"
"30004","375","2015","8","5","2","217","4","21.98","21.8","22.2"
"30004","375","2015","8","5","3","217","4","21.4","21.1","21.7"
"30004","375","2015","8","5","4","217","4","20.77","20.7","20.9"
"30004","375","2015","8","5","5","217","4","20.45","20.3","20.6"
"30004","375","2015","8","5","6","217","4","20.68","20.3","21.1"
"30004","375","2015","8","5","7","217","4","22.2","21.4","23.2"
"30004","375","2015","8","5","8","217","4","25.52","24.2","26.7"
"30004","375","2015","8","5","9","217","4","28.82","27.6","29.7"
"30004","375","2015","8","5","10","217","4","30.95","30.5","31.5"
"30004","375","2015","8","5","11","217","4","33","32.1","33.5"
"30004","375","2015","8","5","12","217","4","34.4","34","34.7"
"30004","375","2015","8","5","13","217","4","34.33","33.6","34.8"
"30004","375","2015","8","5","14","217","4","35.27","35.1","35.4"
"30004","375","2015","8","5","15","217","4","35.5","35.2","35.7"
"30004","375","2015","8","5","16","217","4","34.92","34.5","35.2"
"30004","375","2015","8","5","17","217","4","33.38","31.7","34.9"
"30004","375","2015","8","5","18","217","4","24.48","24","25.4"
"30004","375","2015","8","5","19","217","4","24.18","24","24.4"
"30004","375","2015","8","5","20","217","4","25","24.4","25.6"
"30004","375","2015","8","5","21","217","4","23.12","22.9","23.6"
"30004","375","2015","8","5","22","217","4","22.93","22.8","23.1"
"30004","375","2015","8","5","23","217","4","22.85","22.7","23"
"30004","375","2015","8","6","0","218","4","22.43","22.2","22.6"
"30004","375","2015","8","6","1","218","4","21.95","21.8","22.1"
"30004","375","2015","8","6","2","218","4","21.65","21.6","21.7"
"30004","375","2015","8","6","3","218","4","21.95","21.7","22.2"
"30004","375","2015","8","6","4","218","4","22.85","22.6","23"
"30004","375","2015","8","6","5","218","4","22.25","22.1","22.5"
"30004","375","2015","8","6","6","218","4","22.52","22.2","22.9"
"30004","375","2015","8","6","7","218","4","23.7","23.2","24.1"
"30004","375","2015","8","6","8","218","4","24.82","24.4","25.3"
"30004","375","2015","8","6","9","218","4","25.48","24.8","26"
"30004","375","2015","8","6","10","218","4","27.12","26.7","27.8"
"30004","375","2015","8","6","11","218","4","28.12","27.7","28.5"
"30004","375","2015","8","6","12","218","4","28.75","28.3","29.4"
"30004","375","2015","8","6","13","218","4","26.48","21.8","29.1"
"30004","375","2015","8","6","14","218","4","23.38","22","25"
"30004","375","2015","8","6","15","218","4","25","24.5","25.2"
"30004","375","2015","8","6","16","218","4","23.93","23.6","24.1"
"30004","375","2015","8","6","17","218","4","22.82","22.5","23.3"
"30004","375","2015","8","6","18","218","4","22.65","22.6","22.7"
"30004","375","2015","8","6","19","218","4","23","22.7","23.2"
"30004","375","2015","8","6","20","218","4","23.18","23.1","23.3"
"30004","375","2015","8","6","21","218","4","23","22.6","23.3"
"30004","375","2015","8","6","22","218","4","22.45","22.4","22.5"
"30004","375","2015","8","6","23","218","4","22.4","22.4","22.4"
"30004","375","2015","8","7","0","219","4","22.38","22.3","22.4"
"30004","375","2015","8","7","1","219","4","22.1","22","22.3"
"30004","375","2015","8","7","2","219","4","22.1","22.1","22.1"
"30004","375","2015","8","7","3","219","4","22.05","22","22.1"
"30004","375","2015","8","7","4","219","4","22.08","22","22.1"
"30004","375","2015","8","7","5","219","4","21.95","21.9","22"
"30004","375","2015","8","7","6","219","4","22","21.9","22.1"
"30004","375","2015","8","7","7","219","4","22.45","22.2","22.8"
"30004","375","2015","8","7","8","219","4","23.43","23","24.1"
"30004","375","2015","8","7","9","219","4","23.9","23.6","24.4"
"30004","375","2015","8","7","10","219","4","25.2","24.7","25.5"
"30004","375","2015","8","7","11","219","4","26.53","26.3","26.6"
"30004","375","2015","8","7","12","219","4","26.95","26.5","27.5"
"30004","375","2015","8","7","13","219","4","27.95","27.4","28.5"
"30004","375","2015","8","7","14","219","4","28.62","28.3","28.9"
"30004","375","2015","8","7","15","219","4","29.4","29.1","29.8"
"30004","375","2015","8","7","16","219","4","29.25","29.1","29.5"
"30004","375","2015","8","7","17","219","4","28.9","28.3","29.4"
"30004","375","2015","8","7","18","219","4","27.82","27.4","28.2"
"30004","375","2015","8","7","19","219","4","25.7","24.8","26.8"
"30004","375","2015","8","7","20","219","4","23.75","23.2","24.4"
"30004","375","2015","8","7","21","219","4","22.6","22.2","22.9"
"30004","375","2015","8","7","22","219","4","21.7","21.5","21.9"
"30004","375","2015","8","7","23","219","4","21.12","21","21.3"
"30004","375","2015","8","8","0","220","4","20.68","20.5","20.9"
"30004","375","2015","8","8","1","220","4","20.15","20","20.3"
"30004","375","2015","8","8","2","220","4","19.85","19.7","20"
"30004","375","2015","8","8","3","220","4","19.62","19.6","19.7"
"30004","375","2015","8","8","4","220","4","19.42","19.4","19.5"
"30004","375","2015","8","8","5","220","4","19.27","19.2","19.4"
"30004","375","2015","8","8","6","220","4","19.2","19.1","19.4"
"30004","375","2015","8","8","7","220","4","20.52","19.7","21.5"
"30004","375","2015","8","8","8","220","4","23.7","22.6","24.7"
"30004","375","2015","8","8","9","220","4","25.85","24.8","26.8"
"30004","375","2015","8","8","10","220","4","27.88","27.2","28.6"
"30004","375","2015","8","8","11","220","4","28.75","28.2","29.7"
"30004","375","2015","8","8","12","220","4","29.57","29.1","30.2"
"30004","375","2015","8","8","13","220","4","30.3","29.8","31.3"
"30004","375","2015","8","8","14","220","4","30.75","30.2","31.4"
"30004","375","2015","8","8","15","220","4","31.82","31.1","32.3"
"30004","375","2015","8","8","16","220","4","32.45","31.9","33"
"30004","375","2015","8","8","17","220","4","31.6","30.6","32.4"
"30004","375","2015","8","8","18","220","4","29.15","28","30.3"
"30004","375","2015","8","8","19","220","4","26.35","25.6","27.2"
"30004","375","2015","8","8","20","220","4","24.7","24.3","25.2"
"30004","375","2015","8","8","21","220","4","23.9","23.7","24.1"
"30004","375","2015","8","8","22","220","4","23.43","23.2","23.6"
"30004","375","2015","8","8","23","220","4","22.57","22.4","22.8"
"30004","375","2015","8","9","0","221","4","21.93","21.7","22.1"
"30004","375","2015","8","9","1","221","4","21.35","21.2","21.5"
"30004","375","2015","8","9","2","221","4","20.98","20.9","21.1"
"30004","375","2015","8","9","3","221","4","20.65","20.5","20.8"
"30004","375","2015","8","9","4","221","4","20.32","20.2","20.4"
"30004","375","2015","8","9","5","221","4","20.3","20.2","20.4"
"30004","375","2015","8","9","6","221","4","20.73","20.5","21"
"30004","375","2015","8","9","7","221","4","21.93","21.2","22.9"
"30004","375","2015","8","9","8","221","4","25","23.6","26.6"
"30004","375","2015","8","9","9","221","4","28.48","27.6","29.4"
"30004","375","2015","8","9","10","221","4","30.25","29.6","30.7"
"30004","375","2015","8","9","11","221","4","31.2","30.5","32"
"30004","375","2015","8","9","12","221","4","31.7","31.4","32"
"30004","375","2015","8","9","13","221","4","31.65","31.5","31.9"
"30004","375","2015","8","9","14","221","4","32.42","32.3","32.5"
"30004","375","2015","8","9","15","221","4","32.45","32.2","32.7"
"30004","375","2015","8","9","16","221","4","32.62","32.1","33"
"30004","375","2015","8","9","17","221","4","31.25","30.9","32"
"30004","375","2015","8","9","18","221","4","30.73","29.6","31.4"
"30004","375","2015","8","9","19","221","4","27.68","26.8","28.7"
"30004","375","2015","8","9","20","221","4","25.93","25.6","26.3"
"30004","375","2015","8","9","21","221","4","25.27","25.2","25.4"
"30004","375","2015","8","9","22","221","4","24.98","24.7","25.1"
"30004","375","2015","8","9","23","221","4","24.25","24.1","24.5"
"30004","375","2015","8","10","0","222","4","24.1","24","24.2"
"30004","375","2015","8","10","1","222","4","23.75","23.4","24.1"
"30004","375","2015","8","10","2","222","4","23","22.8","23.2"
"30004","375","2015","8","10","3","222","4","22.43","22.2","22.6"
"30004","375","2015","8","10","4","222","4","21.95","21.8","22.1"
"30004","375","2015","8","10","5","222","4","21.8","21.8","21.8"
"30004","375","2015","8","10","6","222","4","21.9","21.8","22.1"
"30004","375","2015","8","10","7","222","4","23.27","22.5","23.9"
"30004","375","2015","8","10","8","222","4","25.45","24.3","26.7"
"30004","375","2015","8","10","9","222","4","28.25","27.4","29"
"30004","375","2015","8","10","10","222","4","29.77","29.5","30.1"
"30004","375","2015","8","10","11","222","4","30.6","30.2","31.3"
"30004","375","2015","8","10","12","222","4","31.52","30.9","31.9"
"30004","375","2015","8","10","13","222","4","32.17","31.8","32.8"
"30004","375","2015","8","10","14","222","4","32.9","32.2","33.5"
"30004","375","2015","8","10","15","222","4","26.35","23.2","31.6"
"30004","375","2015","8","10","16","222","4","22.17","20.9","23.5"
"30004","375","2015","8","10","17","222","4","21.35","21.1","21.5"
"30004","375","2015","8","10","18","222","4","21.58","21.5","21.6"
"30004","375","2015","8","10","19","222","4","21.68","21.6","21.8"
"30004","375","2015","8","10","20","222","4","21.98","21.8","22.1"
"30004","375","2015","8","10","21","222","4","22.1","22.1","22.1"
"30004","375","2015","8","10","22","222","4","22.02","22","22.1"
"30004","375","2015","8","10","23","222","4","21.92","21.9","22"
"30004","375","2015","8","11","0","223","4","22","22","22"
"30004","375","2015","8","11","1","223","4","21.92","21.9","22"
"30004","375","2015","8","11","2","223","4","22","22","22"
"30004","375","2015","8","11","3","223","4","22","22","22"
"30004","375","2015","8","11","4","223","4","22.02","21.9","22.1"
"30004","375","2015","8","11","5","223","4","21.7","21.5","21.8"
"30004","375","2015","8","11","6","223","4","21.7","21.6","21.9"
"30004","375","2015","8","11","7","223","4","22.12","22","22.3"
"30004","375","2015","8","11","8","223","4","22.9","22.4","23.5"
"30004","375","2015","8","11","9","223","4","24.98","24.1","25.6"
"30004","375","2015","8","11","10","223","4","26.98","26.2","27.6"
"30004","375","2015","8","11","11","223","4","28.18","27.6","28.6"
"30004","375","2015","8","11","12","223","4","29.05","28.6","29.4"
"30004","375","2015","8","11","13","223","4","30.05","29.7","30.3"
"30004","375","2015","8","11","14","223","4","30.95","30.9","31"
"30004","375","2015","8","11","15","223","4","28.98","24.9","30.9"
"30004","375","2015","8","11","16","223","4","25.7","24.4","27.1"
"30004","375","2015","8","11","17","223","4","26.88","26.5","27.1"
"30004","375","2015","8","11","18","223","4","26.55","26.1","27.1"
"30004","375","2015","8","11","19","223","4","24.6","23.9","25.4"
"30004","375","2015","8","11","20","223","4","23.3","23","23.6"
"30004","375","2015","8","11","21","223","4","22.55","22.3","22.8"
"30004","375","2015","8","11","22","223","4","22.05","21.9","22.2"
"30004","375","2015","8","11","23","223","4","21.6","21.5","21.8"
"30004","375","2015","8","12","0","224","4","21.23","21.1","21.3"
"30004","375","2015","8","12","1","224","4","20.9","20.8","21"
"30004","375","2015","8","12","2","224","4","20.6","20.5","20.7"
"30004","375","2015","8","12","3","224","4","20.05","19.8","20.3"
"30004","375","2015","8","12","4","224","4","19.55","19.4","19.7"
"30004","375","2015","8","12","5","224","4","19.23","19.1","19.3"
"30004","375","2015","8","12","6","224","4","18.9","18.8","19"
"30004","375","2015","8","12","7","224","4","19.73","19.1","20.6"
"30004","375","2015","8","12","8","224","4","22.6","21.4","24"
"30004","375","2015","8","12","9","224","4","25.93","25.2","26.5"
"30004","375","2015","8","12","10","224","4","27.52","27","27.8"
"30004","375","2015","8","12","11","224","4","28.18","28","28.3"
"30004","375","2015","8","12","12","224","4","28.77","28.3","29.4"
"30004","375","2015","8","12","13","224","4","29.23","29.1","29.5"
"30004","375","2015","8","12","14","224","4","30","29.8","30.5"
"30004","375","2015","8","12","15","224","4","30.48","30.1","30.9"
"30004","375","2015","8","12","16","224","4","30.32","29.9","30.7"
"30004","375","2015","8","12","17","224","4","29.45","28.8","30.2"
"30004","375","2015","8","12","18","224","4","28.05","27.5","28.6"
"30004","375","2015","8","12","19","224","4","25.77","24.5","26.9"
"30004","375","2015","8","12","20","224","4","22.95","22.2","23.7"
"30004","375","2015","8","12","21","224","4","21.43","21.1","21.9"
"30004","375","2015","8","12","22","224","4","20.48","20.1","20.9"
"30004","375","2015","8","12","23","224","4","19.98","19.9","20"
"30004","375","2015","8","13","0","225","4","19.92","19.9","20"
"30004","375","2015","8","13","1","225","4","19.5","19.2","19.8"
"30004","375","2015","8","13","2","225","4","18.73","18.5","19"
"30004","375","2015","8","13","3","225","4","18.3","18.1","18.5"
"30004","375","2015","8","13","4","225","4","17.9","17.8","18"
"30004","375","2015","8","13","5","225","4","17.85","17.8","18"
"30004","375","2015","8","13","6","225","4","18.23","18.1","18.5"
"30004","375","2015","8","13","7","225","4","19.9","18.9","21.2"
"30004","375","2015","8","13","8","225","4","23.25","22","24.6"
"30004","375","2015","8","13","9","225","4","26.7","25.9","27.2"
"30004","375","2015","8","13","10","225","4","28.25","27.6","28.8"
"30004","375","2015","8","13","11","225","4","29.2","28.9","29.5"
"30004","375","2015","8","13","12","225","4","29.62","29.2","30"
"30004","375","2015","8","13","13","225","4","30.55","30.1","31.2"
"30004","375","2015","8","13","14","225","4","31.05","30.7","31.4"
"30004","375","2015","8","13","15","225","4","31.23","31.1","31.4"
"30004","375","2015","8","13","16","225","4","29.25","26.3","30.5"
"30004","375","2015","8","13","17","225","4","25.85","25.6","26.1"
"30004","375","2015","8","13","18","225","4","25.35","24.6","26.1"
"30004","375","2015","8","13","19","225","4","23.7","23.1","24.3"
"30004","375","2015","8","13","20","225","4","22.48","22.2","22.8"
"30004","375","2015","8","13","21","225","4","22.08","22","22.1"
"30004","375","2015","8","13","22","225","4","21.77","21.5","22"
"30004","375","2015","8","13","23","225","4","21.25","21.2","21.3"
"30004","375","2015","8","14","0","226","4","21.73","21.4","22"
"30004","375","2015","8","14","1","226","4","22.52","22.2","22.7"
"30004","375","2015","8","14","2","226","4","22.35","22.2","22.5"
"30004","375","2015","8","14","3","226","4","21.45","21","21.9"
"30004","375","2015","8","14","4","226","4","20.98","20.8","21.2"
"30004","375","2015","8","14","5","226","4","21.62","21.5","21.7"
"30004","375","2015","8","14","6","226","4","21.6","21.5","21.7"
"30004","375","2015","8","14","7","226","4","22.43","21.8","22.9"
"30004","375","2015","8","14","8","226","4","23.68","23.2","24.1"
"30004","375","2015","8","14","9","226","4","26.05","25","26.9"
"30004","375","2015","8","14","10","226","4","27.82","27.1","28.6"
"30004","375","2015","8","14","11","226","4","28.98","28.6","29.4"
"30004","375","2015","8","14","12","226","4","29.48","29.1","29.8"
"30004","375","2015","8","14","13","226","4","30.02","29.8","30.2"
"30004","375","2015","8","14","14","226","4","30.82","30.3","31.2"
"30004","375","2015","8","14","15","226","4","31.07","30.7","31.3"
"30004","375","2015","8","14","16","226","4","31.27","31","31.6"
"30004","375","2015","8","14","17","226","4","29.98","29","31.3"
"30004","375","2015","8","14","18","226","4","27.85","27.1","28.5"
"30004","375","2015","8","14","19","226","4","25.95","25.4","26.6"
"30004","375","2015","8","14","20","226","4","24.8","24.5","25.1"
"30004","375","2015","8","14","21","226","4","23.55","23","24.1"
"30004","375","2015","8","14","22","226","4","22.43","22.2","22.7"
"30004","375","2015","8","14","23","226","4","21.38","21","21.8"
"30004","375","2015","8","15","0","227","4","20.6","20.5","20.8"
"30004","375","2015","8","15","1","227","4","20.38","20.3","20.5"
"30004","375","2015","8","15","2","227","4","20.23","20.1","20.3"
"30004","375","2015","8","15","3","227","4","19.75","19.5","20"
"30004","375","2015","8","15","4","227","4","19.23","19.2","19.3"
"30004","375","2015","8","15","5","227","4","19.45","19.4","19.5"
"30004","375","2015","8","15","6","227","4","19.68","19.5","20"
"30004","375","2015","8","15","7","227","4","21.07","20.3","22.1"
"30004","375","2015","8","15","8","227","4","23.62","22.8","24.5"
"30004","375","2015","8","15","9","227","4","26.55","25.2","27.3"
"30004","375","2015","8","15","10","227","4","28.48","27.7","28.9"
"30004","375","2015","8","15","11","227","4","29.38","29.3","29.5"
"30004","375","2015","8","15","12","227","4","30.25","30","30.4"
"30004","375","2015","8","15","13","227","4","30.5","30.1","31.1"
"30004","375","2015","8","15","14","227","4","30.27","29.7","30.5"
"30004","375","2015","8","15","15","227","4","30.52","29.4","31.4"
"30004","375","2015","8","15","16","227","4","29.68","29.2","30.2"
"30004","375","2015","8","15","17","227","4","28.85","28.1","29.3"
"30004","375","2015","8","15","18","227","4","27.3","26.7","27.8"
"30004","375","2015","8","15","19","227","4","25.55","24.9","26.2"
"30004","375","2015","8","15","20","227","4","23.98","23.5","24.5"
"30004","375","2015","8","15","21","227","4","22.7","22.2","23.2"
"30004","375","2015","8","15","22","227","4","21.82","21.7","22"
"30004","375","2015","8","15","23","227","4","21.5","21.3","21.7"
"30004","375","2015","8","16","0","228","4","20.9","20.8","21"
"30004","375","2015","8","16","1","228","4","21.2","21.1","21.4"
"30004","375","2015","8","16","2","228","4","20.98","20.6","21.4"
"30004","375","2015","8","16","3","228","4","20.43","20.3","20.5"
"30004","375","2015","8","16","4","228","4","20.12","20.1","20.2"
"30004","375","2015","8","16","5","228","4","20.12","20","20.2"
"30004","375","2015","8","16","6","228","4","20.18","19.9","20.5"
"30004","375","2015","8","16","7","228","4","21.43","20.8","22.1"
"30004","375","2015","8","16","8","228","4","23.55","22.7","24.4"
"30004","375","2015","8","16","9","228","4","26.65","25.5","27.3"
"30004","375","2015","8","16","10","228","4","27.85","27.5","28.2"
"30004","375","2015","8","16","11","228","4","29.12","28.9","29.5"
"30004","375","2015","8","16","12","228","4","29.52","29.3","30"
"30004","375","2015","8","16","13","228","4","30.02","29.6","30.2"
"30004","375","2015","8","16","14","228","4","29.93","29.5","30.7"
"30004","375","2015","8","16","15","228","4","29.35","28.9","29.8"
"30004","375","2015","8","16","16","228","4","29.45","29.2","29.9"
"30004","375","2015","8","16","17","228","4","29.18","28.5","29.7"
"30004","375","2015","8","16","18","228","4","27.32","26.8","27.9"
"30004","375","2015","8","16","19","228","4","25.62","24.9","26.4"
"30004","375","2015","8","16","20","228","4","24.32","24","24.7"
"30004","375","2015","8","16","21","228","4","24.4","23.9","24.8"
"30004","375","2015","8","16","22","228","4","24.48","24.3","24.6"
"30004","375","2015","8","16","23","228","4","23.68","23.2","24"
"30004","375","2015","8","17","0","229","4","22.77","22.7","22.9"
"30004","375","2015","8","17","1","229","4","22.55","22.4","22.7"
"30004","375","2015","8","17","2","229","4","22.2","22.1","22.3"
"30004","375","2015","8","17","3","229","4","22.18","22.1","22.3"
"30004","375","2015","8","17","4","229","4","22.05","22","22.2"
"30004","375","2015","8","17","5","229","4","22.2","22.1","22.3"
"30004","375","2015","8","17","6","229","4","22.32","22.3","22.4"
"30004","375","2015","8","17","7","229","4","22.88","22.6","23"
"30004","375","2015","8","17","8","229","4","23.23","23.1","23.4"
"30004","375","2015","8","17","9","229","4","23.38","22.9","24.1"
"30004","375","2015","8","17","10","229","4","24.95","24.4","25.4"
"30004","375","2015","8","17","11","229","4","25.07","24.4","25.9"
"30004","375","2015","8","17","12","229","4","26.73","26.5","27"
"30004","375","2015","8","17","13","229","4","27.27","26.9","27.9"
"30004","375","2015","8","17","14","229","4","28.55","28.1","28.9"
"30004","375","2015","8","17","15","229","4","25.07","23.5","27.5"
"30004","375","2015","8","17","16","229","4","26.45","25.7","27"
"30004","375","2015","8","17","17","229","4","25.25","24.6","25.5"
"30004","375","2015","8","17","18","229","4","22.15","20.6","24.1"
"30004","375","2015","8","17","19","229","4","21.07","20.9","21.2"
"30004","375","2015","8","17","20","229","4","21.3","21.3","21.3"
"30004","375","2015","8","17","21","229","4","21.3","21.3","21.3"
"30004","375","2015","8","17","22","229","4","21.02","20.8","21.2"
"30004","375","2015","8","17","23","229","4","20.8","20.8","20.8"
"30004","375","2015","8","18","0","230","4","20.98","20.9","21.1"
"30004","375","2015","8","18","1","230","4","21.23","21.1","21.3"
"30004","375","2015","8","18","2","230","4","21.45","21.4","21.5"
"30004","375","2015","8","18","3","230","4","21.5","21.5","21.5"
"30004","375","2015","8","18","4","230","4","21.58","21.5","21.6"
"30004","375","2015","8","18","5","230","4","21.6","21.6","21.6"
"30004","375","2015","8","18","6","230","4","21.75","21.6","21.9"
"30004","375","2015","8","18","7","230","4","22.02","22","22.1"
"30004","375","2015","8","18","8","230","4","22.32","22.1","22.6"
"30004","375","2015","8","18","9","230","4","23.4","22.8","24"
"30004","375","2015","8","18","10","230","4","24.52","24.4","24.8"
"30004","375","2015","8","18","11","230","4","25.15","24.9","25.3"
"30004","375","2015","8","18","12","230","4","25.23","23.7","26.2"
"30004","375","2015","8","18","13","230","4","23.7","23.3","24.5"
"30004","375","2015","8","18","14","230","4","27.15","26.1","27.8"
"30004","375","2015","8","18","15","230","4","25.57","22.9","27.4"
"30004","375","2015","8","18","16","230","4","22.25","22","22.4"
"30004","375","2015","8","18","17","230","4","22.27","21.8","22.6"
"30004","375","2015","8","18","18","230","4","22.68","22.6","22.7"
"30004","375","2015","8","18","19","230","4","22.3","22.1","22.5"
"30004","375","2015","8","18","20","230","4","21.93","21.8","22"
"30004","375","2015","8","18","21","230","4","21.6","21.5","21.7"
"30004","375","2015","8","18","22","230","4","21.52","21.4","21.6"
"30004","375","2015","8","18","23","230","4","21.4","21.2","21.6"
"30004","375","2015","8","19","0","231","4","21.12","21.1","21.2"
"30004","375","2015","8","19","1","231","4","21.08","21","21.1"
"30004","375","2015","8","19","2","231","4","21.35","21.2","21.5"
"30004","375","2015","8","19","3","231","4","21.75","21.6","21.9"
"30004","375","2015","8","19","4","231","4","22.05","22","22.1"
"30004","375","2015","8","19","5","231","4","21.88","21.8","22"
"30004","375","2015","8","19","6","231","4","21.88","21.7","22.2"
"30004","375","2015","8","19","7","231","4","22.52","22.4","22.6"
"30004","375","2015","8","19","8","231","4","23.7","23","24.3"
"30004","375","2015","8","19","9","231","4","25.05","24.7","25.3"
"30004","375","2015","8","19","10","231","4","25.52","25.2","25.9"
"30004","375","2015","8","19","11","231","4","26.57","26.1","27"
"30004","375","2015","8","19","12","231","4","27.77","27.6","27.9"
"30004","375","2015","8","19","13","231","4","25.52","24.4","27.1"
"30004","375","2015","8","19","14","231","4","27.98","26.4","29"
"30004","375","2015","8","19","15","231","4","28.6","27.8","29.1"
"30004","375","2015","8","19","16","231","4","27.62","25.9","29.1"
"30004","375","2015","8","19","17","231","4","24.8","23.8","25.6"
"30004","375","2015","8","19","18","231","4","22.65","22.5","23"
"30004","375","2015","8","19","19","231","4","22.62","22.6","22.7"
"30004","375","2015","8","19","20","231","4","22.62","22.6","22.7"
"30004","375","2015","8","19","21","231","4","22.52","22.5","22.6"
"30004","375","2015","8","19","22","231","4","22.35","22.3","22.4"
"30004","375","2015","8","19","23","231","4","22.1","22","22.2"
"30004","375","2015","8","20","0","232","4","21.95","21.9","22"
"30004","375","2015","8","20","1","232","4","22.05","22","22.1"
"30004","375","2015","8","20","2","232","4","22.15","22.1","22.2"
"30004","375","2015","8","20","3","232","4","22.23","22.2","22.3"
"30004","375","2015","8","20","4","232","4","22.2","22.2","22.2"
"30004","375","2015","8","20","5","232","4","22.18","22.1","22.2"
"30004","375","2015","8","20","6","232","4","22.02","22","22.1"
"30004","375","2015","8","20","7","232","4","22.43","22.2","22.6"
"30004","375","2015","8","20","8","232","4","23.2","22.8","23.7"
"30004","375","2015","8","20","9","232","4","24.7","24.1","25.4"
"30004","375","2015","8","20","10","232","4","25.65","25.3","26.1"
"30004","375","2015","8","20","11","232","4","26.85","26.5","27.2"
"30004","375","2015","8","20","12","232","4","27.82","27.1","28.3"
"30004","375","2015","8","20","13","232","4","28.4","28.2","28.7"
"30004","375","2015","8","20","14","232","4","29.05","28.6","29.3"
"30004","375","2015","8","20","15","232","4","28.8","28.5","29.2"
"30004","375","2015","8","20","16","232","4","28.77","28.4","29"
"30004","375","2015","8","20","17","232","4","28.23","27.7","28.7"
"30004","375","2015","8","20","18","232","4","26.38","25.8","27"
"30004","375","2015","8","20","19","232","4","24.45","23.8","25.2"
"30004","375","2015","8","20","20","232","4","23.23","23","23.5"
"30004","375","2015","8","20","21","232","4","22.7","22.6","22.8"
"30004","375","2015","8","20","22","232","4","22.42","22.4","22.5"
"30004","375","2015","8","20","23","232","4","22.23","22.1","22.3"
"30004","375","2015","8","21","0","233","4","22.1","22.1","22.1"
"30004","375","2015","8","21","1","233","4","22","22","22"
"30004","375","2015","8","21","2","233","4","22.02","22","22.1"
"30004","375","2015","8","21","3","233","4","22","22","22"
"30004","375","2015","8","21","4","233","4","21.95","21.9","22"
"30004","375","2015","8","21","5","233","4","22.02","22","22.1"
"30004","375","2015","8","21","6","233","4","22.1","22.1","22.1"
"30004","375","2015","8","21","7","233","4","22.32","22.1","22.5"
"30004","375","2015","8","21","8","233","4","23.43","22.8","24.3"
"30004","375","2015","8","21","9","233","4","26.18","25.7","26.6"
"30004","375","2015","8","21","10","233","4","27.35","26.9","27.8"
"30004","375","2015","8","21","11","233","4","27.77","27.5","28.4"
"30004","375","2015","8","21","12","233","4","28.5","28.4","28.6"
"30004","375","2015","8","21","13","233","4","28.6","28.1","29.3"
"30004","375","2015","8","21","14","233","4","29.05","28.1","29.7"
"30004","375","2015","8","21","15","233","4","29.18","28.8","29.7"
"30004","375","2015","8","21","16","233","4","29.12","28.8","29.6"
"30004","375","2015","8","21","17","233","4","27.95","26.7","28.9"
"30004","375","2015","8","21","18","233","4","26.12","26","26.2"
"30004","375","2015","8","21","19","233","4","24.85","24.1","25.7"
"30004","375","2015","8","21","20","233","4","23.48","23.2","23.8"
"30004","375","2015","8","21","21","233","4","22.85","22.6","23.1"
"30004","375","2015","8","21","22","233","4","22.12","21.9","22.4"
"30004","375","2015","8","21","23","233","4","21.73","21.6","21.8"
"30004","375","2015","8","22","0","234","4","21.35","21.2","21.5"
"30004","375","2015","8","22","1","234","4","21.1","21","21.2"
"30004","375","2015","8","22","2","234","4","20.88","20.8","21"
"30004","375","2015","8","22","3","234","4","20.65","20.6","20.7"
"30004","375","2015","8","22","4","234","4","20.52","20.5","20.6"
"30004","375","2015","8","22","5","234","4","20.62","20.6","20.7"
"30004","375","2015","8","22","6","234","4","20.88","20.6","21.1"
"30004","375","2015","8","22","7","234","4","21.82","21.4","22.3"
"30004","375","2015","8","22","8","234","4","23.25","22.6","23.6"
"30004","375","2015","8","22","9","234","4","24.68","24.1","25"
"30004","375","2015","8","22","10","234","4","27.05","26","27.9"
"30004","375","2015","8","22","11","234","4","28.62","28.2","29"
"30004","375","2015","8","22","12","234","4","29.02","28.8","29.3"
"30004","375","2015","8","22","13","234","4","29.35","28.2","30.2"
"30004","375","2015","8","22","14","234","4","30.95","30.6","31.4"
"30004","375","2015","8","22","15","234","4","29.6","28.5","31.4"
"30004","375","2015","8","22","16","234","4","29.35","28.7","30.5"
"30004","375","2015","8","22","17","234","4","29.25","28.5","29.8"
"30004","375","2015","8","22","18","234","4","27.43","26.7","28"
"30004","375","2015","8","22","19","234","4","26.55","26.3","26.8"
"30004","375","2015","8","22","20","234","4","25.45","23.7","26.5"
"30004","375","2015","8","22","21","234","4","21.68","21","23"
"30004","375","2015","8","22","22","234","4","21.38","21.1","21.6"
"30004","375","2015","8","22","23","234","4","21.07","20.7","21.4"
"30004","375","2015","8","23","0","235","4","20.25","20","20.6"
"30004","375","2015","8","23","1","235","4","20","20","20"
"30004","375","2015","8","23","2","235","4","19.85","19.7","20"
"30004","375","2015","8","23","3","235","4","19.75","19.7","19.9"
"30004","375","2015","8","23","4","235","4","20.05","20","20.2"
"30004","375","2015","8","23","5","235","4","20.32","20.2","20.4"
"30004","375","2015","8","23","6","235","4","20.4","20.4","20.4"
"30004","375","2015","8","23","7","235","4","20.48","20.4","20.5"
"30004","375","2015","8","23","8","235","4","20.42","20.4","20.5"
"30004","375","2015","8","23","9","235","4","20.68","20.5","20.8"
"30004","375","2015","8","23","10","235","4","21.5","21.1","21.8"
"30004","375","2015","8","23","11","235","4","22.98","22.2","23.7"
"30004","375","2015","8","23","12","235","4","24.5","24","25.2"
"30004","375","2015","8","23","13","235","4","25.77","25.6","26.2"
"30004","375","2015","8","23","14","235","4","26.88","26.4","27.4"
"30004","375","2015","8","23","15","235","4","27.05","26.7","27.7"
"30004","375","2015","8","23","16","235","4","27.7","27.4","28.1"
"30004","375","2015","8","23","17","235","4","27.2","26.7","27.6"
"30004","375","2015","8","23","18","235","4","25.88","25.1","26.5"
"30004","375","2015","8","23","19","235","4","23.75","23","24.6"
"30004","375","2015","8","23","20","235","4","22.32","22","22.7"
"30004","375","2015","8","23","21","235","4","21.7","21.5","21.9"
"30004","375","2015","8","23","22","235","4","21.25","21.1","21.4"
"30004","375","2015","8","23","23","235","4","20.98","20.9","21"
"30004","375","2015","8","24","0","236","4","20.73","20.7","20.8"
"30004","375","2015","8","24","1","236","4","20.52","20.5","20.6"
"30004","375","2015","8","24","2","236","4","20.48","20.4","20.5"
"30004","375","2015","8","24","3","236","4","20.32","20.2","20.4"
"30004","375","2015","8","24","4","236","4","20.02","20","20.1"
"30004","375","2015","8","24","5","236","4","20","20","20"
"30004","375","2015","8","24","6","236","4","20.18","20","20.4"
"30004","375","2015","8","24","7","236","4","21.07","20.6","21.6"
"30004","375","2015","8","24","8","236","4","23.5","22.3","24.8"
"30004","375","2015","8","24","9","236","4","26.52","25.6","27.3"
"30004","375","2015","8","24","10","236","4","27.93","27.4","28.3"
"30004","375","2015","8","24","11","236","4","28.68","28.2","29.4"
"30004","375","2015","8","24","12","236","4","29.62","29","30.2"
"30004","375","2015","8","24","13","236","4","30.05","29.9","30.3"
"30004","375","2015","8","24","14","236","4","30.6","30","30.9"
"30004","375","2015","8","24","15","236","4","30.77","30.6","30.9"
"30004","375","2015","8","24","16","236","4","30.48","30.4","30.6"
"30004","375","2015","8","24","17","236","4","29.43","28.7","30.2"
"30004","375","2015","8","24","18","236","4","27.67","26.9","28.4"
"30004","375","2015","8","24","19","236","4","25.23","24.2","26.2"
"30004","375","2015","8","24","20","236","4","23.45","23.1","23.8"
"30004","375","2015","8","24","21","236","4","23.1","23","23.3"
"30004","375","2015","8","24","22","236","4","22.7","22.3","23.1"
"30004","375","2015","8","24","23","236","4","21.23","20.6","22"
"30004","375","2015","8","25","0","237","4","19.6","19.1","20.1"
"30004","375","2015","8","25","1","237","4","18.38","17.9","18.8"
"30004","375","2015","8","25","2","237","4","17.4","17.2","17.6"
"30004","375","2015","8","25","3","237","4","16.55","16.3","16.9"
"30004","375","2015","8","25","4","237","4","15.78","15.5","16.1"
"30004","375","2015","8","25","5","237","4","15","14.7","15.3"
"30004","375","2015","8","25","6","237","4","14.75","14.6","15"
"30004","375","2015","8","25","7","237","4","16.35","15.4","17.3"
"30004","375","2015","8","25","8","237","4","18.6","17.7","19.6"
"30004","375","2015","8","25","9","237","4","21.68","20.6","22.7"
"30004","375","2015","8","25","10","237","4","23.85","23.2","24.5"
"30004","375","2015","8","25","11","237","4","25.5","25","26"
"30004","375","2015","8","25","12","237","4","26.73","26.2","27.1"
"30004","375","2015","8","25","13","237","4","27.5","27.3","27.6"
"30004","375","2015","8","25","14","237","4","27.77","27.7","27.9"
"30004","375","2015","8","25","15","237","4","27.57","27.4","27.7"
"30004","375","2015","8","25","16","237","4","27.15","26.8","27.5"
"30004","375","2015","8","25","17","237","4","25.82","25","26.8"
"30004","375","2015","8","25","18","237","4","23.93","23.2","24.6"
"30004","375","2015","8","25","19","237","4","21.98","21.4","22.6"
"30004","375","2015","8","25","20","237","4","20.35","19.5","21.1"
"30004","375","2015","8","25","21","237","4","18.02","17.5","18.8"
"30004","375","2015","8","25","22","237","4","16.7","16.3","17.1"
"30004","375","2015","8","25","23","237","4","16.15","16","16.2"
"30004","375","2015","8","26","0","238","4","15.72","15.4","16"
"30004","375","2015","8","26","1","238","4","14.9","14.7","15.1"
"30004","375","2015","8","26","2","238","4","14.45","14.3","14.6"
"30004","375","2015","8","26","3","238","4","14.05","13.9","14.2"
"30004","375","2015","8","26","4","238","4","13.62","13.5","13.7"
"30004","375","2015","8","26","5","238","4","13.43","13.4","13.5"
"30004","375","2015","8","26","6","238","4","13.43","13.3","13.7"
"30004","375","2015","8","26","7","238","4","15.1","14","16.3"
"30004","375","2015","8","26","8","238","4","18.45","17.1","20"
"30004","375","2015","8","26","9","238","4","22.6","21.5","23.7"
"30004","375","2015","8","26","10","238","4","25.6","25","26.2"
"30004","375","2015","8","26","11","238","4","26.65","26.5","26.8"
"30004","375","2015","8","26","12","238","4","27","26.7","27.2"
"30004","375","2015","8","26","13","238","4","27.25","26.8","27.9"
"30004","375","2015","8","26","14","238","4","28.7","28.1","29.2"
"30004","375","2015","8","26","15","238","4","29.15","29","29.3"
"30004","375","2015","8","26","16","238","4","29.23","28.9","29.8"
"30004","375","2015","8","26","17","238","4","27.65","25.7","29.4"
"30004","375","2015","8","26","18","238","4","25.05","24.5","25.4"
"30004","375","2015","8","26","19","238","4","23.05","22","23.9"
"30004","375","2015","8","26","20","238","4","20.9","20.5","21.4"
"30004","375","2015","8","26","21","238","4","19.93","19.6","20.3"
"30004","375","2015","8","26","22","238","4","19.12","18.8","19.4"
"30004","375","2015","8","26","23","238","4","18.5","18.4","18.6"
"30004","375","2015","8","27","0","239","4","17.9","17.6","18.2"
"30004","375","2015","8","27","1","239","4","17.57","17.4","17.8"
"30004","375","2015","8","27","2","239","4","17.65","17.4","17.8"
"30004","375","2015","8","27","3","239","4","17.23","17.1","17.3"
"30004","375","2015","8","27","4","239","4","17.73","17.5","17.9"
"30004","375","2015","8","27","5","239","4","18.35","17.9","18.9"
"30004","375","2015","8","27","6","239","4","19.23","19.1","19.3"
"30004","375","2015","8","27","7","239","4","20.1","19.6","20.6"
"30004","375","2015","8","27","8","239","4","21.8","21.1","22.6"
"30004","375","2015","8","27","9","239","4","24.35","23.1","25.3"
"30004","375","2015","8","27","10","239","4","25.58","25.1","25.8"
"30004","375","2015","8","27","11","239","4","26.62","26","27.1"
"30004","375","2015","8","27","12","239","4","26.73","26.5","27.1"
"30004","375","2015","8","27","13","239","4","26.62","26.2","27.3"
"30004","375","2015","8","27","14","239","4","27.45","27.3","27.7"
"30004","375","2015","8","27","15","239","4","28.33","28.1","28.6"
"30004","375","2015","8","27","16","239","4","28.3","28.2","28.5"
"30004","375","2015","8","27","17","239","4","26.82","26.1","28.1"
"30004","375","2015","8","27","18","239","4","25.25","24.6","25.9"
"30004","375","2015","8","27","19","239","4","23.07","22.2","24"
"30004","375","2015","8","27","20","239","4","21.3","21","21.8"
"30004","375","2015","8","27","21","239","4","20.5","20.2","20.8"
"30004","375","2015","8","27","22","239","4","19.77","19.5","20"
"30004","375","2015","8","27","23","239","4","19.48","19.3","19.6"
"30004","375","2015","8","28","0","240","4","18.95","18.8","19.1"
"30004","375","2015","8","28","1","240","4","18.65","18.5","18.9"
"30004","375","2015","8","28","2","240","4","19.73","19.3","20.1"
"30004","375","2015","8","28","3","240","4","20","19.9","20.1"
"30004","375","2015","8","28","4","240","4","19.6","19.5","19.8"
"30004","375","2015","8","28","5","240","4","19.7","19.5","20"
"30004","375","2015","8","28","6","240","4","20.55","20.2","20.8"
"30004","375","2015","8","28","7","240","4","21.02","20.9","21.1"
"30004","375","2015","8","28","8","240","4","21.18","21.1","21.3"
"30004","375","2015","8","28","9","240","4","22.15","21.5","22.7"
"30004","375","2015","8","28","10","240","4","23.25","23.1","23.5"
"30004","375","2015","8","28","11","240","4","23.77","23.3","24.1"
"30004","375","2015","8","28","12","240","4","25.62","25.1","26.4"
"30004","375","2015","8","28","13","240","4","26.67","26.2","27.4"
"30004","375","2015","8","28","14","240","4","27.38","26.8","27.9"
"30004","375","2015","8","28","15","240","4","27.27","26.5","27.8"
"30004","375","2015","8","28","16","240","4","27.62","27.2","28"
"30004","375","2015","8","28","17","240","4","26.97","26.2","27.4"
"30004","375","2015","8","28","18","240","4","25.07","24.2","25.8"
"30004","375","2015","8","28","19","240","4","23.15","22.5","23.8"
"30004","375","2015","8","28","20","240","4","22","21.8","22.2"
"30004","375","2015","8","28","21","240","4","21.43","21.1","21.7"
"30004","375","2015","8","28","22","240","4","20.77","20.5","21"
"30004","375","2015","8","28","23","240","4","20.52","20.4","20.6"
"30004","375","2015","8","29","0","241","4","20.55","20.5","20.6"
"30004","375","2015","8","29","1","241","4","20.88","20.8","21"
"30004","375","2015","8","29","2","241","4","20.4","20.1","20.8"
"30004","375","2015","8","29","3","241","4","19.9","19.8","20"
"30004","375","2015","8","29","4","241","4","19.98","19.9","20"
"30004","375","2015","8","29","5","241","4","19.85","19.8","19.9"
"30004","375","2015","8","29","6","241","4","19.73","19.7","19.8"
"30004","375","2015","8","29","7","241","4","20.62","20","21.4"
"30004","375","2015","8","29","8","241","4","22.5","21.8","23.4"
"30004","375","2015","8","29","9","241","4","23.88","23.5","24.1"
"30004","375","2015","8","29","10","241","4","23.98","23.8","24.2"
"30004","375","2015","8","29","11","241","4","24.77","24.4","25.1"
"30004","375","2015","8","29","12","241","4","25.48","25.1","26"
"30004","375","2015","8","29","13","241","4","26.85","26.5","27.1"
"30004","375","2015","8","29","14","241","4","27.8","27.6","28.1"
"30004","375","2015","8","29","15","241","4","27.52","27.1","27.8"
"30004","375","2015","8","29","16","241","4","26.38","25.8","27"
"30004","375","2015","8","29","17","241","4","25.02","24.5","25.6"
"30004","375","2015","8","29","18","241","4","24.2","23.6","24.7"
"30004","375","2015","8","29","19","241","4","22.88","22.4","23.4"
"30004","375","2015","8","29","20","241","4","22.2","22.1","22.3"
"30004","375","2015","8","29","21","241","4","21.95","21.9","22"
"30004","375","2015","8","29","22","241","4","21.75","21.6","21.9"
"30004","375","2015","8","29","23","241","4","21.52","21.5","21.6"
"30004","375","2015","8","30","0","242","4","21.42","21.4","21.5"
"30004","375","2015","8","30","1","242","4","21.02","20.8","21.2"
"30004","375","2015","8","30","2","242","4","20.68","20.6","20.8"
"30004","375","2015","8","30","3","242","4","20.52","20.5","20.6"
"30004","375","2015","8","30","4","242","4","20.25","20.1","20.4"
"30004","375","2015","8","30","5","242","4","20","20","20"
"30004","375","2015","8","30","6","242","4","19.88","19.8","20"
"30004","375","2015","8","30","7","242","4","20.62","20.2","21.1"
"30004","375","2015","8","30","8","242","4","20.7","20.1","21.1"
"30004","375","2015","8","30","9","242","4","19.15","18.8","19.5"
"30004","375","2015","8","30","10","242","4","18.23","18","18.5"
"30004","375","2015","8","30","11","242","4","19.5","19.1","19.7"
"30004","375","2015","8","30","12","242","4","20.15","19.7","20.6"
"30004","375","2015","8","30","13","242","4","20.25","19.9","20.7"
"30004","375","2015","8","30","14","242","4","21.43","20.8","22.3"
"30004","375","2015","8","30","15","242","4","22.35","22.2","22.6"
"30004","375","2015","8","30","16","242","4","22.05","21.9","22.2"
"30004","375","2015","8","30","17","242","4","21.98","21.9","22"
"30004","375","2015","8","30","18","242","4","21.07","20.7","21.6"
"30004","375","2015","8","30","19","242","4","20.32","20","20.6"
"30004","375","2015","8","30","20","242","4","19.85","19.7","20.1"
"30004","375","2015","8","30","21","242","4","20.08","20","20.1"
"30004","375","2015","8","30","22","242","4","19.9","19.8","20"
"30004","375","2015","8","30","23","242","4","19.73","19.7","19.8"
"30004","375","2015","8","31","0","243","4","19.65","19.6","19.7"
"30004","375","2015","8","31","1","243","4","19.55","19.5","19.6"
"30004","375","2015","8","31","2","243","4","19.5","19.5","19.5"
"30004","375","2015","8","31","3","243","4","19.4","19.3","19.5"
"30004","375","2015","8","31","4","243","4","19.2","19.2","19.2"
"30004","375","2015","8","31","5","243","4","19.23","19.2","19.3"
"30004","375","2015","8","31","6","243","4","19.2","19.2","19.2"
"30004","375","2015","8","31","7","243","4","19.6","19.4","19.9"
"30004","375","2015","8","31","8","243","4","21.07","20.4","21.7"
"30004","375","2015","8","31","9","243","4","22.43","22.2","22.7"
"30004","375","2015","8","31","10","243","4","23.55","23","23.9"
"30004","375","2015","8","31","11","243","4","24.55","24.3","25"
"30004","375","2015","8","31","12","243","4","25.7","25.5","26"
"30004","375","2015","8","31","13","243","4","25.6","25.3","26"
"30004","375","2015","8","31","14","243","4","26.5","26.1","26.7"
"30004","375","2015","8","31","15","243","4","27.12","26.5","27.5"
"30004","375","2015","8","31","16","243","4","28.18","27.9","28.5"
"30004","375","2015","8","31","17","243","4","26.62","25.3","27.8"
"30004","375","2015","8","31","18","243","4","24.23","23.4","25"
"30004","375","2015","8","31","19","243","4","22.38","21.9","23"
"30004","375","2015","8","31","20","243","4","21.3","21","21.6"
"30004","375","2015","8","31","21","243","4","20.68","20.5","20.9"
"30004","375","2015","8","31","22","243","4","20.25","20.1","20.4"
"30004","375","2015","8","31","23","243","4","19.75","19.6","19.9"
"30004","375","2015","9","1","0","244","4","19.4","19.3","19.5"
"30004","375","2015","9","1","1","244","4","19.12","19","19.2"
"30004","375","2015","9","1","2","244","4","18.85","18.7","19"
"30004","375","2015","9","1","3","244","4","18.57","18.5","18.7"
"30004","375","2015","9","1","4","244","4","18.27","18.2","18.4"
"30004","375","2015","9","1","5","244","4","18.07","18","18.2"
"30004","375","2015","9","1","6","244","4","17.92","17.9","18"
"30004","375","2015","9","1","7","244","4","18.8","18.2","19.5"
"30004","375","2015","9","1","8","244","4","21.2","20","22.7"
"30004","375","2015","9","1","9","244","4","25.5","23.9","26.7"
"30004","375","2015","9","1","10","244","4","27.8","27","28.3"
"30004","375","2015","9","1","11","244","4","27.82","26.9","28.9"
"30004","375","2015","9","1","12","244","4","28.43","27.7","29"
"30004","375","2015","9","1","13","244","4","29.2","27.1","30.6"
"30004","375","2015","9","1","14","244","4","30.2","29.5","30.8"
"30004","375","2015","9","1","15","244","4","30.62","30.1","31"
"30004","375","2015","9","1","16","244","4","30.5","30","31"
"30004","375","2015","9","1","17","244","4","29.93","28.6","31.2"
"30004","375","2015","9","1","18","244","4","26.45","25.4","27.9"
"30004","375","2015","9","1","19","244","4","24.05","23.4","24.8"
"30004","375","2015","9","1","20","244","4","22.73","22.4","23.1"
"30004","375","2015","9","1","21","244","4","21.85","21.6","22.1"
"30004","375","2015","9","1","22","244","4","21.32","21.2","21.5"
"30004","375","2015","9","1","23","244","4","20.9","20.8","21.1"
"30004","375","2015","9","2","0","245","4","20.73","20.7","20.8"
"30004","375","2015","9","2","1","245","4","20.55","20.4","20.7"
"30004","375","2015","9","2","2","245","4","20.15","20","20.3"
"30004","375","2015","9","2","3","245","4","19.93","19.8","20"
"30004","375","2015","9","2","4","245","4","19.6","19.5","19.7"
"30004","375","2015","9","2","5","245","4","19.35","19.2","19.5"
"30004","375","2015","9","2","6","245","4","19.3","19.2","19.5"
"30004","375","2015","9","2","7","245","4","20.2","19.7","20.9"
"30004","375","2015","9","2","8","245","4","22.85","21.5","24.5"
"30004","375","2015","9","2","9","245","4","26.85","25.4","27.8"
"30004","375","2015","9","2","10","245","4","27.93","27.7","28.2"
"30004","375","2015","9","2","11","245","4","28.62","28.2","28.9"
"30004","375","2015","9","2","12","245","4","29.6","29.3","29.8"
"30004","375","2015","9","2","13","245","4","29.73","29.4","30"
"30004","375","2015","9","2","14","245","4","31.02","30.2","31.4"
"30004","375","2015","9","2","15","245","4","30.7","30.2","31.1"
"30004","375","2015","9","2","16","245","4","30.68","30","31.5"
"30004","375","2015","9","2","17","245","4","29.62","28.4","30.6"
"30004","375","2015","9","2","18","245","4","25.98","25","27.2"
"30004","375","2015","9","2","19","245","4","24.2","23.9","24.5"
"30004","375","2015","9","2","20","245","4","23.62","23.6","23.7"
"30004","375","2015","9","2","21","245","4","23.43","23.2","23.6"
"30004","375","2015","9","2","22","245","4","22.77","22.6","23"
"30004","375","2015","9","2","23","245","4","22.45","22.4","22.5"
"30004","375","2015","9","3","0","246","4","22.3","22.3","22.3"
"30004","375","2015","9","3","1","246","4","22.23","22.1","22.3"
"30004","375","2015","9","3","2","246","4","22.02","22","22.1"
"30004","375","2015","9","3","3","246","4","21.98","21.9","22"
"30004","375","2015","9","3","4","246","4","21.73","21.6","21.8"
"30004","375","2015","9","3","5","246","4","21.48","21.4","21.5"
"30004","375","2015","9","3","6","246","4","21.5","21.4","21.7"
"30004","375","2015","9","3","7","246","4","22.45","21.9","23.1"
"30004","375","2015","9","3","8","246","4","23.88","23.5","24.3"
"30004","375","2015","9","3","9","246","4","25.23","24.7","26"
"30004","375","2015","9","3","10","246","4","26.7","26.1","27.9"
"30004","375","2015","9","3","11","246","4","29.48","28.7","30.1"
"30004","375","2015","9","3","12","246","4","30.45","29.9","31.2"
"30004","375","2015","9","3","13","246","4","29.27","28.5","30.5"
"30004","375","2015","9","3","14","246","4","27.3","23.5","30.2"
"30004","375","2015","9","3","15","246","4","23.67","21.9","26.4"
"30004","375","2015","9","3","16","246","4","25.42","25.2","25.9"
"30004","375","2015","9","3","17","246","4","26.15","25.9","26.7"
"30004","375","2015","9","3","18","246","4","25.25","24.6","25.8"
"30004","375","2015","9","3","19","246","4","23.23","22.7","24"
"30004","375","2015","9","3","20","246","4","22.35","22.2","22.5"
"30004","375","2015","9","3","21","246","4","22","21.9","22.1"
"30004","375","2015","9","3","22","246","4","21.4","21.1","21.7"
"30004","375","2015","9","3","23","246","4","20.8","20.6","21"
"30004","375","2015","9","4","0","247","4","20.38","20.3","20.5"
"30004","375","2015","9","4","1","247","4","20.07","19.9","20.3"
"30004","375","2015","9","4","2","247","4","19.75","19.6","19.9"
"30004","375","2015","9","4","3","247","4","19.52","19.5","19.6"
"30004","375","2015","9","4","4","247","4","19.65","19.6","19.7"
"30004","375","2015","9","4","5","247","4","19.65","19.5","19.8"
"30004","375","2015","9","4","6","247","4","19.5","19.5","19.5"
"30004","375","2015","9","4","7","247","4","20.1","19.7","20.6"
"30004","375","2015","9","4","8","247","4","22.25","21","23.6"
"30004","375","2015","9","4","9","247","4","26.62","24.7","27.9"
"30004","375","2015","9","4","10","247","4","29.27","28.5","29.9"
"30004","375","2015","9","4","11","247","4","30.57","30.3","30.7"
"30004","375","2015","9","4","12","247","4","31","30.6","31.5"
"30004","375","2015","9","4","13","247","4","31.23","30.9","31.5"
"30004","375","2015","9","4","14","247","4","32.1","31.6","32.4"
"30004","375","2015","9","4","15","247","4","32.38","31.9","32.6"
"30004","375","2015","9","4","16","247","4","31.32","30.7","31.9"
"30004","375","2015","9","4","17","247","4","30.98","28.8","32.1"
"30004","375","2015","9","4","18","247","4","26.77","25.7","27.9"
"30004","375","2015","9","4","19","247","4","24.35","23.8","25"
"30004","375","2015","9","4","20","247","4","23.32","23.1","23.5"
"30004","375","2015","9","4","21","247","4","22.73","22.4","23"
"30004","375","2015","9","4","22","247","4","21.95","21.7","22.2"
"30004","375","2015","9","4","23","247","4","21.7","21.6","21.9"
"30004","375","2015","9","5","0","248","4","23.27","22.7","23.5"
"30004","375","2015","9","5","1","248","4","23.12","22.7","23.4"
"30004","375","2015","9","5","2","248","4","22.1","21.8","22.5"
"30004","375","2015","9","5","3","248","4","21.38","21.1","21.7"
"30004","375","2015","9","5","4","248","4","20.75","20.6","20.9"
"30004","375","2015","9","5","5","248","4","20.8","20.6","21"
"30004","375","2015","9","5","6","248","4","20.45","20.4","20.5"
"30004","375","2015","9","5","7","248","4","20.93","20.5","21.5"
"30004","375","2015","9","5","8","248","4","22.7","22","23.4"
"30004","375","2015","9","5","9","248","4","25.2","24.1","26"
"30004","375","2015","9","5","10","248","4","27.15","26.8","27.8"
"30004","375","2015","9","5","11","248","4","28.18","28","28.4"
"30004","375","2015","9","5","12","248","4","28.95","28.7","29.1"
"30004","375","2015","9","5","13","248","4","29.4","29","29.6"
"30004","375","2015","9","5","14","248","4","30","29.9","30.2"
"30004","375","2015","9","5","15","248","4","29.62","29.2","30"
"30004","375","2015","9","5","16","248","4","29.75","29.5","30"
"30004","375","2015","9","5","17","248","4","27.73","26.8","28.5"
"30004","375","2015","9","5","18","248","4","26.25","25.7","26.5"
"30004","375","2015","9","5","19","248","4","24.95","24.7","25.3"
"30004","375","2015","9","5","20","248","4","24.3","24.1","24.5"
"30004","375","2015","9","5","21","248","4","23.5","23.2","23.8"
"30004","375","2015","9","5","22","248","4","22.5","22.1","22.9"
"30004","375","2015","9","5","23","248","4","21.38","21","21.8"
"30004","375","2015","9","6","0","249","4","20.77","20.6","20.9"
"30004","375","2015","9","6","1","249","4","20.5","20.5","20.5"
"30004","375","2015","9","6","2","249","4","20.32","20.2","20.4"
"30004","375","2015","9","6","3","249","4","20.07","20","20.2"
"30004","375","2015","9","6","4","249","4","19.98","19.9","20"
"30004","375","2015","9","6","5","249","4","20.18","20","20.3"
"30004","375","2015","9","6","6","249","4","20.48","20.3","20.7"
"30004","375","2015","9","6","7","249","4","21.52","21.1","21.9"
"30004","375","2015","9","6","8","249","4","22.6","22.2","23.1"
"30004","375","2015","9","6","9","249","4","23.9","23.5","24.5"
"30004","375","2015","9","6","10","249","4","25.3","24.9","25.7"
"30004","375","2015","9","6","11","249","4","26.02","25.5","26.4"
"30004","375","2015","9","6","12","249","4","27.43","27.1","27.7"
"30004","375","2015","9","6","13","249","4","28.38","28.3","28.5"
"30004","375","2015","9","6","14","249","4","28.57","28.4","28.7"
"30004","375","2015","9","6","15","249","4","28.8","28.6","29.2"
"30004","375","2015","9","6","16","249","4","28.8","28.5","29"
"30004","375","2015","9","6","17","249","4","27.75","26.7","28.4"
"30004","375","2015","9","6","18","249","4","25.12","24","26.2"
"30004","375","2015","9","6","19","249","4","22.52","21.8","23.4"
"30004","375","2015","9","6","20","249","4","21","20.6","21.4"
"30004","375","2015","9","6","21","249","4","20.23","19.9","20.5"
"30004","375","2015","9","6","22","249","4","19.52","19.3","19.8"
"30004","375","2015","9","6","23","249","4","19.2","19.1","19.3"
"30004","375","2015","9","7","0","250","4","18.93","18.8","19"
"30004","375","2015","9","7","1","250","4","18.73","18.7","18.8"
"30004","375","2015","9","7","2","250","4","18.95","18.9","19"
"30004","375","2015","9","7","3","250","4","18.68","18.6","18.8"
"30004","375","2015","9","7","4","250","4","18.93","18.8","19"
"30004","375","2015","9","7","5","250","4","18.77","18.7","18.9"
"30004","375","2015","9","7","6","250","4","18.55","18.5","18.6"
"30004","375","2015","9","7","7","250","4","19.7","18.8","20.5"
"30004","375","2015","9","7","8","250","4","22","21.2","22.7"
"30004","375","2015","9","7","9","250","4","23.85","23","25.1"
"30004","375","2015","9","7","10","250","4","25.82","25.5","26.3"
"30004","375","2015","9","7","11","250","4","26.8","26.5","27.1"
"30004","375","2015","9","7","12","250","4","26.88","26.6","27.2"
"30004","375","2015","9","7","13","250","4","26.77","26.4","26.9"
"30004","375","2015","9","7","14","250","4","25.23","23.7","26.1"
"30004","375","2015","9","7","15","250","4","26.23","25.5","27.1"
"30004","375","2015","9","7","16","250","4","24.95","24.8","25.1"
"30004","375","2015","9","7","17","250","4","25.65","25","26.3"
"30004","375","2015","9","7","18","250","4","24.1","23.4","24.6"
"30004","375","2015","9","7","19","250","4","22.32","21.8","22.9"
"30004","375","2015","9","7","20","250","4","21.43","21.2","21.6"
"30004","375","2015","9","7","21","250","4","20.95","20.8","21.1"
"30004","375","2015","9","7","22","250","4","20.88","20.8","21"
"30004","375","2015","9","7","23","250","4","20.75","20.6","20.9"
"30004","375","2015","9","8","0","251","4","20.15","19.9","20.4"
"30004","375","2015","9","8","1","251","4","19.65","19.5","19.8"
"30004","375","2015","9","8","2","251","4","19.65","19.6","19.7"
"30004","375","2015","9","8","3","251","4","19.68","19.6","19.8"
"30004","375","2015","9","8","4","251","4","19.98","19.9","20.1"
"30004","375","2015","9","8","5","251","4","20.15","20.1","20.2"
"30004","375","2015","9","8","6","251","4","20.07","20","20.2"
"30004","375","2015","9","8","7","251","4","21.12","20.5","21.7"
"30004","375","2015","9","8","8","251","4","22.62","22.1","23.2"
"30004","375","2015","9","8","9","251","4","24.27","23.8","24.6"
"30004","375","2015","9","8","10","251","4","24.82","24.4","25.2"
"30004","375","2015","9","8","11","251","4","26.68","25.2","27.6"
"30004","375","2015","9","8","12","251","4","27.07","26.5","27.5"
"30004","375","2015","9","8","13","251","4","28.07","27.5","28.5"
"30004","375","2015","9","8","14","251","4","27.62","26.9","28"
"30004","375","2015","9","8","15","251","4","25.98","25.4","27.4"
"30004","375","2015","9","8","16","251","4","25.38","23.6","28.1"
"30004","375","2015","9","8","17","251","4","24.05","23.8","24.3"
"30004","375","2015","9","8","18","251","4","23.18","22.8","23.5"
"30004","375","2015","9","8","19","251","4","22.3","22.1","22.5"
"30004","375","2015","9","8","20","251","4","21.82","21.6","22"
"30004","375","2015","9","8","21","251","4","21.4","21.3","21.6"
"30004","375","2015","9","8","22","251","4","21.62","21.4","21.8"
"30004","375","2015","9","8","23","251","4","21.88","21.7","22"
"30004","375","2015","9","9","0","252","4","21.6","21.6","21.6"
"30004","375","2015","9","9","1","252","4","21.58","21.5","21.6"
"30004","375","2015","9","9","2","252","4","21.6","21.6","21.6"
"30004","375","2015","9","9","3","252","4","21.52","21.5","21.6"
"30004","375","2015","9","9","4","252","4","21.58","21.5","21.6"
"30004","375","2015","9","9","5","252","4","21.7","21.7","21.7"
"30004","375","2015","9","9","6","252","4","21.73","21.7","21.8"
"30004","375","2015","9","9","7","252","4","21.7","21.7","21.7"
"30004","375","2015","9","9","8","252","4","22.27","21.9","22.7"
"30004","375","2015","9","9","9","252","4","24.07","23.5","24.5"
"30004","375","2015","9","9","10","252","4","24.55","24","24.9"
"30004","375","2015","9","9","11","252","4","24.47","24.2","24.9"
"30004","375","2015","9","9","12","252","4","24.98","24.1","25.8"
"30004","375","2015","9","9","13","252","4","26.05","25.1","26.9"
"30004","375","2015","9","9","14","252","4","27.7","27.2","28.2"
"30004","375","2015","9","9","15","252","4","28.75","28.4","29.1"
"30004","375","2015","9","9","16","252","4","26.38","25.3","28"
"30004","375","2015","9","9","17","252","4","24.8","24.7","24.9"
"30004","375","2015","9","9","18","252","4","23.77","23.2","24.4"
"30004","375","2015","9","9","19","252","4","20.6","19.4","23"
"30004","375","2015","9","9","20","252","4","19.8","19.5","20"
"30004","375","2015","9","9","21","252","4","20.23","20.1","20.3"
"30004","375","2015","9","9","22","252","4","20.27","20.2","20.3"
"30004","375","2015","9","9","23","252","4","20.3","20.3","20.3"
"30004","375","2015","9","10","0","253","4","20.2","20.2","20.2"
"30004","375","2015","9","10","1","253","4","20.32","20.3","20.4"
"30004","375","2015","9","10","2","253","4","20.5","20.5","20.5"
"30004","375","2015","9","10","3","253","4","20.52","20.5","20.6"
"30004","375","2015","9","10","4","253","4","20.5","20.5","20.5"
"30004","375","2015","9","10","5","253","4","20.45","20.4","20.5"
"30004","375","2015","9","10","6","253","4","20.45","20.4","20.5"
"30004","375","2015","9","10","7","253","4","20.82","20.6","21"
"30004","375","2015","9","10","8","253","4","21.88","21.3","22.5"
"30004","375","2015","9","10","9","253","4","23.18","22.6","23.8"
"30004","375","2015","9","10","10","253","4","24.95","24.1","25.7"
"30004","375","2015","9","10","11","253","4","26.25","25.5","26.9"
"30004","375","2015","9","10","12","253","4","26.9","26.5","27.3"
"30004","375","2015","9","10","13","253","4","27.3","27","27.5"
"30004","375","2015","9","10","14","253","4","26.5","25.4","27.8"
"30004","375","2015","9","10","15","253","4","25.77","25.5","25.9"
"30004","375","2015","9","10","16","253","4","24.67","22.2","26.4"
"30004","375","2015","9","10","17","253","4","22.4","21.9","22.8"
"30004","375","2015","9","10","18","253","4","22.85","22.7","23"
"30004","375","2015","9","10","19","253","4","21.6","21","22.3"
"30004","375","2015","9","10","20","253","4","21.05","21","21.1"
"30004","375","2015","9","10","21","253","4","20.88","20.8","20.9"
"30004","375","2015","9","10","22","253","4","21","21","21"
"30004","375","2015","9","10","23","253","4","20.82","20.7","20.9"
"30004","375","2015","9","11","0","254","4","20.35","20.1","20.6"
"30004","375","2015","9","11","1","254","4","20.02","20","20.1"
"30004","375","2015","9","11","2","254","4","20","19.9","20.1"
"30004","375","2015","9","11","3","254","4","19.85","19.7","20"
"30004","375","2015","9","11","4","254","4","20.15","20.1","20.2"
"30004","375","2015","9","11","5","254","4","20.15","20.1","20.2"
"30004","375","2015","9","11","6","254","4","20.18","20.1","20.2"
"30004","375","2015","9","11","7","254","4","20.3","20.2","20.5"
"30004","375","2015","9","11","8","254","4","20.98","20.8","21.3"
"30004","375","2015","9","11","9","254","4","22.93","21.8","23.9"
"30004","375","2015","9","11","10","254","4","25.1","24.4","25.7"
"30004","375","2015","9","11","11","254","4","26.27","25.8","26.7"
"30004","375","2015","9","11","12","254","4","27.07","26.9","27.3"
"30004","375","2015","9","11","13","254","4","28","27.7","28.3"
"30004","375","2015","9","11","14","254","4","28.38","28.2","28.6"
"30004","375","2015","9","11","15","254","4","28.15","27.7","28.6"
"30004","375","2015","9","11","16","254","4","27.73","27.1","28.5"
"30004","375","2015","9","11","17","254","4","26.88","25.2","28.2"
"30004","375","2015","9","11","18","254","4","24","23.4","24.6"
"30004","375","2015","9","11","19","254","4","22.48","22","23"
"30004","375","2015","9","11","20","254","4","21.8","21.7","21.9"
"30004","375","2015","9","11","21","254","4","22.48","22","22.8"
"30004","375","2015","9","11","22","254","4","21.57","21.1","22.1"
"30004","375","2015","9","11","23","254","4","20.48","20.1","20.8"
"30004","375","2015","9","12","0","255","4","19.82","19.7","19.9"
"30004","375","2015","9","12","1","255","4","19.8","19.8","19.8"
"30004","375","2015","9","12","2","255","4","19.62","19.5","19.7"
"30004","375","2015","9","12","3","255","4","19.38","19.2","19.5"
"30004","375","2015","9","12","4","255","4","19.05","18.9","19.2"
"30004","375","2015","9","12","5","255","4","18.73","18.6","18.8"
"30004","375","2015","9","12","6","255","4","18.5","18.4","18.6"
"30004","375","2015","9","12","7","255","4","18.52","18.5","18.6"
"30004","375","2015","9","12","8","255","4","18.95","18.7","19.3"
"30004","375","2015","9","12","9","255","4","19.6","19.4","19.8"
"30004","375","2015","9","12","10","255","4","20.1","19.9","20.2"
"30004","375","2015","9","12","11","255","4","20.8","20.5","21"
"30004","375","2015","9","12","12","255","4","22.3","21.6","23"
"30004","375","2015","9","12","13","255","4","23.8","23.3","24.4"
"30004","375","2015","9","12","14","255","4","24.52","24.2","24.8"
"30004","375","2015","9","12","15","255","4","24","23.4","24.6"
"30004","375","2015","9","12","16","255","4","23.57","23.5","23.7"
"30004","375","2015","9","12","17","255","4","21.98","21.1","22.8"
"30004","375","2015","9","12","18","255","4","19.88","19","20.5"
"30004","375","2015","9","12","19","255","4","17.32","16.4","18.3"
"30004","375","2015","9","12","20","255","4","15.47","15.1","15.9"
"30004","375","2015","9","12","21","255","4","15.28","14.9","15.6"
"30004","375","2015","9","12","22","255","4","14.55","14.1","15.2"
"30004","375","2015","9","12","23","255","4","14.38","14.2","14.6"
"30004","375","2015","9","13","0","256","4","13.28","12.8","13.9"
"30004","375","2015","9","13","1","256","4","12.62","12.4","12.7"
"30004","375","2015","9","13","2","256","4","11.72","11.4","12.1"
"30004","375","2015","9","13","3","256","4","10.95","10.7","11.2"
"30004","375","2015","9","13","4","256","4","10.62","10.6","10.7"
"30004","375","2015","9","13","5","256","4","10.5","10.3","10.7"
"30004","375","2015","9","13","6","256","4","10.22","10.1","10.3"
"30004","375","2015","9","13","7","256","4","11.53","10.6","12.6"
"30004","375","2015","9","13","8","256","4","13.88","13.1","14.7"
"30004","375","2015","9","13","9","256","4","16.68","15.6","17.5"
"30004","375","2015","9","13","10","256","4","17.98","17.5","18.4"
"30004","375","2015","9","13","11","256","4","19.27","19.1","19.5"
"30004","375","2015","9","13","12","256","4","20.27","19.9","20.5"
"30004","375","2015","9","13","13","256","4","21.23","20.7","21.7"
"30004","375","2015","9","13","14","256","4","21.6","21.4","21.8"
"30004","375","2015","9","13","15","256","4","21.52","21.4","21.6"
"30004","375","2015","9","13","16","256","4","21.6","21.3","21.9"
"30004","375","2015","9","13","17","256","4","20.38","19.7","21"
"30004","375","2015","9","13","18","256","4","18.38","17.4","19.3"
"30004","375","2015","9","13","19","256","4","15.15","14.3","16.2"
"30004","375","2015","9","13","20","256","4","13.38","13.1","13.8"
"30004","375","2015","9","13","21","256","4","12.6","12.1","13"
"30004","375","2015","9","13","22","256","4","11.47","11.1","11.9"
"30004","375","2015","9","13","23","256","4","10.72","10.5","11"
"30004","375","2015","9","14","0","257","4","10.15","9.9","10.4"
"30004","375","2015","9","14","1","257","4","9.65","9.5","9.8"
"30004","375","2015","9","14","2","257","4","9.3","9.1","9.4"
"30004","375","2015","9","14","3","257","4","8.9","8.8","9"
"30004","375","2015","9","14","4","257","4","8.55","8.5","8.6"
"30004","375","2015","9","14","5","257","4","8.25","8.1","8.4"
"30004","375","2015","9","14","6","257","4","8.03","8","8.1"
"30004","375","2015","9","14","7","257","4","9.1","8.3","10.1"
"30004","375","2015","9","14","8","257","4","12.95","10.9","14.9"
"30004","375","2015","9","14","9","257","4","18.05","16.5","19.2"
"30004","375","2015","9","14","10","257","4","20.43","19.8","21"
"30004","375","2015","9","14","11","257","4","21.57","21","21.9"
"30004","375","2015","9","14","12","257","4","22.05","21.7","22.4"
"30004","375","2015","9","14","13","257","4","23.1","22.6","23.6"
"30004","375","2015","9","14","14","257","4","24.2","23.9","24.4"
"30004","375","2015","9","14","15","257","4","24.27","24.1","24.5"
"30004","375","2015","9","14","16","257","4","24.4","24.3","24.5"
"30004","375","2015","9","14","17","257","4","22.95","21.6","24.4"
"30004","375","2015","9","14","18","257","4","19.52","18.2","20.7"
"30004","375","2015","9","14","19","257","4","16.73","16.1","17.5"
"30004","375","2015","9","14","20","257","4","15.45","15.1","15.8"
"30004","375","2015","9","14","21","257","4","14.43","14.1","14.8"
"30004","375","2015","9","14","22","257","4","13.65","13.4","13.9"
"30004","375","2015","9","14","23","257","4","12.97","12.8","13.2"
"30004","375","2015","9","15","0","258","4","12.4","12.2","12.6"
"30004","375","2015","9","15","1","258","4","11.88","11.7","12.1"
"30004","375","2015","9","15","2","258","4","11.5","11.4","11.6"
"30004","375","2015","9","15","3","258","4","11.25","11.1","11.4"
"30004","375","2015","9","15","4","258","4","11.15","11.1","11.2"
"30004","375","2015","9","15","5","258","4","10.85","10.7","11"
"30004","375","2015","9","15","6","258","4","10.65","10.6","10.7"
"30004","375","2015","9","15","7","258","4","11.53","10.9","12.4"
"30004","375","2015","9","15","8","258","4","14.82","13.2","16.7"
"30004","375","2015","9","15","9","258","4","20.52","18.5","22.1"
"30004","375","2015","9","15","10","258","4","23.12","22.5","23.7"
"30004","375","2015","9","15","11","258","4","24.07","23.8","24.3"
"30004","375","2015","9","15","12","258","4","24.25","24","24.7"
"30004","375","2015","9","15","13","258","4","24.98","24.5","25.4"
"30004","375","2015","9","15","14","258","4","25.6","25.5","25.7"
"30004","375","2015","9","15","15","258","4","25.73","25.6","25.8"
"30004","375","2015","9","15","16","258","4","25.5","25.1","25.9"
"30004","375","2015","9","15","17","258","4","23.43","22.4","24.4"
"30004","375","2015","9","15","18","258","4","20.73","19.6","21.8"
"30004","375","2015","9","15","19","258","4","18.45","17.9","19.1"
"30004","375","2015","9","15","20","258","4","17.1","16.7","17.5"
"30004","375","2015","9","15","21","258","4","16.1","15.8","16.4"
"30004","375","2015","9","15","22","258","4","15.38","15.1","15.6"
"30004","375","2015","9","15","23","258","4","14.95","14.8","15.1"
"30004","375","2015","9","16","0","259","4","14.62","14.5","14.7"
"30004","375","2015","9","16","1","259","4","14.2","14.1","14.3"
"30004","375","2015","9","16","2","259","4","13.93","13.5","14.2"
"30004","375","2015","9","16","3","259","4","13.28","13.1","13.4"
"30004","375","2015","9","16","4","259","4","12.97","12.8","13.1"
"30004","375","2015","9","16","5","259","4","12.75","12.7","12.8"
"30004","375","2015","9","16","6","259","4","12.9","12.8","13"
"30004","375","2015","9","16","7","259","4","13.7","13.1","14.4"
"30004","375","2015","9","16","8","259","4","15.95","15","16.9"
"30004","375","2015","9","16","9","259","4","19.05","18","19.6"
"30004","375","2015","9","16","10","259","4","21.35","20.5","21.7"
"30004","375","2015","9","16","11","259","4","22.02","21.5","22.9"
"30004","375","2015","9","16","12","259","4","23.45","23.3","23.6"
"30004","375","2015","9","16","13","259","4","24.2","23.9","24.6"
"30004","375","2015","9","16","14","259","4","24.62","24.4","24.9"
"30004","375","2015","9","16","15","259","4","24.93","24.8","25.1"
"30004","375","2015","9","16","16","259","4","23.85","23.4","24.3"
"30004","375","2015","9","16","17","259","4","22.77","22.4","23.1"
"30004","375","2015","9","16","18","259","4","21.77","21.3","22.2"
"30004","375","2015","9","16","19","259","4","20.82","20.5","21.1"
"30004","375","2015","9","16","20","259","4","20.25","20","20.5"
"30004","375","2015","9","16","21","259","4","20.15","19.9","20.4"
"30004","375","2015","9","16","22","259","4","19.75","19.6","19.9"
"30004","375","2015","9","16","23","259","4","19.23","19","19.5"
"30004","375","2015","9","17","0","260","4","18.77","18.5","19"
"30004","375","2015","9","17","1","260","4","17.43","16.6","18.3"
"30004","375","2015","9","17","2","260","4","15.62","14.5","16.2"
"30004","375","2015","9","17","3","260","4","14.33","14.3","14.4"
"30004","375","2015","9","17","4","260","4","14.15","14.1","14.2"
"30004","375","2015","9","17","5","260","4","13.93","13.8","14"
"30004","375","2015","9","17","6","260","4","13.83","13.8","13.9"
"30004","375","2015","9","17","7","260","4","14.55","14","15.3"
"30004","375","2015","9","17","8","260","4","16","15.7","16.4"
"30004","375","2015","9","17","9","260","4","20.25","17.7","22"
"30004","375","2015","9","17","10","260","4","23.02","22.9","23.2"
"30004","375","2015","9","17","11","260","4","23.85","23.6","24.3"
"30004","375","2015","9","17","12","260","4","24.62","24.4","24.8"
"30004","375","2015","9","17","13","260","4","25.7","25","26.1"
"30004","375","2015","9","17","14","260","4","26.73","26.5","26.9"
"30004","375","2015","9","17","15","260","4","27.25","27","27.4"
"30004","375","2015","9","17","16","260","4","27.57","27.3","28"
"30004","375","2015","9","17","17","260","4","25.25","24.1","26.7"
"30004","375","2015","9","17","18","260","4","22.45","21.3","23.5"
"30004","375","2015","9","17","19","260","4","20","19.4","20.6"
"30004","375","2015","9","17","20","260","4","18.7","18.3","19.1"
"30004","375","2015","9","17","21","260","4","17.73","17.4","18"
"30004","375","2015","9","17","22","260","4","16.95","16.7","17.2"
"30004","375","2015","9","17","23","260","4","16.38","16.1","16.6"
"30004","375","2015","9","18","0","261","4","15.97","15.9","16"
"30004","375","2015","9","18","1","261","4","15.55","15.3","15.8"
"30004","375","2015","9","18","2","261","4","15.27","14.7","16"
"30004","375","2015","9","18","3","261","4","14.45","14.4","14.5"
"30004","375","2015","9","18","4","261","4","14.15","13.9","14.4"
"30004","375","2015","9","18","5","261","4","13.72","13.6","13.9"
"30004","375","2015","9","18","6","261","4","13.35","13.3","13.4"
"30004","375","2015","9","18","7","261","4","14.15","13.6","14.9"
"30004","375","2015","9","18","8","261","4","16.4","15.4","17.4"
"30004","375","2015","9","18","9","261","4","19.55","18.1","21.1"
"30004","375","2015","9","18","10","261","4","23.4","22.7","24.3"
"30004","375","2015","9","18","11","261","4","24.7","24.1","25.2"
"30004","375","2015","9","18","12","261","4","25.15","24.6","25.7"
"30004","375","2015","9","18","13","261","4","26.28","25.8","26.6"
"30004","375","2015","9","18","14","261","4","27.18","26.9","27.5"
"30004","375","2015","9","18","15","261","4","27.68","27.4","28"
"30004","375","2015","9","18","16","261","4","27.5","27.3","27.7"
"30004","375","2015","9","18","17","261","4","25.3","24.1","26.7"
"30004","375","2015","9","18","18","261","4","22.15","21.1","23.4"
"30004","375","2015","9","18","19","261","4","19.83","19.1","20.5"
"30004","375","2015","9","18","20","261","4","18.3","17.9","18.8"
"30004","375","2015","9","18","21","261","4","17.25","16.9","17.6"
"30004","375","2015","9","18","22","261","4","16.55","16.4","16.7"
"30004","375","2015","9","18","23","261","4","16.12","16","16.2"
"30004","375","2015","9","19","0","262","4","15.72","15.6","15.9"
"30004","375","2015","9","19","1","262","4","15.35","15.2","15.4"
"30004","375","2015","9","19","2","262","4","15.32","15.1","15.6"
"30004","375","2015","9","19","3","262","4","14.97","14.8","15.1"
"30004","375","2015","9","19","4","262","4","14.55","14.4","14.7"
"30004","375","2015","9","19","5","262","4","14.2","14.1","14.3"
"30004","375","2015","9","19","6","262","4","14.05","14","14.1"
"30004","375","2015","9","19","7","262","4","14.65","14.1","15.3"
"30004","375","2015","9","19","8","262","4","17.15","15.9","18.3"
"30004","375","2015","9","19","9","262","4","20.5","18.8","22.5"
"30004","375","2015","9","19","10","262","4","25.07","24.1","25.9"
"30004","375","2015","9","19","11","262","4","25.93","25.6","26.4"
"30004","375","2015","9","19","12","262","4","26.7","25.6","27.2"
"30004","375","2015","9","19","13","262","4","27.68","27.2","28.3"
"30004","375","2015","9","19","14","262","4","28.82","28.6","29"
"30004","375","2015","9","19","15","262","4","28.95","28.8","29"
"30004","375","2015","9","19","16","262","4","29.35","28.8","29.8"
"30004","375","2015","9","19","17","262","4","27.5","26.9","28"
"30004","375","2015","9","19","18","262","4","24.5","22.9","26.1"
"30004","375","2015","9","19","19","262","4","21.23","20.5","22.1"
"30004","375","2015","9","19","20","262","4","19.57","19.1","20.1"
"30004","375","2015","9","19","21","262","4","18.57","18.3","18.9"
"30004","375","2015","9","19","22","262","4","17.85","17.6","18.1"
"30004","375","2015","9","19","23","262","4","17.27","17.1","17.5"
"30004","375","2015","9","20","0","263","4","16.85","16.7","17"
"30004","375","2015","9","20","1","263","4","16.4","16.3","16.6"
"30004","375","2015","9","20","2","263","4","16.3","15.9","16.9"
"30004","375","2015","9","20","3","263","4","15.62","15.5","15.7"
"30004","375","2015","9","20","4","263","4","15.28","15.2","15.4"
"30004","375","2015","9","20","5","263","4","15.1","15","15.2"
"30004","375","2015","9","20","6","263","4","15","15","15"
"30004","375","2015","9","20","7","263","4","15.72","15.2","16.4"
"30004","375","2015","9","20","8","263","4","17.73","16.9","18.6"
"30004","375","2015","9","20","9","263","4","20.85","19.2","22.9"
"30004","375","2015","9","20","10","263","4","25.8","24.4","26.6"
"30004","375","2015","9","20","11","263","4","26.7","26.3","27.3"
"30004","375","2015","9","20","12","263","4","28.15","27.6","28.7"
"30004","375","2015","9","20","13","263","4","29.3","28.8","29.7"
"30004","375","2015","9","20","14","263","4","29.98","29.9","30.1"
"30004","375","2015","9","20","15","263","4","30.3","30.1","30.6"
"30004","375","2015","9","20","16","263","4","29.57","28.9","30"
"30004","375","2015","9","20","17","263","4","26.82","25.9","28"
"30004","375","2015","9","20","18","263","4","25.02","24.5","25.6"
"30004","375","2015","9","20","19","263","4","23.75","23.5","24.1"
"30004","375","2015","9","20","20","263","4","23.2","22.9","23.5"
"30004","375","2015","9","20","21","263","4","22.4","22.1","22.6"
"30004","375","2015","9","20","22","263","4","21.77","21.4","22.1"
"30004","375","2015","9","20","23","263","4","20.95","20.7","21.2"
"30004","375","2015","9","21","0","264","4","20.48","20.2","20.6"
"30004","375","2015","9","21","1","264","4","19.77","19.6","20"
"30004","375","2015","9","21","2","264","4","18.98","18.3","19.4"
"30004","375","2015","9","21","3","264","4","18.02","18","18.1"
"30004","375","2015","9","21","4","264","4","17.9","17.8","18"
"30004","375","2015","9","21","5","264","4","17.65","17.6","17.7"
"30004","375","2015","9","21","6","264","4","17.5","17.4","17.6"
"30004","375","2015","9","21","7","264","4","17.62","17.4","17.9"
"30004","375","2015","9","21","8","264","4","18.57","18","19"
"30004","375","2015","9","21","9","264","4","19.88","19.2","20.5"
"30004","375","2015","9","21","10","264","4","21.55","21.2","21.9"
"30004","375","2015","9","21","11","264","4","22.1","21.8","22.3"
"30004","375","2015","9","21","12","264","4","22.32","22.2","22.4"
"30004","375","2015","9","21","13","264","4","23.12","22.6","23.6"
"30004","375","2015","9","21","14","264","4","24.07","23.6","24.3"
"30004","375","2015","9","21","15","264","4","24.5","24.4","24.6"
"30004","375","2015","9","21","16","264","4","23.98","23.7","24.3"
"30004","375","2015","9","21","17","264","4","22.83","22.1","23.5"
"30004","375","2015","9","21","18","264","4","21.18","20.7","21.7"
"30004","375","2015","9","21","19","264","4","20.12","19.9","20.5"
"30004","375","2015","9","21","20","264","4","19.92","19.9","20"
"30004","375","2015","9","21","21","264","4","19.6","19.3","19.8"
"30004","375","2015","9","21","22","264","4","18.88","18.7","19.1"
"30004","375","2015","9","21","23","264","4","18.48","18.4","18.6"
"30004","375","2015","9","22","0","265","4","18.3","18.2","18.4"
"30004","375","2015","9","22","1","265","4","18.5","18.5","18.5"
"30004","375","2015","9","22","2","265","4","18.6","18.5","18.7"
"30004","375","2015","9","22","3","265","4","18.73","18.7","18.8"
"30004","375","2015","9","22","4","265","4","18.73","18.7","18.8"
"30004","375","2015","9","22","5","265","4","18.73","18.6","18.8"
"30004","375","2015","9","22","6","265","4","18.62","18.6","18.7"
"30004","375","2015","9","22","7","265","4","18.6","18.6","18.6"
"30004","375","2015","9","22","8","265","4","18.75","18.6","18.9"
"30004","375","2015","9","22","9","265","4","19.23","19","19.5"
"30004","375","2015","9","22","10","265","4","20.48","19.9","21.3"
"30004","375","2015","9","22","11","265","4","21.55","21.2","22.1"
"30004","375","2015","9","22","12","265","4","22.1","21.9","22.2"
"30004","375","2015","9","22","13","265","4","22.82","22.6","23"
"30004","375","2015","9","22","14","265","4","23.52","23","24.2"
"30004","375","2015","9","22","15","265","4","23.85","23.4","24.2"
"30004","375","2015","9","22","16","265","4","23.25","23.2","23.3"
"30004","375","2015","9","22","17","265","4","22.85","22.4","23.2"
"30004","375","2015","9","22","18","265","4","21.07","20.4","21.9"
"30004","375","2015","9","22","19","265","4","19.82","19.6","20.1"
"30004","375","2015","9","22","20","265","4","19.3","19","19.5"
"30004","375","2015","9","22","21","265","4","18.57","18.3","18.8"
"30004","375","2015","9","22","22","265","4","18.05","17.9","18.2"
"30004","375","2015","9","22","23","265","4","17.57","17.4","17.8"
"30004","375","2015","9","23","0","266","4","17.12","17.1","17.2"
"30004","375","2015","9","23","1","266","4","16.82","16.7","17"
"30004","375","2015","9","23","2","266","4","17.23","17","17.5"
"30004","375","2015","9","23","3","266","4","17.27","17","17.5"
"30004","375","2015","9","23","4","266","4","16.77","16.7","16.9"
"30004","375","2015","9","23","5","266","4","16.55","16.5","16.6"
"30004","375","2015","9","23","6","266","4","16.5","16.4","16.6"
"30004","375","2015","9","23","7","266","4","17.1","16.7","17.6"
"30004","375","2015","9","23","8","266","4","19.2","18.4","20"
"30004","375","2015","9","23","9","266","4","21.38","20.5","22"
"30004","375","2015","9","23","10","266","4","22.62","22.2","22.9"
"30004","375","2015","9","23","11","266","4","23.27","23.1","23.4"
"30004","375","2015","9","23","12","266","4","24.32","24.1","24.7"
"30004","375","2015","9","23","13","266","4","25.1","24.8","25.5"
"30004","375","2015","9","23","14","266","4","25.45","24.9","26.1"
"30004","375","2015","9","23","15","266","4","25.62","25.3","26.2"
"30004","375","2015","9","23","16","266","4","25.27","24.9","25.6"
"30004","375","2015","9","23","17","266","4","23.93","23.5","24.4"
"30004","375","2015","9","23","18","266","4","21.7","20.8","22.7"
"30004","375","2015","9","23","19","266","4","19.8","19.4","20.3"
"30004","375","2015","9","23","20","266","4","19.2","19.2","19.2"
"30004","375","2015","9","23","21","266","4","18.98","18.8","19.1"
"30004","375","2015","9","23","22","266","4","19.45","19.4","19.5"
"30004","375","2015","9","23","23","266","4","19.15","19","19.3"
"30004","375","2015","9","24","0","267","4","18.88","18.8","19"
"30004","375","2015","9","24","1","267","4","19.25","19","19.4"
"30004","375","2015","9","24","2","267","4","19.12","19","19.2"
"30004","375","2015","9","24","3","267","4","18.73","18.6","18.8"
"30004","375","2015","9","24","4","267","4","18.8","18.8","18.8"
"30004","375","2015","9","24","5","267","4","18.68","18.6","18.7"
"30004","375","2015","9","24","6","267","4","18.4","18.3","18.6"
"30004","375","2015","9","24","7","267","4","18.23","17.8","18.6"
"30004","375","2015","9","24","8","267","4","18.65","18.2","19.1"
"30004","375","2015","9","24","9","267","4","19.12","18.5","19.8"
"30004","375","2015","9","24","10","267","4","19.8","19.3","20.2"
"30004","375","2015","9","24","11","267","4","19.68","19","20.5"
"30004","375","2015","9","24","12","267","4","21.38","21.2","21.5"
"30004","375","2015","9","24","13","267","4","20.73","20.4","21.1"
"30004","375","2015","9","24","14","267","4","21.12","20.5","21.5"
"30004","375","2015","9","24","15","267","4","19.62","19.3","20.3"
"30004","375","2015","9","24","16","267","4","18.57","18.5","18.8"
"30004","375","2015","9","24","17","267","4","18.18","17.8","18.6"
"30004","375","2015","9","24","18","267","4","17.02","16","17.6"
"30004","375","2015","9","24","19","267","4","15.33","15.3","15.4"
"30004","375","2015","9","24","20","267","4","15.28","15.2","15.3"
"30004","375","2015","9","24","21","267","4","14.85","14.7","15"
"30004","375","2015","9","24","22","267","4","14.82","14.7","14.9"
"30004","375","2015","9","24","23","267","4","15.28","15","15.6"
"30004","375","2015","9","25","0","268","4","15.6","15.6","15.6"
"30004","375","2015","9","25","1","268","4","15.67","15.6","15.7"
"30004","375","2015","9","25","2","268","4","15.88","15.8","15.9"
"30004","375","2015","9","25","3","268","4","16","15.9","16.1"
"30004","375","2015","9","25","4","268","4","16.1","16.1","16.1"
"30004","375","2015","9","25","5","268","4","16.23","16.1","16.3"
"30004","375","2015","9","25","6","268","4","15.97","15.9","16"
"30004","375","2015","9","25","7","268","4","15.88","15.8","15.9"
"30004","375","2015","9","25","8","268","4","16.1","15.9","16.2"
"30004","375","2015","9","25","9","268","4","16.57","16.3","16.8"
"30004","375","2015","9","25","10","268","4","16.93","16.8","17.1"
"30004","375","2015","9","25","11","268","4","17.35","17.2","17.5"
"30004","375","2015","9","25","12","268","4","17.73","17.5","17.9"
"30004","375","2015","9","25","13","268","4","17.88","17.8","18"
"30004","375","2015","9","25","14","268","4","18.2","18.1","18.4"
"30004","375","2015","9","25","15","268","4","18.27","18.2","18.4"
"30004","375","2015","9","25","16","268","4","18.3","18.3","18.3"
"30004","375","2015","9","25","17","268","4","18.23","18.1","18.3"
"30004","375","2015","9","25","18","268","4","17.93","17.8","18"
"30004","375","2015","9","25","19","268","4","17.82","17.8","17.9"
"30004","375","2015","9","25","20","268","4","17.92","17.9","18"
"30004","375","2015","9","25","21","268","4","18","18","18"
"30004","375","2015","9","25","22","268","4","18","18","18"
"30004","375","2015","9","25","23","268","4","17.95","17.9","18"
"30004","375","2015","9","26","0","269","4","17.92","17.9","18"
"30004","375","2015","9","26","1","269","4","17.92","17.9","18"
"30004","375","2015","9","26","2","269","4","17.88","17.8","17.9"
"30004","375","2015","9","26","3","269","4","17.7","17.6","17.8"
"30004","375","2015","9","26","4","269","4","17.48","17.4","17.6"
"30004","375","2015","9","26","5","269","4","17.38","17.3","17.4"
"30004","375","2015","9","26","6","269","4","17.3","17.3","17.3"
"30004","375","2015","9","26","7","269","4","17.32","17.3","17.4"
"30004","375","2015","9","26","8","269","4","17.62","17.5","17.7"
"30004","375","2015","9","26","9","269","4","17.75","17.6","17.9"
"30004","375","2015","9","26","10","269","4","18.12","18","18.2"
"30004","375","2015","9","26","11","269","4","18.32","18.3","18.4"
"30004","375","2015","9","26","12","269","4","18.55","18.5","18.6"
"30004","375","2015","9","26","13","269","4","18.7","18.5","18.9"
"30004","375","2015","9","26","14","269","4","18.88","18.8","18.9"
"30004","375","2015","9","26","15","269","4","18.77","18.7","18.9"
"30004","375","2015","9","26","16","269","4","18.73","18.7","18.8"
"30004","375","2015","9","26","17","269","4","18.73","18.7","18.8"
"30004","375","2015","9","26","18","269","4","18.48","18.4","18.6"
"30004","375","2015","9","26","19","269","4","18.2","18.1","18.3"
"30004","375","2015","9","26","20","269","4","18.1","18.1","18.1"
"30004","375","2015","9","26","21","269","4","18.2","18.2","18.2"
"30004","375","2015","9","26","22","269","4","18.2","18.2","18.2"
"30004","375","2015","9","26","23","269","4","18.25","18.2","18.3"
"30004","375","2015","9","27","0","270","4","18.15","18.1","18.2"
"30004","375","2015","9","27","1","270","4","17.92","17.9","18"
"30004","375","2015","9","27","2","270","4","17.8","17.8","17.8"
"30004","375","2015","9","27","3","270","4","17.57","17.5","17.7"
"30004","375","2015","9","27","4","270","4","17.4","17.4","17.4"
"30004","375","2015","9","27","5","270","4","17.27","17.2","17.3"
"30004","375","2015","9","27","6","270","4","17.15","17.1","17.2"
"30004","375","2015","9","27","7","270","4","17.45","17.3","17.6"
"30004","375","2015","9","27","8","270","4","17.93","17.7","18.2"
"30004","375","2015","9","27","9","270","4","18.65","18.4","18.8"
"30004","375","2015","9","27","10","270","4","19.3","19","19.6"
"30004","375","2015","9","27","11","270","4","19.68","19.6","19.9"
"30004","375","2015","9","27","12","270","4","20.18","19.9","20.5"
"30004","375","2015","9","27","13","270","4","20.4","20.2","20.6"
"30004","375","2015","9","27","14","270","4","20.77","20.7","20.8"
"30004","375","2015","9","27","15","270","4","21.28","21.1","21.6"
"30004","375","2015","9","27","16","270","4","20.65","20.4","21"
"30004","375","2015","9","27","17","270","4","20.2","20.1","20.3"
"30004","375","2015","9","27","18","270","4","19.77","19.6","20"
"30004","375","2015","9","27","19","270","4","19.35","19.2","19.5"
"30004","375","2015","9","27","20","270","4","19.15","19.1","19.2"
"30004","375","2015","9","27","21","270","4","19.1","19.1","19.1"
"30004","375","2015","9","27","22","270","4","19.1","19.1","19.1"
"30004","375","2015","9","27","23","270","4","19.05","19","19.1"
"30004","375","2015","9","28","0","271","4","18.9","18.9","18.9"
"30004","375","2015","9","28","1","271","4","18.65","18.5","18.8"
"30004","375","2015","9","28","2","271","4","18.55","18.5","18.6"
"30004","375","2015","9","28","3","271","4","18.65","18.6","18.7"
"30004","375","2015","9","28","4","271","4","18.8","18.7","18.9"
"30004","375","2015","9","28","5","271","4","19.05","18.9","19.2"
"30004","375","2015","9","28","6","271","4","19.27","19.2","19.3"
"30004","375","2015","9","28","7","271","4","19.45","19.3","19.6"
"30004","375","2015","9","28","8","271","4","20","19.8","20.2"
"30004","375","2015","9","28","9","271","4","20.75","20.3","21.1"
"30004","375","2015","9","28","10","271","4","21.5","21.2","21.7"
"30004","375","2015","9","28","11","271","4","21.85","21.7","22.1"
"30004","375","2015","9","28","12","271","4","22.27","22.2","22.4"
"30004","375","2015","9","28","13","271","4","22.35","22.2","22.4"
"30004","375","2015","9","28","14","271","4","22.55","22.4","22.6"
"30004","375","2015","9","28","15","271","4","22.4","22.2","22.6"
"30004","375","2015","9","28","16","271","4","22.32","22.2","22.5"
"30004","375","2015","9","28","17","271","4","22","21.8","22.1"
"30004","375","2015","9","28","18","271","4","21.4","21.3","21.5"
"30004","375","2015","9","28","19","271","4","21.15","21.1","21.2"
"30004","375","2015","9","28","20","271","4","21.1","21.1","21.1"
"30004","375","2015","9","28","21","271","4","21.1","21.1","21.1"
"30004","375","2015","9","28","22","271","4","21.1","21.1","21.1"
"30004","375","2015","9","28","23","271","4","21.1","21.1","21.1"
"30004","375","2015","9","29","0","272","4","21.05","21","21.1"
"30004","375","2015","9","29","1","272","4","21","21","21"
"30004","375","2015","9","29","2","272","4","20.9","20.9","20.9"
"30004","375","2015","9","29","3","272","4","20.9","20.9","20.9"
"30004","375","2015","9","29","4","272","4","20.88","20.8","20.9"
"30004","375","2015","9","29","5","272","4","20.85","20.8","20.9"
"30004","375","2015","9","29","6","272","4","20.8","20.8","20.8"
"30004","375","2015","9","29","7","272","4","20.95","20.9","21"
"30004","375","2015","9","29","8","272","4","21.25","21.1","21.4"
"30004","375","2015","9","29","9","272","4","21.48","21.2","21.8"
"30004","375","2015","9","29","10","272","4","21.25","21.2","21.4"
"30004","375","2015","9","29","11","272","4","21.35","21.3","21.4"
"30004","375","2015","9","29","12","272","4","21.58","21.3","22.1"
"30004","375","2015","9","29","13","272","4","22.45","22.2","22.7"
"30004","375","2015","9","29","14","272","4","23.38","22.8","23.9"
"30004","375","2015","9","29","15","272","4","23.77","23.7","23.9"
"30004","375","2015","9","29","16","272","4","23.65","23.2","24.2"
"30004","375","2015","9","29","17","272","4","22.88","22.6","23.1"
"30004","375","2015","9","29","18","272","4","22.07","21.7","22.5"
"30004","375","2015","9","29","19","272","4","21.5","21.5","21.5"
"30004","375","2015","9","29","20","272","4","21.3","21.2","21.4"
"30004","375","2015","9","29","21","272","4","21.2","21.1","21.3"
"30004","375","2015","9","29","22","272","4","20.95","20.8","21"
"30004","375","2015","9","29","23","272","4","20.8","20.7","20.9"
"30004","375","2015","9","30","0","273","4","20.95","20.9","21"
"30004","375","2015","9","30","1","273","4","20.7","20.5","20.8"
"30004","375","2015","9","30","2","273","4","20.4","20.3","20.5"
"30004","375","2015","9","30","3","273","4","20.23","20.2","20.3"
"30004","375","2015","9","30","4","273","4","20.02","20","20.1"
"30004","375","2015","9","30","5","273","4","19.88","19.7","20"
"30004","375","2015","9","30","6","273","4","19.4","19.2","19.6"
"30004","375","2015","9","30","7","273","4","19.2","19.1","19.3"
"30004","375","2015","9","30","8","273","4","20.05","19.4","20.9"
"30004","375","2015","9","30","9","273","4","22.65","21.5","23.9"
"30004","375","2015","9","30","10","273","4","24.75","23.9","25.3"
"30004","375","2015","9","30","11","273","4","26.38","26.2","26.6"
"30004","375","2015","9","30","12","273","4","26.62","26.3","27"
"30004","375","2015","9","30","13","273","4","27.5","27.1","27.8"
"30004","375","2015","9","30","14","273","4","27.23","26.6","27.7"
"30004","375","2015","9","30","15","273","4","26.65","26.2","27.1"
"30004","375","2015","9","30","16","273","4","26.2","25.5","26.8"
"30004","375","2015","9","30","17","273","4","24.5","23.7","25.3"
"30004","375","2015","9","30","18","273","4","22.4","21.8","23.2"
"30004","375","2015","9","30","19","273","4","21.43","21.3","21.6"
"30004","375","2015","9","30","20","273","4","21.05","20.8","21.4"
"30004","375","2015","9","30","21","273","4","20.18","20","20.4"
"30004","375","2015","9","30","22","273","4","19.45","19.2","19.8"
"30004","375","2015","9","30","23","273","4","18.85","18.7","19"
"30004","375","2015","10","1","0","274","4","18.48","18.3","18.6"
"30004","375","2015","10","1","1","274","4","17.98","17.8","18.2"
"30004","375","2015","10","1","2","274","4","17.98","17.9","18"
"30004","375","2015","10","1","3","274","4","17.88","17.8","18"
"30004","375","2015","10","1","4","274","4","17.92","17.9","18"
"30004","375","2015","10","1","5","274","4","18.05","18","18.1"
"30004","375","2015","10","1","6","274","4","18.18","18.1","18.2"
"30004","375","2015","10","1","7","274","4","18.38","18.3","18.5"
"30004","375","2015","10","1","8","274","4","19.07","18.7","19.5"
"30004","375","2015","10","1","9","274","4","19.45","19.3","19.5"
"30004","375","2015","10","1","10","274","4","20.05","19.9","20.1"
"30004","375","2015","10","1","11","274","4","19.9","19.8","20.1"
"30004","375","2015","10","1","12","274","4","20.07","20","20.2"
"30004","375","2015","10","1","13","274","4","19.98","19.9","20"
"30004","375","2015","10","1","14","274","4","20","19.9","20.1"
"30004","375","2015","10","1","15","274","4","19.65","19.6","19.8"
"30004","375","2015","10","1","16","274","4","19.62","19.5","19.7"
"30004","375","2015","10","1","17","274","4","19.32","19.2","19.5"
"30004","375","2015","10","1","18","274","4","19.07","18.7","19.3"
"30004","375","2015","10","1","19","274","4","18.25","18.1","18.4"
"30004","375","2015","10","1","20","274","4","18.2","18.2","18.2"
"30004","375","2015","10","1","21","274","4","17.9","17.7","18.2"
"30004","375","2015","10","1","22","274","4","17.68","17.6","17.7"
"30004","375","2015","10","1","23","274","4","17.62","17.6","17.7"
"30004","375","2015","10","2","0","275","4","17.43","17.3","17.5"
"30004","375","2015","10","2","1","275","4","17.1","17","17.2"
"30004","375","2015","10","2","2","275","4","16.7","16.4","17"
"30004","375","2015","10","2","3","275","4","15.82","15.5","16.2"
"30004","375","2015","10","2","4","275","4","15.18","15","15.4"
"30004","375","2015","10","2","5","275","4","14.9","14.8","15"
"30004","375","2015","10","2","6","275","4","14.65","14.6","14.7"
"30004","375","2015","10","2","7","275","4","14.78","14.7","14.8"
"30004","375","2015","10","2","8","275","4","15.25","14.9","15.6"
"30004","375","2015","10","2","9","275","4","15.6","15.4","15.8"
"30004","375","2015","10","2","10","275","4","15.97","15.7","16.3"
"30004","375","2015","10","2","11","275","4","15.47","15.3","15.6"
"30004","375","2015","10","2","12","275","4","16","15.6","16.3"
"30004","375","2015","10","2","13","275","4","16.35","16","16.7"
"30004","375","2015","10","2","14","275","4","16.27","15.9","16.5"
"30004","375","2015","10","2","15","275","4","16.15","15.9","16.4"
"30004","375","2015","10","2","16","275","4","15.98","15.8","16.1"
"30004","375","2015","10","2","17","275","4","15.85","15.8","15.9"
"30004","375","2015","10","2","18","275","4","15.6","15.4","15.8"
"30004","375","2015","10","2","19","275","4","15.38","15.3","15.4"
"30004","375","2015","10","2","20","275","4","15.17","15.1","15.2"
"30004","375","2015","10","2","21","275","4","14.9","14.8","15"
"30004","375","2015","10","2","22","275","4","14.75","14.7","14.8"
"30004","375","2015","10","2","23","275","4","14.67","14.6","14.7"
"30004","375","2015","10","3","0","276","4","14.62","14.6","14.7"
"30004","375","2015","10","3","1","276","4","14.4","14.3","14.5"
"30004","375","2015","10","3","2","276","4","14.22","14.1","14.3"
"30004","375","2015","10","3","3","276","4","14.12","14.1","14.2"
"30004","375","2015","10","3","4","276","4","14.15","14.1","14.2"
"30004","375","2015","10","3","5","276","4","14.2","14.2","14.2"
"30004","375","2015","10","3","6","276","4","14.33","14.3","14.4"
"30004","375","2015","10","3","7","276","4","14.55","14.5","14.6"
"30004","375","2015","10","3","8","276","4","14.53","14.5","14.6"
"30004","375","2015","10","3","9","276","4","14.47","14.4","14.6"
"30004","375","2015","10","3","10","276","4","15.1","14.7","15.5"
"30004","375","2015","10","3","11","276","4","15.55","15.5","15.6"
"30004","375","2015","10","3","12","276","4","15.9","15.8","16"
"30004","375","2015","10","3","13","276","4","15.93","15.8","16"
"30004","375","2015","10","3","14","276","4","16.6","16.2","16.8"
"30004","375","2015","10","3","15","276","4","16.55","16.5","16.6"
"30004","375","2015","10","3","16","276","4","16.05","15.9","16.3"
"30004","375","2015","10","3","17","276","4","15.5","15.4","15.7"
"30004","375","2015","10","3","18","276","4","15.38","15.3","15.4"
"30004","375","2015","10","3","19","276","4","15.43","15.4","15.5"
"30004","375","2015","10","3","20","276","4","15.78","15.6","16.1"
"30004","375","2015","10","3","21","276","4","16.2","16.2","16.2"
"30004","375","2015","10","3","22","276","4","16.45","16.2","16.7"
"30004","375","2015","10","3","23","276","4","16.38","16.3","16.5"
"30004","375","2015","10","4","0","277","4","16.55","16.4","16.7"
"30004","375","2015","10","4","1","277","4","17.1","16.9","17.2"
"30004","375","2015","10","4","2","277","4","17.3","17.3","17.3"
"30004","375","2015","10","4","3","277","4","17.48","17.3","17.7"
"30004","375","2015","10","4","4","277","4","17.68","17.6","17.8"
"30004","375","2015","10","4","5","277","4","18.18","18","18.4"
"30004","375","2015","10","4","6","277","4","18.35","18.2","18.5"
"30004","375","2015","10","4","7","277","4","18.75","18.6","18.9"
"30004","375","2015","10","4","8","277","4","18.98","18.7","19.2"
"30004","375","2015","10","4","9","277","4","19.02","19","19.1"
"30004","375","2015","10","4","10","277","4","19.05","18.9","19.2"
"30004","375","2015","10","4","11","277","4","19.4","19.3","19.6"
"30004","375","2015","10","4","12","277","4","20.02","19.9","20.2"
"30004","375","2015","10","4","13","277","4","19.9","19.6","20.1"
"30004","375","2015","10","4","14","277","4","19.07","18.9","19.4"
"30004","375","2015","10","4","15","277","4","18.4","18.3","18.5"
"30004","375","2015","10","4","16","277","4","18.65","18.5","18.8"
"30004","375","2015","10","4","17","277","4","18.93","18.8","19"
"30004","375","2015","10","4","18","277","4","19.23","19.1","19.3"
"30004","375","2015","10","4","19","277","4","18.88","18.6","19.1"
"30004","375","2015","10","4","20","277","4","18.85","18.5","19.2"
"30004","375","2015","10","4","21","277","4","19.15","18.8","19.5"
"30004","375","2015","10","4","22","277","4","19.02","18.9","19.1"
"30004","375","2015","10","4","23","277","4","18.95","18.9","19"
"30004","375","2015","10","5","0","278","4","18.88","18.7","19"
"30004","375","2015","10","5","1","278","4","18.73","18.7","18.8"
"30004","375","2015","10","5","2","278","4","18.57","18.3","18.8"
"30004","375","2015","10","5","3","278","4","17.9","17.8","18"
"30004","375","2015","10","5","4","278","4","17.73","17.6","17.8"
"30004","375","2015","10","5","5","278","4","17.5","17.4","17.6"
"30004","375","2015","10","5","6","278","4","17.32","17.2","17.6"
"30004","375","2015","10","5","7","278","4","18.25","17.9","18.4"
"30004","375","2015","10","5","8","278","4","18.52","18.3","19"
"30004","375","2015","10","5","9","278","4","20.6","19.6","21.5"
"30004","375","2015","10","5","10","278","4","21.75","21.7","21.8"
"30004","375","2015","10","5","11","278","4","22.48","22","23"
"30004","375","2015","10","5","12","278","4","23.3","22.8","23.8"
"30004","375","2015","10","5","13","278","4","23.85","23.5","24.1"
"30004","375","2015","10","5","14","278","4","23.32","23","23.5"
"30004","375","2015","10","5","15","278","4","22.93","22.7","23.2"
"30004","375","2015","10","5","16","278","4","22.25","22.1","22.4"
"30004","375","2015","10","5","17","278","4","21.35","21","21.9"
"30004","375","2015","10","5","18","278","4","20.25","19.8","20.7"
"30004","375","2015","10","5","19","278","4","18.77","18.3","19.3"
"30004","375","2015","10","5","20","278","4","17.88","17.7","18.1"
"30004","375","2015","10","5","21","278","4","17.18","16.9","17.5"
"30004","375","2015","10","5","22","278","4","16.85","16.8","16.9"
"30004","375","2015","10","5","23","278","4","16.45","16.3","16.7"
"30004","375","2015","10","6","0","279","4","15.97","15.8","16.2"
"30004","375","2015","10","6","1","279","4","15.55","15.4","15.7"
"30004","375","2015","10","6","2","279","4","15.2","15.1","15.3"
"30004","375","2015","10","6","3","279","4","14.85","14.7","15"
"30004","375","2015","10","6","4","279","4","14.5","14.4","14.6"
"30004","375","2015","10","6","5","279","4","14.22","14.2","14.3"
"30004","375","2015","10","6","6","279","4","14.18","14.1","14.3"
"30004","375","2015","10","6","7","279","4","14.4","14.1","14.9"
"30004","375","2015","10","6","8","279","4","15.4","15.3","15.5"
"30004","375","2015","10","6","9","279","4","16","15.4","16.9"
"30004","375","2015","10","6","10","279","4","18.38","17.7","18.9"
"30004","375","2015","10","6","11","279","4","19.23","18.8","19.7"
"30004","375","2015","10","6","12","279","4","20.02","19.6","20.4"
"30004","375","2015","10","6","13","279","4","21.38","21","21.6"
"30004","375","2015","10","6","14","279","4","21.77","21.5","22.3"
"30004","375","2015","10","6","15","279","4","23.15","22.8","23.4"
"30004","375","2015","10","6","16","279","4","23.12","22.6","23.5"
"30004","375","2015","10","6","17","279","4","21.7","21","22.2"
"30004","375","2015","10","6","18","279","4","19.2","18.4","20.1"
"30004","375","2015","10","6","19","279","4","17.65","17.3","18"
"30004","375","2015","10","6","20","279","4","16.93","16.7","17.1"
"30004","375","2015","10","6","21","279","4","16.45","16.3","16.6"
"30004","375","2015","10","6","22","279","4","16.05","15.9","16.2"
"30004","375","2015","10","6","23","279","4","15.68","15.6","15.8"
"30004","375","2015","10","7","0","280","4","15.35","15.2","15.5"
"30004","375","2015","10","7","1","280","4","15.07","15","15.2"
"30004","375","2015","10","7","2","280","4","14.78","14.7","14.9"
"30004","375","2015","10","7","3","280","4","14.62","14.5","14.7"
"30004","375","2015","10","7","4","280","4","14.25","14.1","14.4"
"30004","375","2015","10","7","5","280","4","13.97","13.9","14.1"
"30004","375","2015","10","7","6","280","4","14.2","14","14.3"
"30004","375","2015","10","7","7","280","4","14.22","14.1","14.4"
"30004","375","2015","10","7","8","280","4","15.55","14.8","16.5"
"30004","375","2015","10","7","9","280","4","18.98","17.1","20.6"
"30004","375","2015","10","7","10","280","4","22.43","21.2","23.6"
"30004","375","2015","10","7","11","280","4","23.73","23.4","24.1"
"30004","375","2015","10","7","12","280","4","24.25","23.7","24.6"
"30004","375","2015","10","7","13","280","4","24.98","24.7","25.3"
"30004","375","2015","10","7","14","280","4","24.95","24.5","25.4"
"30004","375","2015","10","7","15","280","4","25.95","25.4","26.4"
"30004","375","2015","10","7","16","280","4","26.05","25.2","26.9"
"30004","375","2015","10","7","17","280","4","22.38","21.1","23.6"
"30004","375","2015","10","7","18","280","4","19.65","19","20.3"
"30004","375","2015","10","7","19","280","4","18.18","17.8","18.6"
"30004","375","2015","10","7","20","280","4","17.32","17.1","17.6"
"30004","375","2015","10","7","21","280","4","16.7","16.4","17"
"30004","375","2015","10","7","22","280","4","16.07","15.9","16.3"
"30004","375","2015","10","7","23","280","4","15.65","15.5","15.8"
"30004","375","2015","10","8","0","281","4","15.32","15.2","15.4"
"30004","375","2015","10","8","1","281","4","15","14.9","15.1"
"30004","375","2015","10","8","2","281","4","14.65","14.5","14.8"
"30004","375","2015","10","8","3","281","4","14.38","14.2","14.5"
"30004","375","2015","10","8","4","281","4","14","13.9","14.1"
"30004","375","2015","10","8","5","281","4","13.68","13.6","13.8"
"30004","375","2015","10","8","6","281","4","13.45","13.4","13.6"
"30004","375","2015","10","8","7","281","4","13.78","13.5","14.2"
"30004","375","2015","10","8","8","281","4","15.88","14.9","17"
"30004","375","2015","10","8","9","281","4","19.67","17.9","21.4"
"30004","375","2015","10","8","10","281","4","22.75","21.4","23.8"
"30004","375","2015","10","8","11","281","4","23.93","23.1","24.5"
"30004","375","2015","10","8","12","281","4","24.95","24.4","25.3"
"30004","375","2015","10","8","13","281","4","25.52","24.7","26.3"
"30004","375","2015","10","8","14","281","4","24.75","24.2","25.1"
"30004","375","2015","10","8","15","281","4","23.3","23","23.7"
"30004","375","2015","10","8","16","281","4","22.65","22.5","22.8"
"30004","375","2015","10","8","17","281","4","22.08","21.5","22.6"
"30004","375","2015","10","8","18","281","4","19.7","19","20.5"
"30004","375","2015","10","8","19","281","4","18.3","18","18.6"
"30004","375","2015","10","8","20","281","4","17.6","17.4","17.8"
"30004","375","2015","10","8","21","281","4","17","16.8","17.2"
"30004","375","2015","10","8","22","281","4","16.45","16.2","16.7"
"30004","375","2015","10","8","23","281","4","15.98","15.8","16.1"
"30004","375","2015","10","9","0","282","4","15.53","15.4","15.7"
"30004","375","2015","10","9","1","282","4","15.22","15.1","15.3"
"30004","375","2015","10","9","2","282","4","14.95","14.8","15.1"
"30004","375","2015","10","9","3","282","4","14.72","14.6","14.8"
"30004","375","2015","10","9","4","282","4","14.57","14.5","14.6"
"30004","375","2015","10","9","5","282","4","14.6","14.6","14.6"
"30004","375","2015","10","9","6","282","4","14.68","14.6","14.8"
"30004","375","2015","10","9","7","282","4","15.32","15","15.8"
"30004","375","2015","10","9","8","282","4","17.07","16.3","17.9"
"30004","375","2015","10","9","9","282","4","18.65","18.3","19.1"
"30004","375","2015","10","9","10","282","4","20.48","19.5","21.4"
"30004","375","2015","10","9","11","282","4","22.1","21.9","22.4"
"30004","375","2015","10","9","12","282","4","23.07","22.2","23.7"
"30004","375","2015","10","9","13","282","4","23.82","23.4","24.2"
"30004","375","2015","10","9","14","282","4","23.95","23.7","24.1"
"30004","375","2015","10","9","15","282","4","23.82","23.7","24"
"30004","375","2015","10","9","16","282","4","22.98","22.5","23.4"
"30004","375","2015","10","9","17","282","4","21.73","21.3","22"
"30004","375","2015","10","9","18","282","4","19.95","19.3","20.7"
"30004","375","2015","10","9","19","282","4","18.65","18.4","19"
"30004","375","2015","10","9","20","282","4","17.95","17.7","18.2"
"30004","375","2015","10","9","21","282","4","17.62","17.6","17.7"
"30004","375","2015","10","9","22","282","4","17.75","17.6","17.9"
"30004","375","2015","10","9","23","282","4","18.35","17.9","18.8"
"30004","375","2015","10","10","0","283","4","17.85","17.7","18"
"30004","375","2015","10","10","1","283","4","17.32","17.2","17.5"
"30004","375","2015","10","10","2","283","4","17.12","17.1","17.2"
"30004","375","2015","10","10","3","283","4","17.12","17.1","17.2"
"30004","375","2015","10","10","4","283","4","17.25","17.2","17.3"
"30004","375","2015","10","10","5","283","4","17.1","17","17.2"
"30004","375","2015","10","10","6","283","4","16.98","16.9","17"
"30004","375","2015","10","10","7","283","4","17","17","17"
"30004","375","2015","10","10","8","283","4","17.18","17","17.4"
"30004","375","2015","10","10","9","283","4","17.48","17.4","17.5"
"30004","375","2015","10","10","10","283","4","17.93","17.4","18.5"
"30004","375","2015","10","10","11","283","4","18.8","18.7","19"
"30004","375","2015","10","10","12","283","4","19.6","18.8","20.6"
"30004","375","2015","10","10","13","283","4","18.93","17.8","20.8"
"30004","375","2015","10","10","14","283","4","18.27","18.2","18.4"
"30004","375","2015","10","10","15","283","4","17.48","17.1","18"
"30004","375","2015","10","10","16","283","4","17.55","17","18"
"30004","375","2015","10","10","17","283","4","17.85","17.8","17.9"
"30004","375","2015","10","10","18","283","4","17.68","17.5","17.8"
"30004","375","2015","10","10","19","283","4","16.95","16.8","17.1"
"30004","375","2015","10","10","20","283","4","16.4","16.1","16.7"
"30004","375","2015","10","10","21","283","4","16","16","16"
"30004","375","2015","10","10","22","283","4","16.05","16","16.1"
"30004","375","2015","10","10","23","283","4","15.83","15.4","16.1"
"30004","375","2015","10","11","0","284","4","14.38","13.8","14.9"
"30004","375","2015","10","11","1","284","4","13.28","13.1","13.5"
"30004","375","2015","10","11","2","284","4","12.72","12.6","12.8"
"30004","375","2015","10","11","3","284","4","13.03","12.8","13.3"
"30004","375","2015","10","11","4","284","4","13.43","13.3","13.6"
"30004","375","2015","10","11","5","284","4","13.82","13.7","13.9"
"30004","375","2015","10","11","6","284","4","14.05","14","14.1"
"30004","375","2015","10","11","7","284","4","14.28","14.1","14.5"
"30004","375","2015","10","11","8","284","4","14.9","14.6","15.2"
"30004","375","2015","10","11","9","284","4","16.18","15.6","16.8"
"30004","375","2015","10","11","10","284","4","17.92","17.7","18.4"
"30004","375","2015","10","11","11","284","4","18.88","18.6","19.1"
"30004","375","2015","10","11","12","284","4","19.3","19.1","19.8"
"30004","375","2015","10","11","13","284","4","20.6","20.3","20.8"
"30004","375","2015","10","11","14","284","4","20.65","20.4","21.1"
"30004","375","2015","10","11","15","284","4","21.23","19.8","21.9"
"30004","375","2015","10","11","16","284","4","22.3","22.1","22.8"
"30004","375","2015","10","11","17","284","4","19.07","17.9","20.2"
"30004","375","2015","10","11","18","284","4","16.35","15.7","17.1"
"30004","375","2015","10","11","19","284","4","15.1","14.8","15.4"
"30004","375","2015","10","11","20","284","4","14.53","14.3","14.7"
"30004","375","2015","10","11","21","284","4","14","13.8","14.1"
"30004","375","2015","10","11","22","284","4","13.55","13.4","13.7"
"30004","375","2015","10","11","23","284","4","13.07","12.9","13.3"
"30004","375","2015","10","12","0","285","4","12.55","12.3","12.8"
"30004","375","2015","10","12","1","285","4","12.1","11.9","12.2"
"30004","375","2015","10","12","2","285","4","12.1","11.9","12.3"
"30004","375","2015","10","12","3","285","4","12.45","12.4","12.5"
"30004","375","2015","10","12","4","285","4","12.1","11.9","12.3"
"30004","375","2015","10","12","5","285","4","11.68","11.4","11.9"
"30004","375","2015","10","12","6","285","4","11.35","11.3","11.4"
"30004","375","2015","10","12","7","285","4","12.25","11.8","12.7"
"30004","375","2015","10","12","8","285","4","14.1","13","15.3"
"30004","375","2015","10","12","9","285","4","16.88","15.9","17.8"
"30004","375","2015","10","12","10","285","4","18.93","18.1","19.8"
"30004","375","2015","10","12","11","285","4","20.12","19.7","20.7"
"30004","375","2015","10","12","12","285","4","21.1","20.5","21.5"
"30004","375","2015","10","12","13","285","4","22.1","21.6","22.5"
"30004","375","2015","10","12","14","285","4","22.48","22.4","22.6"
"30004","375","2015","10","12","15","285","4","23.27","23","23.5"
"30004","375","2015","10","12","16","285","4","23.3","22.6","23.7"
"30004","375","2015","10","12","17","285","4","20.2","18.9","21.7"
"30004","375","2015","10","12","18","285","4","17.3","16.6","18.1"
"30004","375","2015","10","12","19","285","4","15.93","15.6","16.3"
"30004","375","2015","10","12","20","285","4","15.32","15.2","15.4"
"30004","375","2015","10","12","21","285","4","14.9","14.7","15.1"
"30004","375","2015","10","12","22","285","4","14.72","14.7","14.8"
"30004","375","2015","10","12","23","285","4","14.83","14.8","14.9"
"30004","375","2015","10","13","0","286","4","15.4","15","15.9"
"30004","375","2015","10","13","1","286","4","15.47","14.9","16.2"
"30004","375","2015","10","13","2","286","4","14.88","14.8","14.9"
"30004","375","2015","10","13","3","286","4","14.95","14.9","15"
"30004","375","2015","10","13","4","286","4","15.07","15","15.1"
"30004","375","2015","10","13","5","286","4","14.75","14.6","14.9"
"30004","375","2015","10","13","6","286","4","14.62","14.5","14.7"
"30004","375","2015","10","13","7","286","4","14.88","14.7","15.2"
"30004","375","2015","10","13","8","286","4","16.18","15.5","17"
"30004","375","2015","10","13","9","286","4","17.88","17.3","18.4"
"30004","375","2015","10","13","10","286","4","18.9","18.6","19.5"
"30004","375","2015","10","13","11","286","4","20.65","20","21.2"
"30004","375","2015","10","13","12","286","4","22.3","21.6","23.1"
"30004","375","2015","10","13","13","286","4","23.55","23","24"
"30004","375","2015","10","13","14","286","4","24.1","24","24.3"
"30004","375","2015","10","13","15","286","4","24.57","24.4","24.7"
"30004","375","2015","10","13","16","286","4","24.2","23.5","24.6"
"30004","375","2015","10","13","17","286","4","21.5","19.9","23"
"30004","375","2015","10","13","18","286","4","17.57","16.4","18.8"
"30004","375","2015","10","13","19","286","4","15.22","14.6","15.9"
"30004","375","2015","10","13","20","286","4","13.72","13.2","14.2"
"30004","375","2015","10","13","21","286","4","12.6","12.2","13"
"30004","375","2015","10","13","22","286","4","11.62","11.4","11.9"
"30004","375","2015","10","13","23","286","4","10.9","10.6","11.2"
"30004","375","2015","10","14","0","287","4","10.28","10.1","10.4"
"30004","375","2015","10","14","1","287","4","9.78","9.7","9.9"
"30004","375","2015","10","14","2","287","4","9.5","9.3","9.7"
"30004","375","2015","10","14","3","287","4","9.05","8.9","9.2"
"30004","375","2015","10","14","4","287","4","8.62","8.4","8.8"
"30004","375","2015","10","14","5","287","4","8.22","8.1","8.4"
"30004","375","2015","10","14","6","287","4","7.93","7.9","8"
"30004","375","2015","10","14","7","287","4","8.4","7.9","9.1"
"30004","375","2015","10","14","8","287","4","11.75","9.9","13.4"
"30004","375","2015","10","14","9","287","4","15.22","14.1","16.4"
"30004","375","2015","10","14","10","287","4","18.43","17.6","19.2"
"30004","375","2015","10","14","11","287","4","20.3","19.6","20.9"
"30004","375","2015","10","14","12","287","4","21.35","21.1","21.6"
"30004","375","2015","10","14","13","287","4","22.05","22","22.1"
"30004","375","2015","10","14","14","287","4","22.18","22.1","22.2"
"30004","375","2015","10","14","15","287","4","22.5","22.4","22.6"
"30004","375","2015","10","14","16","287","4","22.43","21.8","22.8"
"30004","375","2015","10","14","17","287","4","19.7","18.2","21"
"30004","375","2015","10","14","18","287","4","16.02","15.1","17.1"
"30004","375","2015","10","14","19","287","4","14.1","13.6","14.6"
"30004","375","2015","10","14","20","287","4","12.95","12.6","13.3"
"30004","375","2015","10","14","21","287","4","12.15","11.9","12.4"
"30004","375","2015","10","14","22","287","4","11.53","11.3","11.8"
"30004","375","2015","10","14","23","287","4","11","10.8","11.2"
"30004","375","2015","10","15","0","288","4","10.55","10.4","10.7"
"30004","375","2015","10","15","1","288","4","10.03","9.8","10.2"
"30004","375","2015","10","15","2","288","4","9.55","9.4","9.6"
"30004","375","2015","10","15","3","288","4","9.15","9","9.3"
"30004","375","2015","10","15","4","288","4","8.82","8.7","8.9"
"30004","375","2015","10","15","5","288","4","8.47","8.4","8.6"
"30004","375","2015","10","15","6","288","4","8.4","8.4","8.4"
"30004","375","2015","10","15","7","288","4","8.6","8.4","8.9"
"30004","375","2015","10","15","8","288","4","10.62","9.5","11.8"
"30004","375","2015","10","15","9","288","4","15.32","13.1","17.2"
"30004","375","2015","10","15","10","288","4","20.27","19","21.4"
"30004","375","2015","10","15","11","288","4","22.15","21.6","22.7"
"30004","375","2015","10","15","12","288","4","22.95","22.6","23.2"
"30004","375","2015","10","15","13","288","4","23.62","23.5","23.8"
"30004","375","2015","10","15","14","288","4","23.77","23.7","23.9"
"30004","375","2015","10","15","15","288","4","24.55","24","25.2"
"30004","375","2015","10","15","16","288","4","24.95","23.4","25.7"
"30004","375","2015","10","15","17","288","4","20.25","18.7","22"
"30004","375","2015","10","15","18","288","4","16.85","15.9","17.9"
"30004","375","2015","10","15","19","288","4","14.9","14.5","15.4"
"30004","375","2015","10","15","20","288","4","13.9","13.6","14.2"
"30004","375","2015","10","15","21","288","4","13.15","13","13.4"
"30004","375","2015","10","15","22","288","4","12.65","12.5","12.8"
"30004","375","2015","10","15","23","288","4","12.22","12.1","12.4"
"30004","375","2015","10","16","0","289","4","11.75","11.6","11.9"
"30004","375","2015","10","16","1","289","4","11.38","11.2","11.5"
"30004","375","2015","10","16","2","289","4","11.03","10.9","11.1"
"30004","375","2015","10","16","3","289","4","10.7","10.6","10.8"
"30004","375","2015","10","16","4","289","4","10.47","10.4","10.6"
"30004","375","2015","10","16","5","289","4","10.22","10.1","10.3"
"30004","375","2015","10","16","6","289","4","9.97","9.9","10.1"
"30004","375","2015","10","16","7","289","4","10.32","10","10.8"
"30004","375","2015","10","16","8","289","4","12.75","11.5","14.3"
"30004","375","2015","10","16","9","289","4","17.6","16.1","18.7"
"30004","375","2015","10","16","10","289","4","20.32","19.3","21.5"
"30004","375","2015","10","16","11","289","4","22.15","21.9","22.4"
"30004","375","2015","10","16","12","289","4","22.62","22.3","22.9"
"30004","375","2015","10","16","13","289","4","22.75","22.5","22.9"
"30004","375","2015","10","16","14","289","4","22.42","22.2","22.7"
"30004","375","2015","10","16","15","289","4","21.9","21.8","22.1"
"30004","375","2015","10","16","16","289","4","20.9","20.3","21.3"
"30004","375","2015","10","16","17","289","4","18.82","17.8","19.7"
"30004","375","2015","10","16","18","289","4","14.9","13.7","16.4"
"30004","375","2015","10","16","19","289","4","12.6","12.2","13"
"30004","375","2015","10","16","20","289","4","11.3","10.8","11.9"
"30004","375","2015","10","16","21","289","4","10.47","10.2","10.8"
"30004","375","2015","10","16","22","289","4","10.53","9.8","11.4"
"30004","375","2015","10","16","23","289","4","9.7","9.2","10.1"
"30004","375","2015","10","17","0","290","4","7.75","7","8.6"
"30004","375","2015","10","17","1","290","4","6.28","5.7","6.8"
"30004","375","2015","10","17","2","290","4","5.28","5","5.5"
"30004","375","2015","10","17","3","290","4","4.4","4.1","4.7"
"30004","375","2015","10","17","4","290","4","3.73","3.5","3.9"
"30004","375","2015","10","17","5","290","4","3.25","3.1","3.4"
"30004","375","2015","10","17","6","290","4","2.98","2.9","3.1"
"30004","375","2015","10","17","7","290","4","3.2","2.9","3.7"
"30004","375","2015","10","17","8","290","4","5.95","4.5","7.6"
"30004","375","2015","10","17","9","290","4","10.7","9","12.5"
"30004","375","2015","10","17","10","290","4","14.98","13.8","15.8"
"30004","375","2015","10","17","11","290","4","16.73","16.1","17.2"
"30004","375","2015","10","17","12","290","4","18","17.5","18.5"
"30004","375","2015","10","17","13","290","4","18.62","18.5","18.7"
"30004","375","2015","10","17","14","290","4","18.93","18.8","19"
"30004","375","2015","10","17","15","290","4","18.62","18.4","18.7"
"30004","375","2015","10","17","16","290","4","17.65","17","18.2"
"30004","375","2015","10","17","17","290","4","15.65","14.8","16.4"
"30004","375","2015","10","17","18","290","4","13.18","12.2","14.1"
"30004","375","2015","10","17","19","290","4","10.9","10.3","11.6"
"30004","375","2015","10","17","20","290","4","10.38","10.2","10.6"
"30004","375","2015","10","17","21","290","4","9.9","9.7","10.3"
"30004","375","2015","10","17","22","290","4","9.95","9.9","10"
"30004","375","2015","10","17","23","290","4","8.38","7.3","9.6"
"30004","375","2015","10","18","0","291","4","6.47","6.2","6.8"
"30004","375","2015","10","18","1","291","4","5.22","4.7","5.8"
"30004","375","2015","10","18","2","291","4","4","3.7","4.4"
"30004","375","2015","10","18","3","291","4","3.23","3","3.5"
"30004","375","2015","10","18","4","291","4","2.7","2.5","2.9"
"30004","375","2015","10","18","5","291","4","2.33","2.2","2.4"
"30004","375","2015","10","18","6","291","4","2","1.9","2.1"
"30004","375","2015","10","18","7","291","4","2.2","1.9","2.7"
"30004","375","2015","10","18","8","291","4","5.82","3.5","8.2"
"30004","375","2015","10","18","9","291","4","9.72","9","10.1"
"30004","375","2015","10","18","10","291","4","11.95","11","12.6"
"30004","375","2015","10","18","11","291","4","12.95","12","13.6"
"30004","375","2015","10","18","12","291","4","14.25","13.7","14.7"
"30004","375","2015","10","18","13","291","4","15.07","14.5","15.8"
"30004","375","2015","10","18","14","291","4","15.95","15.8","16.1"
"30004","375","2015","10","18","15","291","4","16.65","16.4","17.1"
"30004","375","2015","10","18","16","291","4","17.15","17","17.2"
"30004","375","2015","10","18","17","291","4","14.85","13.8","15.8"
"30004","375","2015","10","18","18","291","4","11.68","10.4","13"
"30004","375","2015","10","18","19","291","4","9.12","8.4","9.9"
"30004","375","2015","10","18","20","291","4","7.5","7","8.1"
"30004","375","2015","10","18","21","291","4","6.45","6.1","6.8"
"30004","375","2015","10","18","22","291","4","5.62","5.4","5.9"
"30004","375","2015","10","18","23","291","4","5.1","5","5.3"
"30004","375","2015","10","19","0","292","4","5.03","4.9","5.2"
"30004","375","2015","10","19","1","292","4","5.2","5","5.3"
"30004","375","2015","10","19","2","292","4","4.88","4.8","5"
"30004","375","2015","10","19","3","292","4","5.62","5.3","5.8"
"30004","375","2015","10","19","4","292","4","5.28","4.3","6.1"
"30004","375","2015","10","19","5","292","4","4.42","4.3","4.5"
"30004","375","2015","10","19","6","292","4","5.2","4.7","5.5"
"30004","375","2015","10","19","7","292","4","5.85","5.5","6.3"
"30004","375","2015","10","19","8","292","4","7.65","6.6","8.6"
"30004","375","2015","10","19","9","292","4","9.65","8.9","10.4"
"30004","375","2015","10","19","10","292","4","12.18","11.2","13"
"30004","375","2015","10","19","11","292","4","13.62","13.4","14"
"30004","375","2015","10","19","12","292","4","14.4","14.1","14.9"
"30004","375","2015","10","19","13","292","4","15.08","14.8","15.3"
"30004","375","2015","10","19","14","292","4","15.28","15.1","15.5"
"30004","375","2015","10","19","15","292","4","15.8","15.6","16.2"
"30004","375","2015","10","19","16","292","4","16.27","15.7","16.7"
"30004","375","2015","10","19","17","292","4","13.25","12","14.6"
"30004","375","2015","10","19","18","292","4","10.15","9.3","11.1"
"30004","375","2015","10","19","19","292","4","8.43","8","8.9"
"30004","375","2015","10","19","20","292","4","7.53","7.3","7.8"
"30004","375","2015","10","19","21","292","4","6.92","6.8","7.1"
"30004","375","2015","10","19","22","292","4","6.6","6.5","6.7"
"30004","375","2015","10","19","23","292","4","6.1","5.8","6.4"
"30004","375","2015","10","20","0","293","4","5.22","5","5.5"
"30004","375","2015","10","20","1","293","4","4.62","4.3","4.9"
"30004","375","2015","10","20","2","293","4","4","3.8","4.1"
"30004","375","2015","10","20","3","293","4","3.52","3.4","3.7"
"30004","375","2015","10","20","4","293","4","3.25","2.9","3.5"
"30004","375","2015","10","20","5","293","4","2.55","2.4","2.7"
"30004","375","2015","10","20","6","293","4","2.32","2.3","2.4"
"30004","375","2015","10","20","7","293","4","2.58","2.3","3"
"30004","375","2015","10","20","8","293","4","4.83","3.4","6.4"
"30004","375","2015","10","20","9","293","4","7.97","7","9.1"
"30004","375","2015","10","20","10","293","4","12.9","10.8","14.7"
"30004","375","2015","10","20","11","293","4","15.7","15.5","16"
"30004","375","2015","10","20","12","293","4","16.85","16.3","17.2"
"30004","375","2015","10","20","13","293","4","18.15","18.1","18.3"
"30004","375","2015","10","20","14","293","4","18.4","18.2","18.5"
"30004","375","2015","10","20","15","293","4","19","18.7","19.6"
"30004","375","2015","10","20","16","293","4","19.7","19.1","20"
"30004","375","2015","10","20","17","293","4","15.38","13.8","17.3"
"30004","375","2015","10","20","18","293","4","12.2","11.4","13.1"
"30004","375","2015","10","20","19","293","4","10.45","9.9","11"
"30004","375","2015","10","20","20","293","4","9.1","8.7","9.5"
"30004","375","2015","10","20","21","293","4","8.2","7.8","8.6"
"30004","375","2015","10","20","22","293","4","7.38","7.1","7.6"
"30004","375","2015","10","20","23","293","4","6.8","6.6","7"
"30004","375","2015","10","21","0","294","4","6.1","5.9","6.3"
"30004","375","2015","10","21","1","294","4","5.6","5.4","5.8"
"30004","375","2015","10","21","2","294","4","5.1","5","5.3"
"30004","375","2015","10","21","3","294","4","5.15","4.9","5.6"
"30004","375","2015","10","21","4","294","4","4.9","4.8","5"
"30004","375","2015","10","21","5","294","4","4.47","4.4","4.6"
"30004","375","2015","10","21","6","294","4","4.17","4.1","4.3"
"30004","375","2015","10","21","7","294","4","4.38","4.1","4.8"
"30004","375","2015","10","21","8","294","4","6.45","5.3","7.8"
"30004","375","2015","10","21","9","294","4","10.15","9","11.3"
"30004","375","2015","10","21","10","294","4","14.82","12.4","17.4"
"30004","375","2015","10","21","11","294","4","18.75","18.1","19.6"
"30004","375","2015","10","21","12","294","4","20.35","19.8","20.9"
"30004","375","2015","10","21","13","294","4","20.93","20.8","21"
"30004","375","2015","10","21","14","294","4","21.38","21.1","21.7"
"30004","375","2015","10","21","15","294","4","22","21.8","22.4"
"30004","375","2015","10","21","16","294","4","23.07","22.8","23.3"
"30004","375","2015","10","21","17","294","4","17.93","16.4","19.7"
"30004","375","2015","10","21","18","294","4","14.75","13.9","15.7"
"30004","375","2015","10","21","19","294","4","12.82","12.2","13.5"
"30004","375","2015","10","21","20","294","4","11.45","11","11.9"
"30004","375","2015","10","21","21","294","4","10.45","10.1","10.8"
"30004","375","2015","10","21","22","294","4","9.8","9.6","10"
"30004","375","2015","10","21","23","294","4","9.2","9.1","9.4"
"30004","375","2015","10","22","0","295","4","8.78","8.6","8.9"
"30004","375","2015","10","22","1","295","4","8.47","8.4","8.6"
"30004","375","2015","10","22","2","295","4","8.22","8.2","8.3"
"30004","375","2015","10","22","3","295","4","8.1","8","8.2"
"30004","375","2015","10","22","4","295","4","7.8","7.6","8"
"30004","375","2015","10","22","5","295","4","7.42","7.3","7.5"
"30004","375","2015","10","22","6","295","4","7.25","7.2","7.3"
"30004","375","2015","10","22","7","295","4","7.47","7.3","7.8"
"30004","375","2015","10","22","8","295","4","9.65","8.4","10.8"
"30004","375","2015","10","22","9","295","4","13.88","11.7","16.5"
"30004","375","2015","10","22","10","295","4","19.62","18","21"
"30004","375","2015","10","22","11","295","4","21.88","21.2","22.4"
"30004","375","2015","10","22","12","295","4","22.95","22.6","23.1"
"30004","375","2015","10","22","13","295","4","23.25","22.7","24"
"30004","375","2015","10","22","14","295","4","22.48","22.1","22.7"
"30004","375","2015","10","22","15","295","4","23.45","23","23.8"
"30004","375","2015","10","22","16","295","4","24.52","23.4","25.1"
"30004","375","2015","10","22","17","295","4","19.62","18.4","21.1"
"30004","375","2015","10","22","18","295","4","16.88","16.1","17.7"
"30004","375","2015","10","22","19","295","4","15.25","14.8","15.7"
"30004","375","2015","10","22","20","295","4","14.15","13.9","14.5"
"30004","375","2015","10","22","21","295","4","13.38","13.1","13.6"
"30004","375","2015","10","22","22","295","4","12.7","12.5","12.9"
"30004","375","2015","10","22","23","295","4","12.15","11.9","12.4"
"30004","375","2015","10","23","0","296","4","11.62","11.4","11.8"
"30004","375","2015","10","23","1","296","4","11.07","10.9","11.3"
"30004","375","2015","10","23","2","296","4","10.65","10.5","10.8"
"30004","375","2015","10","23","3","296","4","10.22","10.1","10.4"
"30004","375","2015","10","23","4","296","4","9.9","9.7","10.1"
"30004","375","2015","10","23","5","296","4","9.55","9.4","9.7"
"30004","375","2015","10","23","6","296","4","9.4","9.4","9.4"
"30004","375","2015","10","23","7","296","4","9.65","9.5","9.9"
"30004","375","2015","10","23","8","296","4","11.53","10.4","12.9"
"30004","375","2015","10","23","9","296","4","15.4","14.1","17.1"
"30004","375","2015","10","23","10","296","4","20.65","19.1","22.1"
"30004","375","2015","10","23","11","296","4","22.85","22.4","23.5"
"30004","375","2015","10","23","12","296","4","23.42","23.2","23.9"
"30004","375","2015","10","23","13","296","4","24.07","23.9","24.2"
"30004","375","2015","10","23","14","296","4","24.05","24","24.2"
"30004","375","2015","10","23","15","296","4","24.38","24.2","24.5"
"30004","375","2015","10","23","16","296","4","25.05","23.7","26.1"
"30004","375","2015","10","23","17","296","4","20.73","19.4","22.2"
"30004","375","2015","10","23","18","296","4","17.75","17","18.6"
"30004","375","2015","10","23","19","296","4","16.05","15.6","16.5"
"30004","375","2015","10","23","20","296","4","15","14.7","15.3"
"30004","375","2015","10","23","21","296","4","14.25","14","14.5"
"30004","375","2015","10","23","22","296","4","13.68","13.4","13.9"
"30004","375","2015","10","23","23","296","4","13.03","12.8","13.3"
"30004","375","2015","10","24","0","297","4","12.53","12.4","12.7"
"30004","375","2015","10","24","1","297","4","12.03","11.9","12.2"
"30004","375","2015","10","24","2","297","4","11.65","11.5","11.8"
"30004","375","2015","10","24","3","297","4","11.4","11.3","11.5"
"30004","375","2015","10","24","4","297","4","11.25","11.2","11.4"
"30004","375","2015","10","24","5","297","4","11.38","11.3","11.4"
"30004","375","2015","10","24","6","297","4","11.25","11.2","11.4"
"30004","375","2015","10","24","7","297","4","11.95","11.5","12.4"
"30004","375","2015","10","24","8","297","4","13.38","12.7","14.2"
"30004","375","2015","10","24","9","297","4","16.5","15.1","18"
"30004","375","2015","10","24","10","297","4","19.48","18.7","20.3"
"30004","375","2015","10","24","11","297","4","21.07","20.5","21.5"
"30004","375","2015","10","24","12","297","4","21.98","21.6","22.3"
"30004","375","2015","10","24","13","297","4","22.05","21.8","22.3"
"30004","375","2015","10","24","14","297","4","22.15","22","22.3"
"30004","375","2015","10","24","15","297","4","22.25","22.2","22.4"
"30004","375","2015","10","24","16","297","4","22.1","22","22.2"
"30004","375","2015","10","24","17","297","4","20.25","19","21.5"
"30004","375","2015","10","24","18","297","4","17.88","17.4","18.5"
"30004","375","2015","10","24","19","297","4","17.48","17.4","17.5"
"30004","375","2015","10","24","20","297","4","17.6","17.5","17.7"
"30004","375","2015","10","24","21","297","4","17.02","16.6","17.3"
"30004","375","2015","10","24","22","297","4","15.88","15.6","16.2"
"30004","375","2015","10","24","23","297","4","14.97","14.6","15.4"
"30004","375","2015","10","25","0","298","4","14.97","14.6","15.3"
"30004","375","2015","10","25","1","298","4","15.05","14.9","15.2"
"30004","375","2015","10","25","2","298","4","14.93","14.8","15.1"
"30004","375","2015","10","25","3","298","4","15.32","15.2","15.4"
"30004","375","2015","10","25","4","298","4","15.5","15.4","15.6"
"30004","375","2015","10","25","5","298","4","15.55","15.5","15.6"
"30004","375","2015","10","25","6","298","4","15.65","15.6","15.7"
"30004","375","2015","10","25","7","298","4","15.88","15.8","16"
"30004","375","2015","10","25","8","298","4","16.6","16.2","16.9"
"30004","375","2015","10","25","9","298","4","17.5","17.1","18"
"30004","375","2015","10","25","10","298","4","18.88","18.4","19.4"
"30004","375","2015","10","25","11","298","4","19.85","19.7","20"
"30004","375","2015","10","25","12","298","4","20.52","20.3","20.8"
"30004","375","2015","10","25","13","298","4","21.25","21.2","21.4"
"30004","375","2015","10","25","14","298","4","21","20.8","21.2"
"30004","375","2015","10","25","15","298","4","20.98","20.9","21"
"30004","375","2015","10","25","16","298","4","20.77","20.5","20.9"
"30004","375","2015","10","25","17","298","4","19.45","18.8","20.1"
"30004","375","2015","10","25","18","298","4","18.1","17.8","18.4"
"30004","375","2015","10","25","19","298","4","17.5","17.3","17.7"
"30004","375","2015","10","25","20","298","4","17.25","17.1","17.3"
"30004","375","2015","10","25","21","298","4","16.93","16.8","17"
"30004","375","2015","10","25","22","298","4","16.8","16.8","16.8"
"30004","375","2015","10","25","23","298","4","17.12","16.8","17.4"
"30004","375","2015","10","26","0","299","4","17.57","17.3","17.9"
"30004","375","2015","10","26","1","299","4","17.62","17.3","17.8"
"30004","375","2015","10","26","2","299","4","17.23","17.1","17.4"
"30004","375","2015","10","26","3","299","4","17.27","17.2","17.4"
"30004","375","2015","10","26","4","299","4","17.25","17.2","17.3"
"30004","375","2015","10","26","5","299","4","17.2","17.2","17.2"
"30004","375","2015","10","26","6","299","4","17.23","17.2","17.3"
"30004","375","2015","10","26","7","299","4","17.25","17.2","17.3"
"30004","375","2015","10","26","8","299","4","16.65","16.2","17.1"
"30004","375","2015","10","26","9","299","4","15.72","15.4","16"
"30004","375","2015","10","26","10","299","4","14.78","14.5","15"
"30004","375","2015","10","26","11","299","4","14.28","14.2","14.4"
"30004","375","2015","10","26","12","299","4","14.35","14.3","14.4"
"30004","375","2015","10","26","13","299","4","14.32","14.2","14.4"
"30004","375","2015","10","26","14","299","4","13.7","13.5","14"
"30004","375","2015","10","26","15","299","4","12.8","12.2","13.3"
"30004","375","2015","10","26","16","299","4","11.8","11.5","12.1"
"30004","375","2015","10","26","17","299","4","10.85","10.6","11.2"
"30004","375","2015","10","26","18","299","4","10.62","10.6","10.7"
"30004","375","2015","10","26","19","299","4","10.8","10.7","10.9"
"30004","375","2015","10","26","20","299","4","10.62","10.4","10.8"
"30004","375","2015","10","26","21","299","4","10.18","10.1","10.3"
"30004","375","2015","10","26","22","299","4","9.97","9.9","10"
"30004","375","2015","10","26","23","299","4","9.72","9.6","9.9"
"30004","375","2015","10","27","0","300","4","9.32","9.2","9.5"
"30004","375","2015","10","27","1","300","4","9.2","9.2","9.2"
"30004","375","2015","10","27","2","300","4","9.12","9.1","9.2"
"30004","375","2015","10","27","3","300","4","9","9","9"
"30004","375","2015","10","27","4","300","4","9.07","9","9.1"
"30004","375","2015","10","27","5","300","4","9.05","9","9.1"
"30004","375","2015","10","27","6","300","4","9.22","9.2","9.3"
"30004","375","2015","10","27","7","300","4","9.25","9.2","9.3"
"30004","375","2015","10","27","8","300","4","9.47","9.4","9.6"
"30004","375","2015","10","27","9","300","4","9.78","9.7","9.9"
"30004","375","2015","10","27","10","300","4","10.38","10.2","10.5"
"30004","375","2015","10","27","11","300","4","10.62","10.6","10.7"
"30004","375","2015","10","27","12","300","4","10.88","10.7","11.1"
"30004","375","2015","10","27","13","300","4","11.3","11.2","11.4"
"30004","375","2015","10","27","14","300","4","11.38","11.3","11.4"
"30004","375","2015","10","27","15","300","4","11.4","11.4","11.4"
"30004","375","2015","10","27","16","300","4","11.4","11.4","11.4"
"30004","375","2015","10","27","17","300","4","11.43","11.4","11.5"
"30004","375","2015","10","27","18","300","4","11.33","11.3","11.4"
"30004","375","2015","10","27","19","300","4","11.3","11.3","11.3"
"30004","375","2015","10","27","20","300","4","11.33","11.3","11.4"
"30004","375","2015","10","27","21","300","4","11.4","11.4","11.4"
"30004","375","2015","10","27","22","300","4","11.47","11.4","11.5"
"30004","375","2015","10","27","23","300","4","11.65","11.6","11.7"
"30004","375","2015","10","28","0","301","4","11.85","11.8","11.9"
"30004","375","2015","10","28","1","301","4","11.9","11.9","11.9"
"30004","375","2015","10","28","2","301","4","12.03","11.9","12.1"
"30004","375","2015","10","28","3","301","4","12.28","12.2","12.4"
"30004","375","2015","10","28","4","301","4","12.6","12.5","12.7"
"30004","375","2015","10","28","5","301","4","12.9","12.8","13"
"30004","375","2015","10","28","6","301","4","13.25","13.1","13.4"
"30004","375","2015","10","28","7","301","4","13.7","13.5","13.9"
"30004","375","2015","10","28","8","301","4","14.57","14.1","15.3"
"30004","375","2015","10","28","9","301","4","16.3","15.9","16.8"
"30004","375","2015","10","28","10","301","4","17.52","17.2","18.1"
"30004","375","2015","10","28","11","301","4","18.88","18.6","19"
"30004","375","2015","10","28","12","301","4","19.27","19.1","19.7"
"30004","375","2015","10","28","13","301","4","20.7","20.1","21.5"
"30004","375","2015","10","28","14","301","4","22.27","22.1","22.4"
"30004","375","2015","10","28","15","301","4","22.7","22.6","22.8"
"30004","375","2015","10","28","16","301","4","22.05","21.4","22.5"
"30004","375","2015","10","28","17","301","4","20.35","19.4","21.2"
"30004","375","2015","10","28","18","301","4","17.25","16.2","18.4"
"30004","375","2015","10","28","19","301","4","15.47","15.1","15.9"
"30004","375","2015","10","28","20","301","4","14.55","14.2","14.9"
"30004","375","2015","10","28","21","301","4","13.85","13.6","14.1"
"30004","375","2015","10","28","22","301","4","13.3","13.1","13.5"
"30004","375","2015","10","28","23","301","4","12.72","12.5","12.9"
"30004","375","2015","10","29","0","302","4","12.45","12.4","12.5"
"30004","375","2015","10","29","1","302","4","12.25","12.2","12.4"
"30004","375","2015","10","29","2","302","4","11.85","11.7","12"
"30004","375","2015","10","29","3","302","4","11.5","11.3","11.7"
"30004","375","2015","10","29","4","302","4","10.88","10.7","11.1"
"30004","375","2015","10","29","5","302","4","10.75","10.6","11"
"30004","375","2015","10","29","6","302","4","11.38","11.1","11.7"
"30004","375","2015","10","29","7","302","4","12.4","11.9","12.9"
"30004","375","2015","10","29","8","302","4","14.15","13.4","15.1"
"30004","375","2015","10","29","9","302","4","15.82","15.7","16"
"30004","375","2015","10","29","10","302","4","16.57","16.2","16.8"
"30004","375","2015","10","29","11","302","4","17.25","16.9","17.6"
"30004","375","2015","10","29","12","302","4","17.52","17.4","17.8"
"30004","375","2015","10","29","13","302","4","18.32","17.8","18.7"
"30004","375","2015","10","29","14","302","4","18.95","18.7","19.1"
"30004","375","2015","10","29","15","302","4","19.1","19","19.2"
"30004","375","2015","10","29","16","302","4","19.1","18.5","19.5"
"30004","375","2015","10","29","17","302","4","17.12","15.9","18.1"
"30004","375","2015","10","29","18","302","4","14.05","13.3","15"
"30004","375","2015","10","29","19","302","4","12.5","12.1","12.9"
"30004","375","2015","10","29","20","302","4","11.57","11.3","11.9"
"30004","375","2015","10","29","21","302","4","10.82","10.6","11.1"
"30004","375","2015","10","29","22","302","4","10.12","9.9","10.4"
"30004","375","2015","10","29","23","302","4","9.4","9.1","9.7"
"30004","375","2015","10","30","0","303","4","8.75","8.5","9"
"30004","375","2015","10","30","1","303","4","8.15","7.9","8.4"
"30004","375","2015","10","30","2","303","4","7.95","7.9","8"
"30004","375","2015","10","30","3","303","4","7.75","7.6","7.9"
"30004","375","2015","10","30","4","303","4","7.25","7.1","7.4"
"30004","375","2015","10","30","5","303","4","6.67","6.4","6.9"
"30004","375","2015","10","30","6","303","4","6.03","5.9","6.2"
"30004","375","2015","10","30","7","303","4","5.9","5.7","6.2"
"30004","375","2015","10","30","8","303","4","7.53","6.7","8.5"
"30004","375","2015","10","30","9","303","4","10.1","9.3","11.2"
"30004","375","2015","10","30","10","303","4","12.72","11.7","13.7"
"30004","375","2015","10","30","11","303","4","15.78","14.7","16.6"
"30004","375","2015","10","30","12","303","4","17.45","16.9","18"
"30004","375","2015","10","30","13","303","4","18.48","18.2","18.6"
"30004","375","2015","10","30","14","303","4","18.38","18.1","18.6"
"30004","375","2015","10","30","15","303","4","18.5","18.4","18.6"
"30004","375","2015","10","30","16","303","4","18.07","16.8","18.8"
"30004","375","2015","10","30","17","303","4","15","13.6","16.2"
"30004","375","2015","10","30","18","303","4","11.82","11","12.8"
"30004","375","2015","10","30","19","303","4","10.15","9.7","10.6"
"30004","375","2015","10","30","20","303","4","9.15","8.9","9.4"
"30004","375","2015","10","30","21","303","4","8.5","8.2","8.8"
"30004","375","2015","10","30","22","303","4","8","7.9","8.1"
"30004","375","2015","10","30","23","303","4","7.55","7.3","7.7"
"30004","375","2015","10","31","0","304","4","6.92","6.7","7.2"
"30004","375","2015","10","31","1","304","4","6.75","6.7","6.9"
"30004","375","2015","10","31","2","304","4","7.38","7.1","7.6"
"30004","375","2015","10","31","3","304","4","8.32","8","8.7"
"30004","375","2015","10","31","4","304","4","8.77","8.7","9"
"30004","375","2015","10","31","5","304","4","9.2","8.8","9.9"
"30004","375","2015","10","31","6","304","4","11.03","10.6","11.4"
"30004","375","2015","10","31","7","304","4","11.38","11.3","11.4"
"30004","375","2015","10","31","8","304","4","11.82","11.6","12"
"30004","375","2015","10","31","9","304","4","12.12","12.1","12.2"
"30004","375","2015","10","31","10","304","4","12.35","12.2","12.6"
"30004","375","2015","10","31","11","304","4","13.7","13.6","13.8"
"30004","375","2015","10","31","12","304","4","14.3","14.1","14.4"
"30004","375","2015","10","31","13","304","4","14.55","14.5","14.6"
"30004","375","2015","10","31","14","304","4","14.47","14.4","14.6"
"30004","375","2015","10","31","15","304","4","14.6","14.6","14.6"
"30004","375","2015","10","31","16","304","4","14.5","14.3","14.7"
"30004","375","2015","10","31","17","304","4","14","13.8","14.2"
"30004","375","2015","10","31","18","304","4","13.53","13.4","13.7"
"30004","375","2015","10","31","19","304","4","13.12","13","13.2"
"30004","375","2015","10","31","20","304","4","13","12.9","13.1"
"30004","375","2015","10","31","21","304","4","13.12","13.1","13.2"
"30004","375","2015","10","31","22","304","4","12.85","12.7","13.1"
"30004","375","2015","10","31","23","304","4","12.32","12.2","12.5"
"30004","375","2015","11","1","0","305","4","12.1","12.1","12.1"
"30004","375","2015","11","1","1","305","4","12.1","12","12.3"
"30004","375","2015","11","1","2","305","4","12.65","12.6","12.7"
"30004","375","2015","11","1","3","305","4","12.88","12.8","12.9"
"30004","375","2015","11","1","4","305","4","13.5","13","14"
"30004","375","2015","11","1","5","305","4","14.1","14","14.2"
"30004","375","2015","11","1","6","305","4","14.22","14.2","14.3"
"30004","375","2015","11","1","7","305","4","14.47","14.4","14.6"
"30004","375","2015","11","1","8","305","4","14.7","14.6","14.8"
"30004","375","2015","11","1","9","305","4","15.15","14.8","15.4"
"30004","375","2015","11","1","10","305","4","15.78","15.5","16.1"
"30004","375","2015","11","1","11","305","4","16.48","16.4","16.6"
"30004","375","2015","11","1","12","305","4","16.7","16.7","16.7"
"30004","375","2015","11","1","13","305","4","16.68","16.6","16.7"
"30004","375","2015","11","1","14","305","4","16.7","16.7","16.7"
"30004","375","2015","11","1","15","305","4","16.75","16.7","16.8"
"30004","375","2015","11","1","16","305","4","16.65","16.6","16.7"
"30004","375","2015","11","1","17","305","4","16.45","16.4","16.5"
"30004","375","2015","11","1","18","305","4","16.25","16.2","16.3"
"30004","375","2015","11","1","19","305","4","16.18","16.1","16.2"
"30004","375","2015","11","1","20","305","4","16.23","16.2","16.3"
"30004","375","2015","11","1","21","305","4","16.2","16.2","16.2"
"30004","375","2015","11","1","22","305","4","16.27","16.2","16.3"
"30004","375","2015","11","1","23","305","4","16.45","16.4","16.5"
"30004","375","2015","11","2","0","306","4","16.55","16.5","16.6"
"30004","375","2015","11","2","1","306","4","16.48","16.4","16.6"
"30004","375","2015","11","2","2","306","4","16.4","16.3","16.5"
"30004","375","2015","11","2","3","306","4","16.62","16.5","16.8"
"30004","375","2015","11","2","4","306","4","16.65","16.6","16.7"
"30004","375","2015","11","2","5","306","4","16.55","16.5","16.6"
"30004","375","2015","11","2","6","306","4","16.68","16.6","16.8"
"30004","375","2015","11","2","7","306","4","16.75","16.7","16.8"
"30004","375","2015","11","2","8","306","4","16.77","16.7","16.8"
"30004","375","2015","11","2","9","306","4","16.95","16.8","17.1"
"30004","375","2015","11","2","10","306","4","17.23","17.1","17.3"
"30004","375","2015","11","2","11","306","4","17.32","17.3","17.4"
"30004","375","2015","11","2","12","306","4","17.55","17.5","17.6"
"30004","375","2015","11","2","13","306","4","17.88","17.8","18"
"30004","375","2015","11","2","14","306","4","18","18","18"
"30004","375","2015","11","2","15","306","4","18.07","18","18.2"
"30004","375","2015","11","2","16","306","4","18.15","18.1","18.2"
"30004","375","2015","11","2","17","306","4","17.73","17.6","17.9"
"30004","375","2015","11","2","18","306","4","17.55","17.5","17.6"
"30004","375","2015","11","2","19","306","4","17.4","17.3","17.5"
"30004","375","2015","11","2","20","306","4","17.3","17.3","17.3"
"30004","375","2015","11","2","21","306","4","17.23","17.2","17.3"
"30004","375","2015","11","2","22","306","4","17.2","17.2","17.2"
"30004","375","2015","11","2","23","306","4","17.2","17.2","17.2"
"30004","375","2015","11","3","0","307","4","17.2","17.2","17.2"
"30004","375","2015","11","3","1","307","4","17.2","17.2","17.2"
"30004","375","2015","11","3","2","307","4","17.15","17.1","17.2"
"30004","375","2015","11","3","3","307","4","17.1","17.1","17.1"
"30004","375","2015","11","3","4","307","4","17.08","17","17.1"
"30004","375","2015","11","3","5","307","4","17.05","17","17.1"
"30004","375","2015","11","3","6","307","4","16.95","16.9","17"
"30004","375","2015","11","3","7","307","4","16.7","16.6","16.8"
"30004","375","2015","11","3","8","307","4","16.68","16.6","16.8"
"30004","375","2015","11","3","9","307","4","16.82","16.8","16.9"
"30004","375","2015","11","3","10","307","4","17.23","17.1","17.3"
"30004","375","2015","11","3","11","307","4","17.25","17.1","17.4"
"30004","375","2015","11","3","12","307","4","17.55","17.4","17.7"
"30004","375","2015","11","3","13","307","4","17.43","17.2","17.8"
"30004","375","2015","11","3","14","307","4","17.55","17.5","17.6"
"30004","375","2015","11","3","15","307","4","17.42","17.4","17.5"
"30004","375","2015","11","3","16","307","4","17.5","17.5","17.5"
"30004","375","2015","11","3","17","307","4","17.3","17.1","17.4"
"30004","375","2015","11","3","18","307","4","17","17","17"
"30004","375","2015","11","3","19","307","4","17","17","17"
"30004","375","2015","11","3","20","307","4","16.95","16.9","17"
"30004","375","2015","11","3","21","307","4","16.9","16.9","16.9"
"30004","375","2015","11","3","22","307","4","16.92","16.9","17"
"30004","375","2015","11","3","23","307","4","16.82","16.8","16.9"
"30004","375","2015","11","4","0","308","4","16.7","16.6","16.8"
"30004","375","2015","11","4","1","308","4","16.68","16.6","16.7"
"30004","375","2015","11","4","2","308","4","16.65","16.6","16.7"
"30004","375","2015","11","4","3","308","4","16.48","16.4","16.5"
"30004","375","2015","11","4","4","308","4","16.3","16.3","16.3"
"30004","375","2015","11","4","5","308","4","16.35","16.3","16.4"
"30004","375","2015","11","4","6","308","4","16.5","16.5","16.5"
"30004","375","2015","11","4","7","308","4","16.52","16.5","16.6"
"30004","375","2015","11","4","8","308","4","16.77","16.6","16.9"
"30004","375","2015","11","4","9","308","4","17.23","17","17.4"
"30004","375","2015","11","4","10","308","4","17.65","17.5","17.8"
"30004","375","2015","11","4","11","308","4","18.12","18.1","18.2"
"30004","375","2015","11","4","12","308","4","18.57","18.3","18.8"
"30004","375","2015","11","4","13","308","4","18.75","18.7","18.8"
"30004","375","2015","11","4","14","308","4","18.65","18.6","18.7"
"30004","375","2015","11","4","15","308","4","18.4","18.3","18.5"
"30004","375","2015","11","4","16","308","4","18.07","17.9","18.3"
"30004","375","2015","11","4","17","308","4","17.62","17.5","17.8"
"30004","375","2015","11","4","18","308","4","17.3","17.2","17.4"
"30004","375","2015","11","4","19","308","4","17.15","17.1","17.2"
"30004","375","2015","11","4","20","308","4","16.98","16.9","17.1"
"30004","375","2015","11","4","21","308","4","16.82","16.8","16.9"
"30004","375","2015","11","4","22","308","4","16.68","16.6","16.8"
"30004","375","2015","11","4","23","308","4","16.55","16.5","16.6"
"30004","375","2015","11","5","0","309","4","16.42","16.4","16.5"
"30004","375","2015","11","5","1","309","4","16.38","16.3","16.4"
"30004","375","2015","11","5","2","309","4","16.23","16.2","16.3"
"30004","375","2015","11","5","3","309","4","16.02","16","16.1"
"30004","375","2015","11","5","4","309","4","15.93","15.9","16"
"30004","375","2015","11","5","5","309","4","15.9","15.9","15.9"
"30004","375","2015","11","5","6","309","4","15.9","15.9","15.9"
"30004","375","2015","11","5","7","309","4","15.9","15.9","15.9"
"30004","375","2015","11","5","8","309","4","15.98","15.9","16.1"
"30004","375","2015","11","5","9","309","4","16.32","16.3","16.4"
"30004","375","2015","11","5","10","309","4","16.68","16.5","16.8"
"30004","375","2015","11","5","11","309","4","16.77","16.7","16.8"
"30004","375","2015","11","5","12","309","4","16.95","16.9","17"
"30004","375","2015","11","5","13","309","4","17.02","17","17.1"
"30004","375","2015","11","5","14","309","4","17.07","17","17.2"
"30004","375","2015","11","5","15","309","4","17.18","17.1","17.2"
"30004","375","2015","11","5","16","309","4","17.25","17.2","17.3"
"30004","375","2015","11","5","17","309","4","17.18","17.1","17.2"
"30004","375","2015","11","5","18","309","4","17.02","17","17.1"
"30004","375","2015","11","5","19","309","4","16.95","16.9","17"
"30004","375","2015","11","5","20","309","4","16.9","16.9","16.9"
"30004","375","2015","11","5","21","309","4","16.92","16.9","17"
"30004","375","2015","11","5","22","309","4","17.05","17","17.1"
"30004","375","2015","11","5","23","309","4","17.1","17.1","17.1"
"30004","375","2015","11","6","0","310","4","17.2","17.2","17.2"
"30004","375","2015","11","6","1","310","4","17.3","17.3","17.3"
"30004","375","2015","11","6","2","310","4","17.4","17.3","17.5"
"30004","375","2015","11","6","3","310","4","17.5","17.5","17.5"
"30004","375","2015","11","6","4","310","4","17.58","17.5","17.6"
"30004","375","2015","11","6","5","310","4","17.65","17.6","17.7"
"30004","375","2015","11","6","6","310","4","17.7","17.7","17.7"
"30004","375","2015","11","6","7","310","4","17.82","17.7","18"
"30004","375","2015","11","6","8","310","4","18.43","18","18.9"
"30004","375","2015","11","6","9","310","4","19.93","19.5","20.2"
"30004","375","2015","11","6","10","310","4","20.98","20.4","21.5"
"30004","375","2015","11","6","11","310","4","21.6","21.5","21.7"
"30004","375","2015","11","6","12","310","4","22.12","21.9","22.3"
"30004","375","2015","11","6","13","310","4","21.95","21.8","22.1"
"30004","375","2015","11","6","14","310","4","22.73","22.4","22.9"
"30004","375","2015","11","6","15","310","4","22.88","22.7","23"
"30004","375","2015","11","6","16","310","4","22.73","22.4","23"
"30004","375","2015","11","6","17","310","4","21.35","20.7","22"
"30004","375","2015","11","6","18","310","4","20.32","20.2","20.5"
"30004","375","2015","11","6","19","310","4","19.7","19.4","20"
"30004","375","2015","11","6","20","310","4","19.2","19.1","19.3"
"30004","375","2015","11","6","21","310","4","19.3","19.2","19.4"
"30004","375","2015","11","6","22","310","4","19.43","19.3","19.6"
"30004","375","2015","11","6","23","310","4","19.9","19.8","20"
"30004","375","2015","11","7","0","311","4","19.85","19.8","19.9"
"30004","375","2015","11","7","1","311","4","19.75","19.7","19.8"
"30004","375","2015","11","7","2","311","4","19.58","19.5","19.6"
"30004","375","2015","11","7","3","311","4","19.5","19.5","19.5"
"30004","375","2015","11","7","4","311","4","19.38","19.3","19.4"
"30004","375","2015","11","7","5","311","4","19.12","18.6","19.3"
"30004","375","2015","11","7","6","311","4","17.6","17.1","18.1"
"30004","375","2015","11","7","7","311","4","17.23","17.1","17.3"
"30004","375","2015","11","7","8","311","4","17.45","17.3","17.6"
"30004","375","2015","11","7","9","311","4","17.8","17.7","17.9"
"30004","375","2015","11","7","10","311","4","17.93","17.8","18.1"
"30004","375","2015","11","7","11","311","4","18.3","18.2","18.4"
"30004","375","2015","11","7","12","311","4","18.8","18.6","19.2"
"30004","375","2015","11","7","13","311","4","19.23","19.1","19.3"
"30004","375","2015","11","7","14","311","4","18.77","18.5","19"
"30004","375","2015","11","7","15","311","4","18.18","18.1","18.2"
"30004","375","2015","11","7","16","311","4","18.12","18.1","18.2"
"30004","375","2015","11","7","17","311","4","17.73","17.5","18"
"30004","375","2015","11","7","18","311","4","16.68","16.1","17.2"
"30004","375","2015","11","7","19","311","4","15.68","15.4","15.9"
"30004","375","2015","11","7","20","311","4","14.95","14.6","15.2"
"30004","375","2015","11","7","21","311","4","14.07","13.9","14.3"
"30004","375","2015","11","7","22","311","4","13.4","13.1","13.7"
"30004","375","2015","11","7","23","311","4","12.62","12.1","13"
"30004","375","2015","11","8","0","312","4","11.65","11.6","11.8"
"30004","375","2015","11","8","1","312","4","11.45","11.4","11.5"
"30004","375","2015","11","8","2","312","4","11.47","11.4","11.5"
"30004","375","2015","11","8","3","312","4","11.57","11.5","11.6"
"30004","375","2015","11","8","4","312","4","11.5","11","12"
"30004","375","2015","11","8","5","312","4","10.78","10.6","10.9"
"30004","375","2015","11","8","6","312","4","10.28","10.1","10.4"
"30004","375","2015","11","8","7","312","4","9.75","9.7","9.8"
"30004","375","2015","11","8","8","312","4","9.8","9.8","9.8"
"30004","375","2015","11","8","9","312","4","9.72","9.6","9.9"
"30004","375","2015","11","8","10","312","4","10.15","9.9","10.4"
"30004","375","2015","11","8","11","312","4","10.22","10.2","10.3"
"30004","375","2015","11","8","12","312","4","10.28","10.1","10.4"
"30004","375","2015","11","8","13","312","4","9.8","9.8","9.8"
"30004","375","2015","11","8","14","312","4","9.47","9.1","9.9"
"30004","375","2015","11","8","15","312","4","9.07","8.9","9.2"
"30004","375","2015","11","8","16","312","4","8.4","8.1","8.8"
"30004","375","2015","11","8","17","312","4","7.88","7.8","8"
"30004","375","2015","11","8","18","312","4","7.58","7.5","7.7"
"30004","375","2015","11","8","19","312","4","7.43","7.4","7.5"
"30004","375","2015","11","8","20","312","4","7.47","7.4","7.5"
"30004","375","2015","11","8","21","312","4","7.57","7.5","7.6"
"30004","375","2015","11","8","22","312","4","7.47","7.4","7.6"
"30004","375","2015","11","8","23","312","4","7.47","7.4","7.5"
"30004","375","2015","11","9","0","313","4","7.28","6.9","7.5"
"30004","375","2015","11","9","1","313","4","6.78","6.7","6.8"
"30004","375","2015","11","9","2","313","4","6.62","6.5","6.7"
"30004","375","2015","11","9","3","313","4","6.43","6.4","6.5"
"30004","375","2015","11","9","4","313","4","6.4","6.4","6.4"
"30004","375","2015","11","9","5","313","4","6.65","6.5","6.8"
"30004","375","2015","11","9","6","313","4","6.9","6.8","7"
"30004","375","2015","11","9","7","313","4","7.12","7.1","7.2"
"30004","375","2015","11","9","8","313","4","7.35","7.2","7.5"
"30004","375","2015","11","9","9","313","4","7.83","7.6","8"
"30004","375","2015","11","9","10","313","4","8.43","8.2","8.7"
"30004","375","2015","11","9","11","313","4","9.07","8.9","9.3"
"30004","375","2015","11","9","12","313","4","9.32","9.2","9.5"
"30004","375","2015","11","9","13","313","4","9.72","9.6","9.8"
"30004","375","2015","11","9","14","313","4","10.2","9.9","10.4"
"30004","375","2015","11","9","15","313","4","10.32","10.2","10.4"
"30004","375","2015","11","9","16","313","4","10.57","10.5","10.6"
"30004","375","2015","11","9","17","313","4","10.7","10.6","10.8"
"30004","375","2015","11","9","18","313","4","10.83","10.8","10.9"
"30004","375","2015","11","9","19","313","4","10.88","10.8","10.9"
"30004","375","2015","11","9","20","313","4","10.8","10.8","10.8"
"30004","375","2015","11","9","21","313","4","10.8","10.8","10.8"
"30004","375","2015","11","9","22","313","4","10.95","10.9","11"
"30004","375","2015","11","9","23","313","4","11.03","11","11.1"
"30004","375","2015","11","10","0","314","4","10.93","10.8","11"
"30004","375","2015","11","10","1","314","4","10.78","10.7","10.9"
"30004","375","2015","11","10","2","314","4","10.97","10.9","11"
"30004","375","2015","11","10","3","314","4","11.12","11.1","11.2"
"30004","375","2015","11","10","4","314","4","11.2","11.2","11.2"
"30004","375","2015","11","10","5","314","4","11.05","11","11.1"
"30004","375","2015","11","10","6","314","4","10.93","10.9","11"
"30004","375","2015","11","10","7","314","4","11.07","10.9","11.3"
"30004","375","2015","11","10","8","314","4","11.62","11.4","11.9"
"30004","375","2015","11","10","9","314","4","12.18","12","12.3"
"30004","375","2015","11","10","10","314","4","13.18","12.6","13.7"
"30004","375","2015","11","10","11","314","4","14.72","14.2","15.1"
"30004","375","2015","11","10","12","314","4","16","15.4","16.7"
"30004","375","2015","11","10","13","314","4","17.12","16.9","17.5"
"30004","375","2015","11","10","14","314","4","17.57","17.5","17.7"
"30004","375","2015","11","10","15","314","4","17.65","17.6","17.7"
"30004","375","2015","11","10","16","314","4","17.07","16.6","17.5"
"30004","375","2015","11","10","17","314","4","14.9","13.6","16.1"
"30004","375","2015","11","10","18","314","4","12.05","11.4","12.8"
"30004","375","2015","11","10","19","314","4","10.45","10","10.9"
"30004","375","2015","11","10","20","314","4","9.47","9.2","9.8"
"30004","375","2015","11","10","21","314","4","8.8","8.6","9"
"30004","375","2015","11","10","22","314","4","8.2","8.1","8.4"
"30004","375","2015","11","10","23","314","4","7.67","7.4","7.9"
"30004","375","2015","11","11","0","315","4","7.22","7.1","7.3"
"30004","375","2015","11","11","1","315","4","6.95","6.8","7.1"
"30004","375","2015","11","11","2","315","4","6.35","6.2","6.6"
"30004","375","2015","11","11","3","315","4","5.88","5.7","6.1"
"30004","375","2015","11","11","4","315","4","5.42","5.2","5.6"
"30004","375","2015","11","11","5","315","4","5.08","5","5.2"
"30004","375","2015","11","11","6","315","4","4.75","4.6","4.9"
"30004","375","2015","11","11","7","315","4","4.8","4.6","5.1"
"30004","375","2015","11","11","8","315","4","6.53","5.5","7.8"
"30004","375","2015","11","11","9","315","4","9.8","8.5","11.5"
"30004","375","2015","11","11","10","315","4","14.7","12.7","16.7"
"30004","375","2015","11","11","11","315","4","18.2","17.4","19"
"30004","375","2015","11","11","12","315","4","20.2","19.5","21.1"
"30004","375","2015","11","11","13","315","4","21.38","21.2","21.5"
"30004","375","2015","11","11","14","315","4","21.88","21.8","21.9"
"30004","375","2015","11","11","15","315","4","22","21.8","22.1"
"30004","375","2015","11","11","16","315","4","20.7","19.2","21.6"
"30004","375","2015","11","11","17","315","4","16.62","15.4","18"
"30004","375","2015","11","11","18","315","4","13.97","13.4","14.6"
"30004","375","2015","11","11","19","315","4","12.57","12.2","13"
"30004","375","2015","11","11","20","315","4","11.55","11.2","11.9"
"30004","375","2015","11","11","21","315","4","10.78","10.6","11"
"30004","375","2015","11","11","22","315","4","10.28","10","10.5"
"30004","375","2015","11","11","23","315","4","9.85","9.8","9.9"
"30004","375","2015","11","12","0","316","4","9.65","9.5","9.8"
"30004","375","2015","11","12","1","316","4","10","9.8","10.2"
"30004","375","2015","11","12","2","316","4","10.22","9.9","10.4"
"30004","375","2015","11","12","3","316","4","9.82","9.7","10.1"
"30004","375","2015","11","12","4","316","4","11.62","10.2","12.4"
"30004","375","2015","11","12","5","316","4","13.1","12.7","13.6"
"30004","375","2015","11","12","6","316","4","14.43","14.1","14.7"
"30004","375","2015","11","12","7","316","4","15.1","14.8","15.4"
"30004","375","2015","11","12","8","316","4","15.75","15.4","16.1"
"30004","375","2015","11","12","9","316","4","16.15","16","16.3"
"30004","375","2015","11","12","10","316","4","16.45","16.1","16.7"
"30004","375","2015","11","12","11","316","4","17.18","16.7","17.7"
"30004","375","2015","11","12","12","316","4","18.02","17.8","18.2"
"30004","375","2015","11","12","13","316","4","18.8","18.6","18.9"
"30004","375","2015","11","12","14","316","4","19.6","19.1","20.1"
"30004","375","2015","11","12","15","316","4","20.1","20","20.2"
"30004","375","2015","11","12","16","316","4","19.48","19.1","19.8"
"30004","375","2015","11","12","17","316","4","17.77","16.8","18.7"
"30004","375","2015","11","12","18","316","4","15.75","15.5","16.3"
"30004","375","2015","11","12","19","316","4","14.55","14","15"
"30004","375","2015","11","12","20","316","4","12.9","12.6","13.4"
"30004","375","2015","11","12","21","316","4","12.35","12","12.7"
"30004","375","2015","11","12","22","316","4","11.5","10.9","12"
"30004","375","2015","11","12","23","316","4","9.88","9.3","10.6"
"30004","375","2015","11","13","0","317","4","9.65","9.1","10.1"
"30004","375","2015","11","13","1","317","4","10.07","9.8","10.4"
"30004","375","2015","11","13","2","317","4","9.53","9.1","9.8"
"30004","375","2015","11","13","3","317","4","8.8","8.7","8.9"
"30004","375","2015","11","13","4","317","4","8.28","8.2","8.4"
"30004","375","2015","11","13","5","317","4","7.7","7.5","7.9"
"30004","375","2015","11","13","6","317","4","7.57","7.3","7.8"
"30004","375","2015","11","13","7","317","4","7.8","7.6","8.1"
"30004","375","2015","11","13","8","317","4","9.1","8.6","9.6"
"30004","375","2015","11","13","9","317","4","10.45","9.9","10.9"
"30004","375","2015","11","13","10","317","4","11.95","11.1","12.7"
"30004","375","2015","11","13","11","317","4","13.95","13.4","14.3"
"30004","375","2015","11","13","12","317","4","14.72","14.4","15"
"30004","375","2015","11","13","13","317","4","14.95","14.9","15"
"30004","375","2015","11","13","14","317","4","14.93","14.9","15"
"30004","375","2015","11","13","15","317","4","14.93","14.6","15.2"
"30004","375","2015","11","13","16","317","4","14.2","13.9","14.4"
"30004","375","2015","11","13","17","317","4","12.7","11.7","13.6"
"30004","375","2015","11","13","18","317","4","10.62","10.2","10.9"
"30004","375","2015","11","13","19","317","4","9.55","8.3","10.3"
"30004","375","2015","11","13","20","317","4","6.97","6.6","7.6"
"30004","375","2015","11","13","21","317","4","6.03","5.6","6.5"
"30004","375","2015","11","13","22","317","4","5.15","4.9","5.5"
"30004","375","2015","11","13","23","317","4","4.7","4.6","4.8"
"30004","375","2015","11","14","0","318","4","4.22","4.1","4.4"
"30004","375","2015","11","14","1","318","4","3.52","3.1","4"
"30004","375","2015","11","14","2","318","4","2.12","1.6","2.7"
"30004","375","2015","11","14","3","318","4","1.07","0.7","1.4"
"30004","375","2015","11","14","4","318","4","0.15","-0.2","0.5"
"30004","375","2015","11","14","5","318","4","-0.68","-0.9","-0.4"
"30004","375","2015","11","14","6","318","4","-1.25","-1.4","-1.1"
"30004","375","2015","11","14","7","318","4","-1.35","-1.4","-1.3"
"30004","375","2015","11","14","8","318","4","0.48","-0.9","1.9"
"30004","375","2015","11","14","9","318","4","7.2","5","8.6"
"30004","375","2015","11","14","10","318","4","9.9","9.1","10.6"
"30004","375","2015","11","14","11","318","4","11.75","10.9","12.6"
"30004","375","2015","11","14","12","318","4","13.4","13","13.8"
"30004","375","2015","11","14","13","318","4","14.4","14.2","14.6"
"30004","375","2015","11","14","14","318","4","15.18","14.9","15.3"
"30004","375","2015","11","14","15","318","4","15.35","15.3","15.5"
"30004","375","2015","11","14","16","318","4","14.9","14.3","15.4"
"30004","375","2015","11","14","17","318","4","12.18","10.6","13.6"
"30004","375","2015","11","14","18","318","4","8.68","7.8","9.7"
"30004","375","2015","11","14","19","318","4","6.92","6.5","7.4"
"30004","375","2015","11","14","20","318","4","5.4","4.9","6"
"30004","375","2015","11","14","21","318","4","4.03","3.5","4.5"
"30004","375","2015","11","14","22","318","4","3.02","2.8","3.3"
"30004","375","2015","11","14","23","318","4","2.48","2.2","2.8"
"30004","375","2015","11","15","0","319","4","1.62","1.3","2"
"30004","375","2015","11","15","1","319","4","1.03","0.9","1.1"
"30004","375","2015","11","15","2","319","4","0.57","0.4","0.8"
"30004","375","2015","11","15","3","319","4","0.28","0.2","0.3"
"30004","375","2015","11","15","4","319","4","-0.22","-0.4","-0.1"
"30004","375","2015","11","15","5","319","4","-0.38","-0.4","-0.3"
"30004","375","2015","11","15","6","319","4","0.05","-0.3","0.4"
"30004","375","2015","11","15","7","319","4","0.32","0.2","0.4"
"30004","375","2015","11","15","8","319","4","2.17","0.9","3.5"
"30004","375","2015","11","15","9","319","4","5.6","4.3","6.9"
"30004","375","2015","11","15","10","319","4","9.05","7.7","10.8"
"30004","375","2015","11","15","11","319","4","12.47","11.8","13.1"
"30004","375","2015","11","15","12","319","4","13.85","13.6","14"
"30004","375","2015","11","15","13","319","4","13.62","13.4","13.9"
"30004","375","2015","11","15","14","319","4","13.62","13.2","13.9"
"30004","375","2015","11","15","15","319","4","13.15","13","13.3"
"30004","375","2015","11","15","16","319","4","12.57","12.1","13"
"30004","375","2015","11","15","17","319","4","10.85","10.1","11.6"
"30004","375","2015","11","15","18","319","4","9.32","9","9.7"
"30004","375","2015","11","15","19","319","4","8.55","8.2","8.8"
"30004","375","2015","11","15","20","319","4","7.78","7.6","7.9"
"30004","375","2015","11","15","21","319","4","6.32","5.6","7.1"
"30004","375","2015","11","15","22","319","4","5.05","4.8","5.3"
"30004","375","2015","11","15","23","319","4","4.03","3.5","4.5"
"30004","375","2015","11","16","0","320","4","2.95","2.8","3.2"
"30004","375","2015","11","16","1","320","4","2.4","2.2","2.5"
"30004","375","2015","11","16","2","320","4","2.08","2","2.1"
"30004","375","2015","11","16","3","320","4","1.9","1.7","2"
"30004","375","2015","11","16","4","320","4","1.65","1.6","1.7"
"30004","375","2015","11","16","5","320","4","1.82","1.7","2"
"30004","375","2015","11","16","6","320","4","2.18","2.1","2.2"
"30004","375","2015","11","16","7","320","4","2.42","2.2","2.7"
"30004","375","2015","11","16","8","320","4","4.47","3.3","5.5"
"30004","375","2015","11","16","9","320","4","7.62","6.6","9"
"30004","375","2015","11","16","10","320","4","12.1","10.8","12.9"
"30004","375","2015","11","16","11","320","4","14.28","13.3","15.2"
"30004","375","2015","11","16","12","320","4","16.1","15.7","16.5"
"30004","375","2015","11","16","13","320","4","16.73","16.6","16.8"
"30004","375","2015","11","16","14","320","4","17.15","17.1","17.3"
"30004","375","2015","11","16","15","320","4","17.27","17.2","17.4"
"30004","375","2015","11","16","16","320","4","16.65","16","17.1"
"30004","375","2015","11","16","17","320","4","14.4","13.4","15.3"
"30004","375","2015","11","16","18","320","4","12.2","11.7","12.8"
"30004","375","2015","11","16","19","320","4","11.07","10.8","11.4"
"30004","375","2015","11","16","20","320","4","10.7","10.6","10.8"
"30004","375","2015","11","16","21","320","4","10.65","10.6","10.8"
"30004","375","2015","11","16","22","320","4","10.2","9.7","10.7"
"30004","375","2015","11","16","23","320","4","10.07","9.9","10.2"
"30004","375","2015","11","17","0","321","4","9.98","9.8","10.3"
"30004","375","2015","11","17","1","321","4","9.97","9.7","10.4"
"30004","375","2015","11","17","2","321","4","11.12","9.9","12"
"30004","375","2015","11","17","3","321","4","11.95","11.9","12"
"30004","375","2015","11","17","4","321","4","12.2","12.1","12.3"
"30004","375","2015","11","17","5","321","4","12.35","12.3","12.4"
"30004","375","2015","11","17","6","321","4","12.2","12.1","12.3"
"30004","375","2015","11","17","7","321","4","12.28","12.1","12.4"
"30004","375","2015","11","17","8","321","4","12.8","12.5","13.2"
"30004","375","2015","11","17","9","321","4","13.97","13.3","14.5"
"30004","375","2015","11","17","10","321","4","15.27","14.7","15.7"
"30004","375","2015","11","17","11","321","4","17.05","16.4","18"
"30004","375","2015","11","17","12","321","4","18.43","18","18.9"
"30004","375","2015","11","17","13","321","4","19.18","19.1","19.2"
"30004","375","2015","11","17","14","321","4","19.25","19.2","19.3"
"30004","375","2015","11","17","15","321","4","18.73","18.4","19"
"30004","375","2015","11","17","16","321","4","17.52","17.1","18"
"30004","375","2015","11","17","17","321","4","16.62","16.4","16.8"
"30004","375","2015","11","17","18","321","4","16.05","15.9","16.2"
"30004","375","2015","11","17","19","321","4","15.83","15.8","15.9"
"30004","375","2015","11","17","20","321","4","15.85","15.8","15.9"
"30004","375","2015","11","17","21","321","4","15.6","15.3","15.8"
"30004","375","2015","11","17","22","321","4","14.97","14.8","15.2"
"30004","375","2015","11","17","23","321","4","14.25","13.9","14.7"
"30004","375","2015","11","18","0","322","4","12.55","12.1","13.2"
"30004","375","2015","11","18","1","322","4","11.47","11.3","11.7"
"30004","375","2015","11","18","2","322","4","11.12","11","11.3"
"30004","375","2015","11","18","3","322","4","10.8","10.6","10.9"
"30004","375","2015","11","18","4","322","4","10.55","10.5","10.6"
"30004","375","2015","11","18","5","322","4","10.88","10.7","11"
"30004","375","2015","11","18","6","322","4","11.07","11","11.1"
"30004","375","2015","11","18","7","322","4","11.35","11.2","11.5"
"30004","375","2015","11","18","8","322","4","11.7","11.4","12"
"30004","375","2015","11","18","9","322","4","12.32","12.1","12.6"
"30004","375","2015","11","18","10","322","4","13.43","12.9","13.9"
"30004","375","2015","11","18","11","322","4","15.18","14.3","15.9"
"30004","375","2015","11","18","12","322","4","16.35","16.1","16.6"
"30004","375","2015","11","18","13","322","4","17.27","16.9","17.7"
"30004","375","2015","11","18","14","322","4","18.4","18","18.8"
"30004","375","2015","11","18","15","322","4","19.05","18.9","19.2"
"30004","375","2015","11","18","16","322","4","19.25","19.2","19.3"
"30004","375","2015","11","18","17","322","4","18.02","16.6","19.2"
"30004","375","2015","11","18","18","322","4","16.43","16.3","16.5"
"30004","375","2015","11","18","19","322","4","16.35","16.2","16.6"
"30004","375","2015","11","18","20","322","4","16.7","16.7","16.7"
"30004","375","2015","11","18","21","322","4","16.77","16.7","16.8"
"30004","375","2015","11","18","22","322","4","16.8","16.8","16.8"
"30004","375","2015","11","18","23","322","4","16.73","16.7","16.8"
"30004","375","2015","11","19","0","323","4","16.65","16.6","16.7"
"30004","375","2015","11","19","1","323","4","16.62","16.5","16.8"
"30004","375","2015","11","19","2","323","4","16.57","16.4","16.7"
"30004","375","2015","11","19","3","323","4","15.5","15.2","16"
"30004","375","2015","11","19","4","323","4","14.88","14.5","15.3"
"30004","375","2015","11","19","5","323","4","14.55","14.1","14.8"
"30004","375","2015","11","19","6","323","4","12.88","12.1","13.6"
"30004","375","2015","11","19","7","323","4","11.15","10.8","11.6"
"30004","375","2015","11","19","8","323","4","11.35","10.8","11.9"
"30004","375","2015","11","19","9","323","4","13.22","12.3","14.1"
"30004","375","2015","11","19","10","323","4","15.42","14.7","16.2"
"30004","375","2015","11","19","11","323","4","17.1","16.7","17.4"
"30004","375","2015","11","19","12","323","4","18.1","17.8","18.5"
"30004","375","2015","11","19","13","323","4","19.02","18.9","19.2"
"30004","375","2015","11","19","14","323","4","19.43","19.3","19.5"
"30004","375","2015","11","19","15","323","4","19.52","19.5","19.6"
"30004","375","2015","11","19","16","323","4","18.75","18.1","19.3"
"30004","375","2015","11","19","17","323","4","16","14.3","17.5"
"30004","375","2015","11","19","18","323","4","12.97","12.5","13.4"
"30004","375","2015","11","19","19","323","4","11.22","10.7","11.9"
"30004","375","2015","11","19","20","323","4","9.72","9.2","10.3"
"30004","375","2015","11","19","21","323","4","8.62","8.3","9"
"30004","375","2015","11","19","22","323","4","7.85","7.6","8.1"
"30004","375","2015","11","19","23","323","4","7.17","6.9","7.4"
"30004","375","2015","11","20","0","324","4","6.58","6.4","6.8"
"30004","375","2015","11","20","1","324","4","6.15","6","6.3"
"30004","375","2015","11","20","2","324","4","5.83","5.7","5.9"
"30004","375","2015","11","20","3","324","4","5.33","5.2","5.5"
"30004","375","2015","11","20","4","324","4","4.9","4.8","5.1"
"30004","375","2015","11","20","5","324","4","4.62","4.5","4.7"
"30004","375","2015","11","20","6","324","4","4.28","4.1","4.5"
"30004","375","2015","11","20","7","324","4","3.9","3.8","4"
"30004","375","2015","11","20","8","324","4","4.95","4.2","5.9"
"30004","375","2015","11","20","9","324","4","8.6","6.7","10.2"
"30004","375","2015","11","20","10","324","4","12.22","11","13.4"
"30004","375","2015","11","20","11","324","4","15.03","14.4","15.7"
"30004","375","2015","11","20","12","324","4","16.85","16.2","17.2"
"30004","375","2015","11","20","13","324","4","17.7","17.5","17.9"
"30004","375","2015","11","20","14","324","4","18.32","18.1","18.5"
"30004","375","2015","11","20","15","324","4","18.35","18.3","18.4"
"30004","375","2015","11","20","16","324","4","17.35","16","18.2"
"30004","375","2015","11","20","17","324","4","13.47","12.2","14.9"
"30004","375","2015","11","20","18","324","4","10.85","10.2","11.6"
"30004","375","2015","11","20","19","324","4","9.35","8.9","9.8"
"30004","375","2015","11","20","20","324","4","8.3","7.9","8.6"
"30004","375","2015","11","20","21","324","4","7.28","7","7.6"
"30004","375","2015","11","20","22","324","4","7.03","6.8","7.3"
"30004","375","2015","11","20","23","324","4","7.8","7.4","8.4"
"30004","375","2015","11","21","0","325","4","9.72","9.3","10"
"30004","375","2015","11","21","1","325","4","9.35","9.2","9.7"
"30004","375","2015","11","21","2","325","4","8.6","8.3","9.1"
"30004","375","2015","11","21","3","325","4","7.92","7.8","8.1"
"30004","375","2015","11","21","4","325","4","7.8","7.6","7.9"
"30004","375","2015","11","21","5","325","4","7.5","7.2","7.8"
"30004","375","2015","11","21","6","325","4","6.83","6.5","7.2"
"30004","375","2015","11","21","7","325","4","6.88","6.7","7.1"
"30004","375","2015","11","21","8","325","4","7.9","7.3","8.5"
"30004","375","2015","11","21","9","325","4","9.58","8.9","10.3"
"30004","375","2015","11","21","10","325","4","11.12","10.7","11.5"
"30004","375","2015","11","21","11","325","4","11.78","11.7","11.9"
"30004","375","2015","11","21","12","325","4","11.97","11.9","12.1"
"30004","375","2015","11","21","13","325","4","12.12","12.1","12.2"
"30004","375","2015","11","21","14","325","4","12.2","12.2","12.2"
"30004","375","2015","11","21","15","325","4","12.25","12.2","12.4"
"30004","375","2015","11","21","16","325","4","12.05","11.9","12.2"
"30004","375","2015","11","21","17","325","4","11.65","11.5","11.8"
"30004","375","2015","11","21","18","325","4","11.35","11.3","11.4"
"30004","375","2015","11","21","19","325","4","10.62","9.9","11.2"
"30004","375","2015","11","21","20","325","4","9.2","9","9.5"
"30004","375","2015","11","21","21","325","4","9.15","9.1","9.2"
"30004","375","2015","11","21","22","325","4","9.4","9.3","9.5"
"30004","375","2015","11","21","23","325","4","9.78","9.5","10"
"30004","375","2015","11","22","0","326","4","9.7","9.4","10.1"
"30004","375","2015","11","22","1","326","4","9.05","8.8","9.3"
"30004","375","2015","11","22","2","326","4","8.25","7.8","8.6"
"30004","375","2015","11","22","3","326","4","6.55","5.8","7.4"
"30004","375","2015","11","22","4","326","4","5.1","4.6","5.5"
"30004","375","2015","11","22","5","326","4","3.7","3.2","4.2"
"30004","375","2015","11","22","6","326","4","2.38","1.8","2.9"
"30004","375","2015","11","22","7","326","4","1.2","1","1.5"
"30004","375","2015","11","22","8","326","4","1.3","1","1.6"
"30004","375","2015","11","22","9","326","4","2.73","2","3.5"
"30004","375","2015","11","22","10","326","4","4.6","3.9","5.1"
"30004","375","2015","11","22","11","326","4","6.08","5.4","6.8"
"30004","375","2015","11","22","12","326","4","7.58","7","8.1"
"30004","375","2015","11","22","13","326","4","7.95","7.8","8.2"
"30004","375","2015","11","22","14","326","4","7.38","7.3","7.5"
"30004","375","2015","11","22","15","326","4","7.12","7","7.3"
"30004","375","2015","11","22","16","326","4","6.4","5.9","6.8"
"30004","375","2015","11","22","17","326","4","5.1","4.7","5.6"
"30004","375","2015","11","22","18","326","4","4.33","4.1","4.5"
"30004","375","2015","11","22","19","326","4","3.67","3.3","4"
"30004","375","2015","11","22","20","326","4","2.73","2.6","3"
"30004","375","2015","11","22","21","326","4","2.25","1.8","2.6"
"30004","375","2015","11","22","22","326","4","1.52","1.4","1.6"
"30004","375","2015","11","22","23","326","4","0.78","0.4","1.3"
"30004","375","2015","11","23","0","327","4","-0.3","-0.6","0.2"
"30004","375","2015","11","23","1","327","4","-1.38","-1.8","-0.8"
"30004","375","2015","11","23","2","327","4","-2.33","-2.5","-2.1"
"30004","375","2015","11","23","3","327","4","-1.62","-2","-1.3"
"30004","375","2015","11","23","4","327","4","-1.25","-1.4","-1.1"
"30004","375","2015","11","23","5","327","4","-1.4","-1.6","-1.2"
"30004","375","2015","11","23","6","327","4","-2.1","-2.5","-1.8"
"30004","375","2015","11","23","7","327","4","-2.85","-2.9","-2.8"
"30004","375","2015","11","23","8","327","4","-1.12","-2.4","0.2"
"30004","375","2015","11","23","9","327","4","2","1","3"
"30004","375","2015","11","23","10","327","4","4.8","3.8","5.8"
"30004","375","2015","11","23","11","327","4","6.83","6.3","7.5"
"30004","375","2015","11","23","12","327","4","8.2","7.5","8.8"
"30004","375","2015","11","23","13","327","4","9.5","9.1","9.9"
"30004","375","2015","11","23","14","327","4","10.05","9.9","10.1"
"30004","375","2015","11","23","15","327","4","10.12","9.9","10.3"
"30004","375","2015","11","23","16","327","4","9.57","9.3","9.9"
"30004","375","2015","11","23","17","327","4","7.6","6.1","8.9"
"30004","375","2015","11","23","18","327","4","4.45","3.7","5.3"
"30004","375","2015","11","23","19","327","4","2.8","2.4","3.3"
"30004","375","2015","11","23","20","327","4","1.88","1.6","2.2"
"30004","375","2015","11","23","21","327","4","1.07","0.7","1.5"
"30004","375","2015","11","23","22","327","4","0.15","-0.1","0.4"
"30004","375","2015","11","23","23","327","4","-0.55","-0.8","-0.3"
"30004","375","2015","11","24","0","328","4","-1.32","-1.5","-1.1"
"30004","375","2015","11","24","1","328","4","-1.68","-1.7","-1.6"
"30004","375","2015","11","24","2","328","4","-1.8","-1.8","-1.8"
"30004","375","2015","11","24","3","328","4","-1.98","-2","-1.9"
"30004","375","2015","11","24","4","328","4","-2.1","-2.2","-2"
"30004","375","2015","11","24","5","328","4","-2.38","-2.5","-2.2"
"30004","375","2015","11","24","6","328","4","-2.68","-2.7","-2.6"
"30004","375","2015","11","24","7","328","4","-2.58","-2.7","-2.4"
"30004","375","2015","11","24","8","328","4","-1.3","-2.2","-0.2"
"30004","375","2015","11","24","9","328","4","2.85","0.8","4.9"
"30004","375","2015","11","24","10","328","4","8.4","6.4","9.6"
"30004","375","2015","11","24","11","328","4","10.45","10","10.9"
"30004","375","2015","11","24","12","328","4","11.4","11.2","11.6"
"30004","375","2015","11","24","13","328","4","12.05","11.7","12.3"
"30004","375","2015","11","24","14","328","4","12.9","12.5","13.1"
"30004","375","2015","11","24","15","328","4","13.18","12.9","13.5"
"30004","375","2015","11","24","16","328","4","12.78","12.3","13.2"
"30004","375","2015","11","24","17","328","4","10.3","8.7","11.8"
"30004","375","2015","11","24","18","328","4","7.15","6.4","8"
"30004","375","2015","11","24","19","328","4","5.78","5.4","6.2"
"30004","375","2015","11","24","20","328","4","5.03","4.7","5.4"
"30004","375","2015","11","24","21","328","4","4.25","4","4.5"
"30004","375","2015","11","24","22","328","4","3.62","3.5","3.8"
"30004","375","2015","11","24","23","328","4","3.27","3.2","3.4"
"30004","375","2015","11","25","0","329","4","3.12","3","3.2"
"30004","375","2015","11","25","1","329","4","3.02","2.9","3.1"
"30004","375","2015","11","25","2","329","4","2.55","2.3","2.8"
"30004","375","2015","11","25","3","329","4","1.95","1.8","2.1"
"30004","375","2015","11","25","4","329","4","1.25","0.9","1.6"
"30004","375","2015","11","25","5","329","4","0.72","0.7","0.8"
"30004","375","2015","11","25","6","329","4","1.25","0.8","1.8"
"30004","375","2015","11","25","7","329","4","3.33","2.3","4.1"
"30004","375","2015","11","25","8","329","4","5.45","4.8","6"
"30004","375","2015","11","25","9","329","4","7.12","6.4","7.8"
"30004","375","2015","11","25","10","329","4","8.6","8.1","9.1"
"30004","375","2015","11","25","11","329","4","10.15","9.6","10.6"
"30004","375","2015","11","25","12","329","4","11.97","11.1","12.6"
"30004","375","2015","11","25","13","329","4","13.32","13.2","13.5"
"30004","375","2015","11","25","14","329","4","13.65","13.5","13.8"
"30004","375","2015","11","25","15","329","4","14.05","13.9","14.2"
"30004","375","2015","11","25","16","329","4","14.07","13.8","14.3"
"30004","375","2015","11","25","17","329","4","12.97","12.4","13.6"
"30004","375","2015","11","25","18","329","4","11.6","11.1","12.1"
"30004","375","2015","11","25","19","329","4","10.8","10.7","10.9"
"30004","375","2015","11","25","20","329","4","10.4","10.3","10.6"
"30004","375","2015","11","25","21","329","4","9.93","9.7","10.2"
"30004","375","2015","11","25","22","329","4","9.45","9.3","9.6"
"30004","375","2015","11","25","23","329","4","8.97","8.8","9.2"
"30004","375","2015","11","26","0","330","4","8.62","8.6","8.7"
"30004","375","2015","11","26","1","330","4","8.47","8.2","8.7"
"30004","375","2015","11","26","2","330","4","7.72","7.4","8"
"30004","375","2015","11","26","3","330","4","7.28","7.2","7.4"
"30004","375","2015","11","26","4","330","4","6.92","6.7","7.2"
"30004","375","2015","11","26","5","330","4","6.72","6.6","6.8"
"30004","375","2015","11","26","6","330","4","6.88","6.8","6.9"
"30004","375","2015","11","26","7","330","4","6.92","6.8","7.2"
"30004","375","2015","11","26","8","330","4","8.25","7.5","9.1"
"30004","375","2015","11","26","9","330","4","10.55","9.6","11.5"
"30004","375","2015","11","26","10","330","4","12.93","12.1","13.8"
"30004","375","2015","11","26","11","330","4","15.1","14.4","15.8"
"30004","375","2015","11","26","12","330","4","17.3","16.5","17.8"
"30004","375","2015","11","26","13","330","4","18.88","18.5","19.2"
"30004","375","2015","11","26","14","330","4","19.35","19.2","19.5"
"30004","375","2015","11","26","15","330","4","19","18.8","19.2"
"30004","375","2015","11","26","16","330","4","18.38","18","18.7"
"30004","375","2015","11","26","17","330","4","17.1","16.6","17.6"
"30004","375","2015","11","26","18","330","4","16","15.8","16.1"
"30004","375","2015","11","26","19","330","4","15.5","14.9","16"
"30004","375","2015","11","26","20","330","4","14.18","14","14.6"
"30004","375","2015","11","26","21","330","4","14.72","14.4","14.9"
"30004","375","2015","11","26","22","330","4","14.18","14","14.4"
"30004","375","2015","11","26","23","330","4","13.7","13.5","13.9"
"30004","375","2015","11","27","0","331","4","12.95","12.6","13.3"
"30004","375","2015","11","27","1","331","4","11.88","11.7","12.2"
"30004","375","2015","11","27","2","331","4","11.5","11.4","11.6"
"30004","375","2015","11","27","3","331","4","10.93","10.8","11.1"
"30004","375","2015","11","27","4","331","4","10.95","10.9","11"
"30004","375","2015","11","27","5","331","4","10.47","10.1","10.8"
"30004","375","2015","11","27","6","331","4","9.62","9.5","9.7"
"30004","375","2015","11","27","7","331","4","9.65","9.5","9.8"
"30004","375","2015","11","27","8","331","4","10.82","9.8","11.9"
"30004","375","2015","11","27","9","331","4","13.5","12.5","14.5"
"30004","375","2015","11","27","10","331","4","15.85","15.2","16.6"
"30004","375","2015","11","27","11","331","4","17.9","17","18.8"
"30004","375","2015","11","27","12","331","4","19.68","19.1","20.3"
"30004","375","2015","11","27","13","331","4","20.82","20.5","21.4"
"30004","375","2015","11","27","14","331","4","21.43","21.1","21.7"
"30004","375","2015","11","27","15","331","4","20.88","20.7","21"
"30004","375","2015","11","27","16","331","4","20.27","20","20.4"
"30004","375","2015","11","27","17","331","4","18.6","17.8","19.4"
"30004","375","2015","11","27","18","331","4","15.68","14.7","16.8"
"30004","375","2015","11","27","19","331","4","13.62","13","14.3"
"30004","375","2015","11","27","20","331","4","12.35","11.9","12.7"
"30004","375","2015","11","27","21","331","4","11.43","11.1","11.7"
"30004","375","2015","11","27","22","331","4","10.72","10.6","10.9"
"30004","375","2015","11","27","23","331","4","10.62","10.6","10.7"
"30004","375","2015","11","28","0","332","4","10.5","10.3","10.7"
"30004","375","2015","11","28","1","332","4","10.07","10","10.2"
"30004","375","2015","11","28","2","332","4","9.7","9.6","9.8"
"30004","375","2015","11","28","3","332","4","9.22","8.9","9.6"
"30004","375","2015","11","28","4","332","4","8.62","8.4","8.9"
"30004","375","2015","11","28","5","332","4","8.12","7.9","8.2"
"30004","375","2015","11","28","6","332","4","7.6","7.4","7.8"
"30004","375","2015","11","28","7","332","4","7.5","7.3","7.8"
"30004","375","2015","11","28","8","332","4","9.5","8.5","10.5"
"30004","375","2015","11","28","9","332","4","12.72","11.6","13.6"
"30004","375","2015","11","28","10","332","4","15.57","14.6","16.6"
"30004","375","2015","11","28","11","332","4","17.82","17.2","18.6"
"30004","375","2015","11","28","12","332","4","20.18","19.6","21"
"30004","375","2015","11","28","13","332","4","20.7","20.5","20.8"
"30004","375","2015","11","28","14","332","4","21.05","20.5","21.6"
"30004","375","2015","11","28","15","332","4","20.73","20.4","21.1"
"30004","375","2015","11","28","16","332","4","19.62","19.2","19.9"
"30004","375","2015","11","28","17","332","4","17.43","16.2","18.5"
"30004","375","2015","11","28","18","332","4","14.78","14.2","15.5"
"30004","375","2015","11","28","19","332","4","13.82","13.6","14"
"30004","375","2015","11","28","20","332","4","12.93","12.5","13.3"
"30004","375","2015","11","28","21","332","4","12.05","11.8","12.3"
"30004","375","2015","11","28","22","332","4","11.43","11.4","11.5"
"30004","375","2015","11","28","23","332","4","11.55","11.4","11.7"
"30004","375","2015","11","29","0","333","4","11.72","11.7","11.8"
"30004","375","2015","11","29","1","333","4","11.72","11.7","11.8"
"30004","375","2015","11","29","2","333","4","11.85","11.7","12"
"30004","375","2015","11","29","3","333","4","11.78","11.7","11.8"
"30004","375","2015","11","29","4","333","4","11.53","11.4","11.6"
"30004","375","2015","11","29","5","333","4","11","10.7","11.4"
"30004","375","2015","11","29","6","333","4","10.47","10.4","10.6"
"30004","375","2015","11","29","7","333","4","10.12","10.1","10.2"
"30004","375","2015","11","29","8","333","4","11.27","10.2","12.6"
"30004","375","2015","11","29","9","333","4","14.7","13.4","16.4"
"30004","375","2015","11","29","10","333","4","19.28","18.1","20.1"
"30004","375","2015","11","29","11","333","4","21.15","20.6","21.6"
"30004","375","2015","11","29","12","333","4","21.73","21.3","22.3"
"30004","375","2015","11","29","13","333","4","22.15","22","22.4"
"30004","375","2015","11","29","14","333","4","22.95","22.7","23.2"
"30004","375","2015","11","29","15","333","4","21.7","19.8","22.4"
"30004","375","2015","11","29","16","333","4","19.57","19.3","19.8"
"30004","375","2015","11","29","17","333","4","18.52","17.9","19"
"30004","375","2015","11","29","18","333","4","17.27","17","17.6"
"30004","375","2015","11","29","19","333","4","16.57","16.4","16.8"
"30004","375","2015","11","29","20","333","4","16.7","16.3","16.9"
"30004","375","2015","11","29","21","333","4","16.88","16.7","17"
"30004","375","2015","11","29","22","333","4","16.38","16.3","16.5"
"30004","375","2015","11","29","23","333","4","16.3","16.3","16.3"
"30004","375","2015","11","30","0","334","4","16.18","16.1","16.3"
"30004","375","2015","11","30","1","334","4","15.78","15.5","16.1"
"30004","375","2015","11","30","2","334","4","15.38","15.3","15.5"
"30004","375","2015","11","30","3","334","4","15.28","15.2","15.3"
"30004","375","2015","11","30","4","334","4","15.18","15.1","15.3"
"30004","375","2015","11","30","5","334","4","14.95","14.9","15"
"30004","375","2015","11","30","6","334","4","14.9","14.9","14.9"
"30004","375","2015","11","30","7","334","4","14.82","14.7","14.9"
"30004","375","2015","11","30","8","334","4","14.8","14.8","14.8"
"30004","375","2015","11","30","9","334","4","15.03","14.9","15.2"
"30004","375","2015","11","30","10","334","4","15.73","15.4","16.1"
"30004","375","2015","11","30","11","334","4","17","16.3","17.5"
"30004","375","2015","11","30","12","334","4","18.23","17.7","18.7"
"30004","375","2015","11","30","13","334","4","18.75","18.6","18.9"
"30004","375","2015","11","30","14","334","4","18.77","18.7","18.9"
"30004","375","2015","11","30","15","334","4","19.12","19","19.2"
"30004","375","2015","11","30","16","334","4","18.77","18.4","19"
"30004","375","2015","11","30","17","334","4","17.4","17","17.9"
"30004","375","2015","11","30","18","334","4","16.35","16","16.7"
"30004","375","2015","11","30","19","334","4","16","15.9","16.1"
"30004","375","2015","11","30","20","334","4","15.5","15.3","15.7"
"30004","375","2015","11","30","21","334","4","14.95","14.8","15.1"
"30004","375","2015","11","30","22","334","4","14.55","14.4","14.7"
"30004","375","2015","11","30","23","334","4","14.35","14.3","14.4"
"30004","375","2015","12","1","0","335","4","14.38","14.3","14.4"
"30004","375","2015","12","1","1","335","4","14.3","14.3","14.3"
"30004","375","2015","12","1","2","335","4","14.38","14.3","14.4"
"30004","375","2015","12","1","3","335","4","14.47","14.4","14.5"
"30004","375","2015","12","1","4","335","4","14.28","14.2","14.4"
"30004","375","2015","12","1","5","335","4","14.2","14.1","14.3"
"30004","375","2015","12","1","6","335","4","13.82","13.6","14"
"30004","375","2015","12","1","7","335","4","13.43","13.3","13.5"
"30004","375","2015","12","1","8","335","4","13.03","12.9","13.2"
"30004","375","2015","12","1","9","335","4","12.88","12.8","12.9"
"30004","375","2015","12","1","10","335","4","12.7","12.6","12.8"
"30004","375","2015","12","1","11","335","4","12.8","12.8","12.8"
"30004","375","2015","12","1","12","335","4","12.65","12.6","12.7"
"30004","375","2015","12","1","13","335","4","12.5","12.5","12.5"
"30004","375","2015","12","1","14","335","4","12.72","12.7","12.8"
"30004","375","2015","12","1","15","335","4","12.85","12.8","12.9"
"30004","375","2015","12","1","16","335","4","12.7","12.7","12.7"
"30004","375","2015","12","1","17","335","4","12.6","12.6","12.6"
"30004","375","2015","12","1","18","335","4","12.53","12.5","12.6"
"30004","375","2015","12","1","19","335","4","12.57","12.5","12.6"
"30004","375","2015","12","1","20","335","4","12.6","12.6","12.6"
"30004","375","2015","12","1","21","335","4","12.65","12.6","12.7"
"30004","375","2015","12","1","22","335","4","12.95","12.9","13.1"
"30004","375","2015","12","1","23","335","4","13.35","13.2","13.5"
"30004","375","2015","12","2","0","336","4","13.7","13.6","13.8"
"30004","375","2015","12","2","1","336","4","13.88","13.8","14.1"
"30004","375","2015","12","2","2","336","4","14.6","14.4","14.7"
"30004","375","2015","12","2","3","336","4","14.7","14.7","14.7"
"30004","375","2015","12","2","4","336","4","15.05","14.9","15.3"
"30004","375","2015","12","2","5","336","4","15.15","15.1","15.2"
"30004","375","2015","12","2","6","336","4","15.12","15.1","15.2"
"30004","375","2015","12","2","7","336","4","14.93","14.4","15.1"
"30004","375","2015","12","2","8","336","4","12.65","12.4","13.2"
"30004","375","2015","12","2","9","336","4","12.22","11.7","12.6"
"30004","375","2015","12","2","10","336","4","11.03","10.7","11.3"
"30004","375","2015","12","2","11","336","4","11","10.8","11.1"
"30004","375","2015","12","2","12","336","4","11.57","11.2","11.9"
"30004","375","2015","12","2","13","336","4","11.8","11.8","11.8"
"30004","375","2015","12","2","14","336","4","11.53","11.4","11.7"
"30004","375","2015","12","2","15","336","4","11.3","11.1","11.5"
"30004","375","2015","12","2","16","336","4","10.78","10.5","11.1"
"30004","375","2015","12","2","17","336","4","9.97","9.7","10.3"
"30004","375","2015","12","2","18","336","4","9.3","8.9","9.6"
"30004","375","2015","12","2","19","336","4","8.82","8.7","8.9"
"30004","375","2015","12","2","20","336","4","8.57","8.4","8.8"
"30004","375","2015","12","2","21","336","4","7.9","7.7","8.2"
"30004","375","2015","12","2","22","336","4","7.25","6.9","7.6"
"30004","375","2015","12","2","23","336","4","6.62","6.6","6.7"
"30004","375","2015","12","3","0","337","4","6.28","6.1","6.5"
"30004","375","2015","12","3","1","337","4","6.5","6.4","6.6"
"30004","375","2015","12","3","2","337","4","6.03","5.8","6.3"
"30004","375","2015","12","3","3","337","4","5.45","5.3","5.6"
"30004","375","2015","12","3","4","337","4","5","4.8","5.2"
"30004","375","2015","12","3","5","337","4","4.22","3.9","4.6"
"30004","375","2015","12","3","6","337","4","3.2","2.8","3.7"
"30004","375","2015","12","3","7","337","4","2.48","2.4","2.6"
"30004","375","2015","12","3","8","337","4","3.02","2.7","3.3"
"30004","375","2015","12","3","9","337","4","4.05","3.6","4.4"
"30004","375","2015","12","3","10","337","4","5.17","4.7","5.6"
"30004","375","2015","12","3","11","337","4","6.1","5.9","6.4"
"30004","375","2015","12","3","12","337","4","6.67","6.4","7"
"30004","375","2015","12","3","13","337","4","7.7","7.2","8.1"
"30004","375","2015","12","3","14","337","4","8.55","8.2","8.9"
"30004","375","2015","12","3","15","337","4","8.8","8.7","8.9"
"30004","375","2015","12","3","16","337","4","8.15","7.7","8.5"
"30004","375","2015","12","3","17","337","4","6.42","5.8","7.2"
"30004","375","2015","12","3","18","337","4","5.28","4.8","5.8"
"30004","375","2015","12","3","19","337","4","4.25","4","4.5"
"30004","375","2015","12","3","20","337","4","3.52","3.2","3.8"
"30004","375","2015","12","3","21","337","4","2.42","2","2.9"
"30004","375","2015","12","3","22","337","4","1.55","1.3","1.9"
"30004","375","2015","12","3","23","337","4","0.98","0.7","1.2"
"30004","375","2015","12","4","0","338","4","0.3","0.1","0.5"
"30004","375","2015","12","4","1","338","4","-0.12","-0.2","0"
"30004","375","2015","12","4","2","338","4","-0.52","-0.7","-0.4"
"30004","375","2015","12","4","3","338","4","-0.85","-1","-0.7"
"30004","375","2015","12","4","4","338","4","-1.32","-1.5","-1.1"
"30004","375","2015","12","4","5","338","4","-1.5","-1.5","-1.5"
"30004","375","2015","12","4","6","338","4","-1.5","-1.5","-1.5"
"30004","375","2015","12","4","7","338","4","-1.55","-1.6","-1.5"
"30004","375","2015","12","4","8","338","4","-0.02","-1.4","2"
"30004","375","2015","12","4","9","338","4","4.9","3.8","5.8"
"30004","375","2015","12","4","10","338","4","6.88","6.3","7.4"
"30004","375","2015","12","4","11","338","4","8.2","7.7","8.7"
"30004","375","2015","12","4","12","338","4","9.4","9","9.9"
"30004","375","2015","12","4","13","338","4","10.5","10.2","10.9"
"30004","375","2015","12","4","14","338","4","11.4","11.1","11.6"
"30004","375","2015","12","4","15","338","4","11.62","11.5","11.7"
"30004","375","2015","12","4","16","338","4","11.1","10.6","11.6"
"30004","375","2015","12","4","17","338","4","8.07","6.5","9.7"
"30004","375","2015","12","4","18","338","4","5.08","4.4","5.9"
"30004","375","2015","12","4","19","338","4","3.42","2.9","4"
"30004","375","2015","12","4","20","338","4","2.08","1.5","2.5"
"30004","375","2015","12","4","21","338","4","1.27","1.1","1.5"
"30004","375","2015","12","4","22","338","4","0.65","0.4","0.9"
"30004","375","2015","12","4","23","338","4","-0.02","-0.3","0.3"
"30004","375","2015","12","5","0","339","4","-0.68","-0.9","-0.4"
"30004","375","2015","12","5","1","339","4","-1.2","-1.4","-1"
"30004","375","2015","12","5","2","339","4","-1.58","-1.6","-1.5"
"30004","375","2015","12","5","3","339","4","-1.65","-1.7","-1.6"
"30004","375","2015","12","5","4","339","4","-1.6","-1.6","-1.6"
"30004","375","2015","12","5","5","339","4","-1.58","-1.6","-1.5"
"30004","375","2015","12","5","6","339","4","-1.58","-1.6","-1.5"
"30004","375","2015","12","5","7","339","4","-1.65","-1.8","-1.5"
"30004","375","2015","12","5","8","339","4","-0.57","-1.4","0.7"
"30004","375","2015","12","5","9","339","4","6.55","4.9","7.8"
"30004","375","2015","12","5","10","339","4","8.88","8.4","9.4"
"30004","375","2015","12","5","11","339","4","10.28","9.9","10.8"
"30004","375","2015","12","5","12","339","4","11.5","11","11.9"
"30004","375","2015","12","5","13","339","4","12.55","12.2","12.8"
"30004","375","2015","12","5","14","339","4","13.15","13","13.3"
"30004","375","2015","12","5","15","339","4","13.38","13.3","13.4"
"30004","375","2015","12","5","16","339","4","12.72","12.1","13.1"
"30004","375","2015","12","5","17","339","4","9.47","7.8","11.1"
"30004","375","2015","12","5","18","339","4","6.12","5.3","7"
"30004","375","2015","12","5","19","339","4","4.33","3.8","4.9"
"30004","375","2015","12","5","20","339","4","3.12","2.8","3.5"
"30004","375","2015","12","5","21","339","4","2.77","2.7","2.9"
"30004","375","2015","12","5","22","339","4","4.22","3.5","4.8"
"30004","375","2015","12","5","23","339","4","6.1","5.1","6.7"
"30004","375","2015","12","6","0","340","4","6.72","6.6","6.9"
"30004","375","2015","12","6","1","340","4","6.75","6.7","6.8"
"30004","375","2015","12","6","2","340","4","6.72","6.6","6.8"
"30004","375","2015","12","6","3","340","4","6.55","6.5","6.6"
"30004","375","2015","12","6","4","340","4","6.28","5.9","6.6"
"30004","375","2015","12","6","5","340","4","4.88","4.4","5.4"
"30004","375","2015","12","6","6","340","4","3.67","3.4","4.1"
"30004","375","2015","12","6","7","340","4","2.88","2.7","3.1"
"30004","375","2015","12","6","8","340","4","3.38","2.7","4.5"
"30004","375","2015","12","6","9","340","4","7.9","6.1","9.1"
"30004","375","2015","12","6","10","340","4","10.4","9.5","11.3"
"30004","375","2015","12","6","11","340","4","12.12","11.7","12.5"
"30004","375","2015","12","6","12","340","4","13.5","13","14.1"
"30004","375","2015","12","6","13","340","4","14.9","14.3","15.3"
"30004","375","2015","12","6","14","340","4","15.9","15.6","16.1"
"30004","375","2015","12","6","15","340","4","16","15.9","16.1"
"30004","375","2015","12","6","16","340","4","15.38","14.8","15.9"
"30004","375","2015","12","6","17","340","4","13.68","13.1","14.3"
"30004","375","2015","12","6","18","340","4","12.43","12.1","12.8"
"30004","375","2015","12","6","19","340","4","11.47","10.9","11.9"
"30004","375","2015","12","6","20","340","4","9.8","9.5","10.4"
"30004","375","2015","12","6","21","340","4","8.72","8.1","9.4"
"30004","375","2015","12","6","22","340","4","7.25","6.8","7.8"
"30004","375","2015","12","6","23","340","4","6.17","5.8","6.6"
"30004","375","2015","12","7","0","341","4","5.35","5.1","5.6"
"30004","375","2015","12","7","1","341","4","4.92","4.8","5.1"
"30004","375","2015","12","7","2","341","4","4.72","4.6","4.8"
"30004","375","2015","12","7","3","341","4","4.25","4","4.5"
"30004","375","2015","12","7","4","341","4","3.9","3.8","4.1"
"30004","375","2015","12","7","5","341","4","4.4","4.3","4.5"
"30004","375","2015","12","7","6","341","4","3.65","3.4","4"
"30004","375","2015","12","7","7","341","4","3.17","3.1","3.3"
"30004","375","2015","12","7","8","341","4","3.92","3.1","4.8"
"30004","375","2015","12","7","9","341","4","7.1","5.6","8.9"
"30004","375","2015","12","7","10","341","4","11.93","10.4","13.1"
"30004","375","2015","12","7","11","341","4","14.25","13.6","14.6"
"30004","375","2015","12","7","12","341","4","15.43","15.1","15.8"
"30004","375","2015","12","7","13","341","4","16.27","16.1","16.4"
"30004","375","2015","12","7","14","341","4","16.52","16.5","16.6"
"30004","375","2015","12","7","15","341","4","16.4","16.3","16.5"
"30004","375","2015","12","7","16","341","4","15.88","15.4","16.2"
"30004","375","2015","12","7","17","341","4","13.8","12.3","15"
"30004","375","2015","12","7","18","341","4","10.43","9.6","11.4"
"30004","375","2015","12","7","19","341","4","8.62","8.1","9.2"
"30004","375","2015","12","7","20","341","4","7.25","6.7","7.8"
"30004","375","2015","12","7","21","341","4","6.12","5.7","6.5"
"30004","375","2015","12","7","22","341","4","5.03","4.6","5.4"
"30004","375","2015","12","7","23","341","4","4.12","3.8","4.4"
"30004","375","2015","12","8","0","342","4","3.48","3.4","3.6"
"30004","375","2015","12","8","1","342","4","2.88","2.6","3.2"
"30004","375","2015","12","8","2","342","4","2.38","2.1","2.6"
"30004","375","2015","12","8","3","342","4","1.77","1.6","1.9"
"30004","375","2015","12","8","4","342","4","1.3","1.1","1.5"
"30004","375","2015","12","8","5","342","4","0.78","0.7","0.9"
"30004","375","2015","12","8","6","342","4","0.45","0.3","0.6"
"30004","375","2015","12","8","7","342","4","0.25","0.2","0.4"
"30004","375","2015","12","8","8","342","4","1.05","0.4","1.8"
"30004","375","2015","12","8","9","342","4","4.4","2.6","6.5"
"30004","375","2015","12","8","10","342","4","9.47","8.1","10.7"
"30004","375","2015","12","8","11","342","4","12.55","11.8","13.2"
"30004","375","2015","12","8","12","342","4","13.53","13","14.1"
"30004","375","2015","12","8","13","342","4","14.6","14.2","14.8"
"30004","375","2015","12","8","14","342","4","15.4","15","15.6"
"30004","375","2015","12","8","15","342","4","15.6","15.5","15.7"
"30004","375","2015","12","8","16","342","4","14.55","13.8","15.1"
"30004","375","2015","12","8","17","342","4","11.22","9.8","12.7"
"30004","375","2015","12","8","18","342","4","8.47","7.9","9.2"
"30004","375","2015","12","8","19","342","4","6.97","6.5","7.6"
"30004","375","2015","12","8","20","342","4","5.75","5.3","6.2"
"30004","375","2015","12","8","21","342","4","4.67","4.4","5.1"
"30004","375","2015","12","8","22","342","4","3.95","3.7","4.2"
"30004","375","2015","12","8","23","342","4","3.4","3.3","3.6"
"30004","375","2015","12","9","0","343","4","2.75","2.5","3.1"
"30004","375","2015","12","9","1","343","4","2.2","2","2.4"
"30004","375","2015","12","9","2","343","4","1.68","1.4","1.9"
"30004","375","2015","12","9","3","343","4","1.1","1","1.3"
"30004","375","2015","12","9","4","343","4","0.85","0.7","1"
"30004","375","2015","12","9","5","343","4","0.55","0.4","0.7"
"30004","375","2015","12","9","6","343","4","0.25","0.2","0.3"
"30004","375","2015","12","9","7","343","4","0.28","0.2","0.4"
"30004","375","2015","12","9","8","343","4","1","0.6","1.5"
"30004","375","2015","12","9","9","343","4","4.15","2.2","6.6"
"30004","375","2015","12","9","10","343","4","10.38","8.7","11.2"
"30004","375","2015","12","9","11","343","4","12.65","11.6","13.6"
"30004","375","2015","12","9","12","343","4","14.97","14.3","15.6"
"30004","375","2015","12","9","13","343","4","15.57","15.2","15.9"
"30004","375","2015","12","9","14","343","4","16.25","16.2","16.4"
"30004","375","2015","12","9","15","343","4","16.38","16.2","16.7"
"30004","375","2015","12","9","16","343","4","15.95","15.5","16.3"
"30004","375","2015","12","9","17","343","4","13.8","13","15"
"30004","375","2015","12","9","18","343","4","12.97","12.9","13"
"30004","375","2015","12","9","19","343","4","12.57","12.3","12.9"
"30004","375","2015","12","9","20","343","4","11.7","11.2","12.1"
"30004","375","2015","12","9","21","343","4","10.18","9.9","10.6"
"30004","375","2015","12","9","22","343","4","9.88","9.8","9.9"
"30004","375","2015","12","9","23","343","4","10.25","10.1","10.4"
"30004","375","2015","12","10","0","344","4","10.5","10.4","10.6"
"30004","375","2015","12","10","1","344","4","9.93","9.7","10.2"
"30004","375","2015","12","10","2","344","4","9.57","9.5","9.6"
"30004","375","2015","12","10","3","344","4","9","8.5","9.5"
"30004","375","2015","12","10","4","344","4","8.3","8.2","8.4"
"30004","375","2015","12","10","5","344","4","8.62","8.5","8.7"
"30004","375","2015","12","10","6","344","4","8.6","8.5","8.8"
"30004","375","2015","12","10","7","344","4","9.22","9","9.4"
"30004","375","2015","12","10","8","344","4","9.78","9.4","10.4"
"30004","375","2015","12","10","9","344","4","12.62","11.1","14"
"30004","375","2015","12","10","10","344","4","15.3","14.6","15.8"
"30004","375","2015","12","10","11","344","4","16.93","16.5","17.4"
"30004","375","2015","12","10","12","344","4","17.88","17.8","18"
"30004","375","2015","12","10","13","344","4","17.55","17.4","17.7"
"30004","375","2015","12","10","14","344","4","16.95","16.6","17.3"
"30004","375","2015","12","10","15","344","4","16.98","16.8","17.1"
"30004","375","2015","12","10","16","344","4","16.65","16.4","16.8"
"30004","375","2015","12","10","17","344","4","15.07","14.2","16"
"30004","375","2015","12","10","18","344","4","13.45","13","13.8"
"30004","375","2015","12","10","19","344","4","11.97","11.5","12.6"
"30004","375","2015","12","10","20","344","4","11.18","11.1","11.3"
"30004","375","2015","12","10","21","344","4","10.78","10.6","10.9"
"30004","375","2015","12","10","22","344","4","10.18","10","10.3"
"30004","375","2015","12","10","23","344","4","9.8","9.6","10"
"30004","375","2015","12","11","0","345","4","9.53","9.1","9.9"
"30004","375","2015","12","11","1","345","4","8.8","8.6","9"
"30004","375","2015","12","11","2","345","4","9.52","9.2","9.7"
"30004","375","2015","12","11","3","345","4","9.67","9.6","9.7"
"30004","375","2015","12","11","4","345","4","10.28","9.9","10.6"
"30004","375","2015","12","11","5","345","4","11.18","10.7","11.6"
"30004","375","2015","12","11","6","345","4","11.9","11.8","12.1"
"30004","375","2015","12","11","7","345","4","12.5","12.2","12.9"
"30004","375","2015","12","11","8","345","4","13.7","13.2","14.4"
"30004","375","2015","12","11","9","345","4","15.4","14.9","15.9"
"30004","375","2015","12","11","10","345","4","17.05","16.3","17.6"
"30004","375","2015","12","11","11","345","4","18.48","18","18.9"
"30004","375","2015","12","11","12","345","4","19.75","19.4","20.1"
"30004","375","2015","12","11","13","345","4","20.65","20.4","20.9"
"30004","375","2015","12","11","14","345","4","21.25","21.1","21.5"
"30004","375","2015","12","11","15","345","4","21.32","21","21.5"
"30004","375","2015","12","11","16","345","4","21.05","20.8","21.2"
"30004","375","2015","12","11","17","345","4","18.62","17.4","20"
"30004","375","2015","12","11","18","345","4","16.52","16.4","16.8"
"30004","375","2015","12","11","19","345","4","16.35","16.2","16.5"
"30004","375","2015","12","11","20","345","4","15.18","14.5","16"
"30004","375","2015","12","11","21","345","4","13.78","13.4","14.2"
"30004","375","2015","12","11","22","345","4","12.9","12.7","13.1"
"30004","375","2015","12","11","23","345","4","12.28","12","12.7"
"30004","375","2015","12","12","0","346","4","11.82","11.7","11.9"
"30004","375","2015","12","12","1","346","4","11.75","11.6","11.9"
"30004","375","2015","12","12","2","346","4","11.12","10.9","11.3"
"30004","375","2015","12","12","3","346","4","10.68","10.5","10.9"
"30004","375","2015","12","12","4","346","4","9.9","9.7","10.1"
"30004","375","2015","12","12","5","346","4","9.5","9.4","9.6"
"30004","375","2015","12","12","6","346","4","9.05","9","9.2"
"30004","375","2015","12","12","7","346","4","9.03","8.9","9.2"
"30004","375","2015","12","12","8","346","4","9.8","9.4","10.3"
"30004","375","2015","12","12","9","346","4","11.82","10.9","12.9"
"30004","375","2015","12","12","10","346","4","16.1","14.6","17.3"
"30004","375","2015","12","12","11","346","4","18.73","17.8","19.6"
"30004","375","2015","12","12","12","346","4","19.95","19.6","20.3"
"30004","375","2015","12","12","13","346","4","20.82","20.7","21"
"30004","375","2015","12","12","14","346","4","21.07","21","21.2"
"30004","375","2015","12","12","15","346","4","21.1","20.7","21.4"
"30004","375","2015","12","12","16","346","4","20.07","19.6","20.3"
"30004","375","2015","12","12","17","346","4","17.3","16.1","18.6"
"30004","375","2015","12","12","18","346","4","14.82","14.3","15.4"
"30004","375","2015","12","12","19","346","4","13.62","13.3","14"
"30004","375","2015","12","12","20","346","4","13.03","12.9","13.1"
"30004","375","2015","12","12","21","346","4","12.53","12.3","12.8"
"30004","375","2015","12","12","22","346","4","11.65","11.4","11.9"
"30004","375","2015","12","12","23","346","4","11.4","11.4","11.4"
"30004","375","2015","12","13","0","347","4","11.17","11.1","11.2"
"30004","375","2015","12","13","1","347","4","11.2","11.1","11.4"
"30004","375","2015","12","13","2","347","4","11.1","10.9","11.4"
"30004","375","2015","12","13","3","347","4","11.43","11.2","11.6"
"30004","375","2015","12","13","4","347","4","11.2","11.1","11.4"
"30004","375","2015","12","13","5","347","4","10.5","10.3","10.8"
"30004","375","2015","12","13","6","347","4","10.38","10.2","10.5"
"30004","375","2015","12","13","7","347","4","10.03","9.8","10.3"
"30004","375","2015","12","13","8","347","4","10.25","9.9","10.7"
"30004","375","2015","12","13","9","347","4","13.9","11.9","15.3"
"30004","375","2015","12","13","10","347","4","16.48","15.9","17"
"30004","375","2015","12","13","11","347","4","18.02","17.3","18.7"
"30004","375","2015","12","13","12","347","4","19.15","18.9","19.7"
"30004","375","2015","12","13","13","347","4","19.85","19.7","20.1"
"30004","375","2015","12","13","14","347","4","20.25","20","20.6"
"30004","375","2015","12","13","15","347","4","20.57","20.4","20.9"
"30004","375","2015","12","13","16","347","4","19.98","19.6","20.3"
"30004","375","2015","12","13","17","347","4","18.7","18.3","19.2"
"30004","375","2015","12","13","18","347","4","17.9","17.8","18.1"
"30004","375","2015","12","13","19","347","4","17.45","17.3","17.6"
"30004","375","2015","12","13","20","347","4","16.77","16.7","17"
"30004","375","2015","12","13","21","347","4","16.55","16.5","16.6"
"30004","375","2015","12","13","22","347","4","16.93","16.8","17"
"30004","375","2015","12","13","23","347","4","16.95","16.9","17"
"30004","375","2015","12","14","0","348","4","16.98","16.9","17.1"
"30004","375","2015","12","14","1","348","4","17.6","17.3","17.9"
"30004","375","2015","12","14","2","348","4","17.93","17.8","18"
"30004","375","2015","12","14","3","348","4","17.45","17.3","17.6"
"30004","375","2015","12","14","4","348","4","17.1","17","17.2"
"30004","375","2015","12","14","5","348","4","17.15","17","17.3"
"30004","375","2015","12","14","6","348","4","17.57","17.5","17.7"
"30004","375","2015","12","14","7","348","4","17.75","17.7","17.8"
"30004","375","2015","12","14","8","348","4","18.32","18","18.5"
"30004","375","2015","12","14","9","348","4","18.68","18.6","18.7"
"30004","375","2015","12","14","10","348","4","15.9","15.2","17.2"
"30004","375","2015","12","14","11","348","4","15.38","15.2","15.6"
"30004","375","2015","12","14","12","348","4","15.85","15.7","16"
"30004","375","2015","12","14","13","348","4","16.25","16","16.6"
"30004","375","2015","12","14","14","348","4","17.07","16.9","17.2"
"30004","375","2015","12","14","15","348","4","17.4","17.4","17.4"
"30004","375","2015","12","14","16","348","4","17","16.5","17.2"
"30004","375","2015","12","14","17","348","4","15.12","13.9","16.2"
"30004","375","2015","12","14","18","348","4","12.15","11.4","13.1"
"30004","375","2015","12","14","19","348","4","10.9","10.6","11.2"
"30004","375","2015","12","14","20","348","4","10.3","10.2","10.5"
"30004","375","2015","12","14","21","348","4","10.62","10.4","10.9"
"30004","375","2015","12","14","22","348","4","10.68","10.4","11.3"
"30004","375","2015","12","14","23","348","4","11.28","11.2","11.4"
"30004","375","2015","12","15","0","349","4","10.57","10","10.9"
"30004","375","2015","12","15","1","349","4","9.1","8.5","9.7"
"30004","375","2015","12","15","2","349","4","7.83","7.5","8.2"
"30004","375","2015","12","15","3","349","4","7.15","7","7.3"
"30004","375","2015","12","15","4","349","4","6.75","6.6","6.9"
"30004","375","2015","12","15","5","349","4","6.67","6.5","7.1"
"30004","375","2015","12","15","6","349","4","7.28","7","7.5"
"30004","375","2015","12","15","7","349","4","6.67","6.5","6.8"
"30004","375","2015","12","15","8","349","4","7.1","6.5","8.1"
"30004","375","2015","12","15","9","349","4","11.07","9.3","12.5"
"30004","375","2015","12","15","10","349","4","13.95","13","14.8"
"30004","375","2015","12","15","11","349","4","15.85","15.2","16.4"
"30004","375","2015","12","15","12","349","4","17.52","16.9","18.2"
"30004","375","2015","12","15","13","349","4","18.95","18.5","19.4"
"30004","375","2015","12","15","14","349","4","19.9","19.6","20.2"
"30004","375","2015","12","15","15","349","4","20.4","20.3","20.5"
"30004","375","2015","12","15","16","349","4","19.68","18.9","20.3"
"30004","375","2015","12","15","17","349","4","16","14.3","17.8"
"30004","375","2015","12","15","18","349","4","12.75","12.1","13.4"
"30004","375","2015","12","15","19","349","4","11.27","10.7","11.7"
"30004","375","2015","12","15","20","349","4","9.9","9.5","10.4"
"30004","375","2015","12","15","21","349","4","8.9","8.6","9.2"
"30004","375","2015","12","15","22","349","4","8.1","7.8","8.4"
"30004","375","2015","12","15","23","349","4","7.42","7.1","7.7"
"30004","375","2015","12","16","0","350","4","6.75","6.5","7"
"30004","375","2015","12","16","1","350","4","6.15","6","6.3"
"30004","375","2015","12","16","2","350","4","5.62","5.4","5.9"
"30004","375","2015","12","16","3","350","4","5.15","5","5.3"
"30004","375","2015","12","16","4","350","4","4.75","4.6","4.9"
"30004","375","2015","12","16","5","350","4","4.38","4.3","4.5"
"30004","375","2015","12","16","6","350","4","3.97","3.8","4.1"
"30004","375","2015","12","16","7","350","4","3.7","3.7","3.7"
"30004","375","2015","12","16","8","350","4","4.1","3.7","4.6"
"30004","375","2015","12","16","9","350","4","6.92","5.2","8.9"
"30004","375","2015","12","16","10","350","4","13.43","10.9","15.1"
"30004","375","2015","12","16","11","350","4","16.45","15.5","17.4"
"30004","375","2015","12","16","12","350","4","18.5","17.8","19.1"
"30004","375","2015","12","16","13","350","4","19.85","19.5","20.3"
"30004","375","2015","12","16","14","350","4","20.73","20.5","21"
"30004","375","2015","12","16","15","350","4","20.38","20.1","20.8"
"30004","375","2015","12","16","16","350","4","19.68","19","20.1"
"30004","375","2015","12","16","17","350","4","17.82","17.3","18.4"
"30004","375","2015","12","16","18","350","4","16.43","16.2","16.8"
"30004","375","2015","12","16","19","350","4","16.35","16","16.5"
"30004","375","2015","12","16","20","350","4","16.43","16.2","16.7"
"30004","375","2015","12","16","21","350","4","15.6","15.4","15.9"
"30004","375","2015","12","16","22","350","4","14.5","13.5","15.2"
"30004","375","2015","12","16","23","350","4","12.75","12.7","12.9"
"30004","375","2015","12","17","0","351","4","12.65","12.6","12.7"
"30004","375","2015","12","17","1","351","4","12.62","12.6","12.7"
"30004","375","2015","12","17","2","351","4","12.47","12.4","12.5"
"30004","375","2015","12","17","3","351","4","12.25","12.2","12.3"
"30004","375","2015","12","17","4","351","4","12.3","12.2","12.4"
"30004","375","2015","12","17","5","351","4","12.4","12.4","12.4"
"30004","375","2015","12","17","6","351","4","12.45","12.4","12.5"
"30004","375","2015","12","17","7","351","4","12.6","12.6","12.6"
"30004","375","2015","12","17","8","351","4","12.65","12.6","12.7"
"30004","375","2015","12","17","9","351","4","12.9","12.8","13"
"30004","375","2015","12","17","10","351","4","13.15","13","13.3"
"30004","375","2015","12","17","11","351","4","13.45","13.4","13.6"
"30004","375","2015","12","17","12","351","4","13.9","13.7","14"
"30004","375","2015","12","17","13","351","4","14.43","14.2","14.7"
"30004","375","2015","12","17","14","351","4","14.9","14.8","15"
"30004","375","2015","12","17","15","351","4","15.52","15.2","15.7"
"30004","375","2015","12","17","16","351","4","15.15","15","15.4"
"30004","375","2015","12","17","17","351","4","14.32","13.9","14.7"
"30004","375","2015","12","17","18","351","4","13","12.8","13.4"
"30004","375","2015","12","17","19","351","4","12.57","12.4","12.7"
"30004","375","2015","12","17","20","351","4","11.7","11.2","12.2"
"30004","375","2015","12","17","21","351","4","10.6","10.2","11"
"30004","375","2015","12","17","22","351","4","9.72","9.5","10"
"30004","375","2015","12","17","23","351","4","9.15","8.6","9.5"
"30004","375","2015","12","18","0","352","4","7.53","7","8.1"
"30004","375","2015","12","18","1","352","4","6.33","5.9","6.7"
"30004","375","2015","12","18","2","352","4","5.4","5.1","5.7"
"30004","375","2015","12","18","3","352","4","4.83","4.6","5"
"30004","375","2015","12","18","4","352","4","4.15","3.9","4.4"
"30004","375","2015","12","18","5","352","4","3.4","3.1","3.7"
"30004","375","2015","12","18","6","352","4","2.75","2.6","2.9"
"30004","375","2015","12","18","7","352","4","2.33","2.1","2.5"
"30004","375","2015","12","18","8","352","4","1.88","1.8","2"
"30004","375","2015","12","18","9","352","4","2.5","2.3","2.8"
"30004","375","2015","12","18","10","352","4","3.38","3","3.8"
"30004","375","2015","12","18","11","352","4","4.65","4.2","5"
"30004","375","2015","12","18","12","352","4","5.6","5.3","6"
"30004","375","2015","12","18","13","352","4","6.28","6.1","6.5"
"30004","375","2015","12","18","14","352","4","6.3","6.2","6.4"
"30004","375","2015","12","18","15","352","4","5.9","5.6","6.2"
"30004","375","2015","12","18","16","352","4","4.67","4.1","5.3"
"30004","375","2015","12","18","17","352","4","3.25","2.8","3.7"
"30004","375","2015","12","18","18","352","4","2.33","2.1","2.6"
"30004","375","2015","12","18","19","352","4","1.65","1.4","1.9"
"30004","375","2015","12","18","20","352","4","1.12","0.9","1.3"
"30004","375","2015","12","18","21","352","4","0.52","0.3","0.8"
"30004","375","2015","12","18","22","352","4","-0.05","-0.3","0.2"
"30004","375","2015","12","18","23","352","4","-0.7","-0.9","-0.5"
"30004","375","2015","12","19","0","353","4","-1","-1.1","-0.9"
"30004","375","2015","12","19","1","353","4","-1.68","-2","-1.4"
"30004","375","2015","12","19","2","353","4","-2.23","-2.4","-2.1"
"30004","375","2015","12","19","3","353","4","-2.33","-2.4","-2.1"
"30004","375","2015","12","19","4","353","4","-1.9","-2","-1.8"
"30004","375","2015","12","19","5","353","4","-2.55","-2.8","-2.2"
"30004","375","2015","12","19","6","353","4","-3.02","-3.1","-2.9"
"30004","375","2015","12","19","7","353","4","-3.15","-3.2","-3.1"
"30004","375","2015","12","19","8","353","4","-2.33","-3","-1.4"
"30004","375","2015","12","19","9","353","4","0.7","-0.3","1.5"
"30004","375","2015","12","19","10","353","4","2.92","2","3.9"
"30004","375","2015","12","19","11","353","4","4.88","4.3","5.4"
"30004","375","2015","12","19","12","353","4","6.3","5.8","7"
"30004","375","2015","12","19","13","353","4","7.62","7.2","7.8"
"30004","375","2015","12","19","14","353","4","8.32","8.1","8.5"
"30004","375","2015","12","19","15","353","4","8.65","8.5","8.8"
"30004","375","2015","12","19","16","353","4","8.5","8.2","8.8"
"30004","375","2015","12","19","17","353","4","6.88","5.9","7.7"
"30004","375","2015","12","19","18","353","4","4.33","3.6","5.1"
"30004","375","2015","12","19","19","353","4","2.75","2.4","3.2"
"30004","375","2015","12","19","20","353","4","1.75","1.3","2.2"
"30004","375","2015","12","19","21","353","4","1.07","0.8","1.2"
"30004","375","2015","12","19","22","353","4","0.28","0.1","0.5"
"30004","375","2015","12","19","23","353","4","-0.1","-0.2","0"
"30004","375","2015","12","20","0","354","4","-0.45","-0.7","-0.2"
"30004","375","2015","12","20","1","354","4","-0.82","-0.9","-0.8"
"30004","375","2015","12","20","2","354","4","-0.98","-1.1","-0.9"
"30004","375","2015","12","20","3","354","4","-1.35","-1.5","-1.2"
"30004","375","2015","12","20","4","354","4","-1.8","-2","-1.6"
"30004","375","2015","12","20","5","354","4","-2.12","-2.2","-2.1"
"30004","375","2015","12","20","6","354","4","-2.3","-2.4","-2.2"
"30004","375","2015","12","20","7","354","4","-2.42","-2.5","-2.4"
"30004","375","2015","12","20","8","354","4","-1.9","-2.3","-1.3"
"30004","375","2015","12","20","9","354","4","3.12","-0.2","5.4"
"30004","375","2015","12","20","10","354","4","7.15","6.2","8"
"30004","375","2015","12","20","11","354","4","8.93","8.2","9.5"
"30004","375","2015","12","20","12","354","4","10.15","10","10.4"
"30004","375","2015","12","20","13","354","4","10.75","10.3","11"
"30004","375","2015","12","20","14","354","4","11.1","11","11.2"
"30004","375","2015","12","20","15","354","4","10.88","10.8","10.9"
"30004","375","2015","12","20","16","354","4","10.4","10","10.7"
"30004","375","2015","12","20","17","354","4","9.03","8.3","9.6"
"30004","375","2015","12","20","18","354","4","7.28","7.1","7.7"
"30004","375","2015","12","20","19","354","4","7.57","7.3","7.8"
"30004","375","2015","12","20","20","354","4","7.47","7.3","7.6"
"30004","375","2015","12","20","21","354","4","7.28","7.2","7.3"
"30004","375","2015","12","20","22","354","4","6.53","6.3","6.8"
"30004","375","2015","12","20","23","354","4","6.3","6.1","6.5"
"30004","375","2015","12","21","0","355","4","6","6","6"
"30004","375","2015","12","21","1","355","4","5.85","5.7","6.1"
"30004","375","2015","12","21","2","355","4","6.47","6.2","6.7"
"30004","375","2015","12","21","3","355","4","6.78","6.7","6.9"
"30004","375","2015","12","21","4","355","4","6.95","6.9","7"
"30004","375","2015","12","21","5","355","4","7.25","7.1","7.4"
"30004","375","2015","12","21","6","355","4","7.6","7.6","7.6"
"30004","375","2015","12","21","7","355","4","7.7","7.6","7.8"
"30004","375","2015","12","21","8","355","4","8.05","7.9","8.2"
"30004","375","2015","12","21","9","355","4","8.7","8.4","9.1"
"30004","375","2015","12","21","10","355","4","9.85","9.3","10.3"
"30004","375","2015","12","21","11","355","4","10.55","10.3","10.7"
"30004","375","2015","12","21","12","355","4","11.2","10.9","11.6"
"30004","375","2015","12","21","13","355","4","12.07","11.8","12.2"
"30004","375","2015","12","21","14","355","4","12.3","12.1","12.5"
"30004","375","2015","12","21","15","355","4","12.5","12.3","12.7"
"30004","375","2015","12","21","16","355","4","12.07","12","12.1"
"30004","375","2015","12","21","17","355","4","11.78","11.6","11.9"
"30004","375","2015","12","21","18","355","4","11.78","11.7","11.8"
"30004","375","2015","12","21","19","355","4","11.62","11.5","11.7"
"30004","375","2015","12","21","20","355","4","10.82","10.2","11.4"
"30004","375","2015","12","21","21","355","4","9.68","9.5","9.9"
"30004","375","2015","12","21","22","355","4","9.35","9.3","9.4"
"30004","375","2015","12","21","23","355","4","9.3","9.3","9.3"
"30004","375","2015","12","22","0","356","4","9.38","9.3","9.4"
"30004","375","2015","12","22","1","356","4","9.53","9.5","9.6"
"30004","375","2015","12","22","2","356","4","9.62","9.6","9.7"
"30004","375","2015","12","22","3","356","4","9.9","9.8","10.1"
"30004","375","2015","12","22","4","356","4","10.47","10.4","10.5"
"30004","375","2015","12","22","5","356","4","10.62","10.5","10.8"
"30004","375","2015","12","22","6","356","4","10.8","10.8","10.8"
"30004","375","2015","12","22","7","356","4","10.93","10.9","11"
"30004","375","2015","12","22","8","356","4","11.12","11","11.2"
"30004","375","2015","12","22","9","356","4","11.65","11.4","12"
"30004","375","2015","12","22","10","356","4","12.82","12.4","13.2"
"30004","375","2015","12","22","11","356","4","13.53","13.4","13.6"
"30004","375","2015","12","22","12","356","4","13.88","13.8","13.9"
"30004","375","2015","12","22","13","356","4","14.18","14.1","14.3"
"30004","375","2015","12","22","14","356","4","14.62","14.4","14.8"
"30004","375","2015","12","22","15","356","4","14.9","14.9","14.9"
"30004","375","2015","12","22","16","356","4","14.9","14.8","15"
"30004","375","2015","12","22","17","356","4","14.55","14.4","14.7"
"30004","375","2015","12","22","18","356","4","14.25","14.2","14.3"
"30004","375","2015","12","22","19","356","4","14.1","14.1","14.1"
"30004","375","2015","12","22","20","356","4","14.1","14.1","14.1"
"30004","375","2015","12","22","21","356","4","14.12","14.1","14.2"
"30004","375","2015","12","22","22","356","4","14.25","14.2","14.3"
"30004","375","2015","12","22","23","356","4","14.28","14.2","14.3"
"30004","375","2015","12","23","0","357","4","14.5","14.3","14.8"
"30004","375","2015","12","23","1","357","4","14.95","14.9","15"
"30004","375","2015","12","23","2","357","4","15.1","15.1","15.1"
"30004","375","2015","12","23","3","357","4","15.28","15.2","15.4"
"30004","375","2015","12","23","4","357","4","15.43","15.4","15.5"
"30004","375","2015","12","23","5","357","4","15.47","15.4","15.5"
"30004","375","2015","12","23","6","357","4","15.47","15.4","15.5"
"30004","375","2015","12","23","7","357","4","15.57","15.5","15.6"
"30004","375","2015","12","23","8","357","4","15.82","15.7","16"
"30004","375","2015","12","23","9","357","4","16.1","16.1","16.1"
"30004","375","2015","12","23","10","357","4","16.25","16.1","16.4"
"30004","375","2015","12","23","11","357","4","16.5","16.5","16.5"
"30004","375","2015","12","23","12","357","4","16.6","16.5","16.7"
"30004","375","2015","12","23","13","357","4","16.5","16.4","16.6"
"30004","375","2015","12","23","14","357","4","16.42","16.4","16.5"
"30004","375","2015","12","23","15","357","4","16.12","15.9","16.3"
"30004","375","2015","12","23","16","357","4","15.78","15.7","15.8"
"30004","375","2015","12","23","17","357","4","15.7","15.7","15.7"
"30004","375","2015","12","23","18","357","4","15.62","15.6","15.7"
"30004","375","2015","12","23","19","357","4","15.6","15.6","15.6"
"30004","375","2015","12","23","20","357","4","15.78","15.7","15.8"
"30004","375","2015","12","23","21","357","4","16.07","15.8","16.3"
"30004","375","2015","12","23","22","357","4","16.55","16.4","16.7"
"30004","375","2015","12","23","23","357","4","16.93","16.8","17"
"30004","375","2015","12","24","0","358","4","17.38","17.1","17.6"
"30004","375","2015","12","24","1","358","4","18.1","17.8","18.4"
"30004","375","2015","12","24","2","358","4","18.6","18.4","18.9"
"30004","375","2015","12","24","3","358","4","19.32","19.1","19.5"
"30004","375","2015","12","24","4","358","4","19.8","19.6","19.9"
"30004","375","2015","12","24","5","358","4","19.93","19.8","20"
"30004","375","2015","12","24","6","358","4","20.18","20.1","20.2"
"30004","375","2015","12","24","7","358","4","19.98","19.8","20.1"
"30004","375","2015","12","24","8","358","4","19.7","19.4","19.8"
"30004","375","2015","12","24","9","358","4","18.38","18.2","18.7"
"30004","375","2015","12","24","10","358","4","18.57","18.3","18.7"
"30004","375","2015","12","24","11","358","4","19.05","18.8","19.2"
"30004","375","2015","12","24","12","358","4","19.25","19.2","19.3"
"30004","375","2015","12","24","13","358","4","19.45","19.3","19.5"
"30004","375","2015","12","24","14","358","4","19.55","19.5","19.6"
"30004","375","2015","12","24","15","358","4","19.55","19.5","19.6"
"30004","375","2015","12","24","16","358","4","19.45","19.3","19.5"
"30004","375","2015","12","24","17","358","4","19.07","18.9","19.3"
"30004","375","2015","12","24","18","358","4","19.1","19","19.2"
"30004","375","2015","12","24","19","358","4","19.1","19","19.2"
"30004","375","2015","12","24","20","358","4","19.32","19.2","19.4"
"30004","375","2015","12","24","21","358","4","19.05","18.9","19.2"
"30004","375","2015","12","24","22","358","4","18.6","18.3","18.8"
"30004","375","2015","12","24","23","358","4","17.8","17.6","18"
"30004","375","2015","12","25","0","359","4","17.5","17.5","17.5"
"30004","375","2015","12","25","1","359","4","17.2","17.1","17.3"
"30004","375","2015","12","25","2","359","4","17.02","16.9","17.1"
"30004","375","2015","12","25","3","359","4","16.88","16.8","16.9"
"30004","375","2015","12","25","4","359","4","16.93","16.8","17"
"30004","375","2015","12","25","5","359","4","16.88","16.8","16.9"
"30004","375","2015","12","25","6","359","4","16.8","16.8","16.8"
"30004","375","2015","12","25","7","359","4","16.38","16.2","16.6"
"30004","375","2015","12","25","8","359","4","16.6","16.2","16.9"
"30004","375","2015","12","25","9","359","4","18.05","17.1","19.2"
"30004","375","2015","12","25","10","359","4","20.15","19.7","20.5"
"30004","375","2015","12","25","11","359","4","20.98","20.7","21.1"
"30004","375","2015","12","25","12","359","4","21.45","21.3","21.5"
"30004","375","2015","12","25","13","359","4","21.88","21.7","22.2"
"30004","375","2015","12","25","14","359","4","22.65","22.4","23"
"30004","375","2015","12","25","15","359","4","22.2","22","22.4"
"30004","375","2015","12","25","16","359","4","21.6","20.7","22.1"
"30004","375","2015","12","25","17","359","4","18","17.4","19"
"30004","375","2015","12","25","18","359","4","17.05","16.9","17.2"
"30004","375","2015","12","25","19","359","4","16.73","16.6","16.8"
"30004","375","2015","12","25","20","359","4","16.55","16.5","16.6"
"30004","375","2015","12","25","21","359","4","16.45","16.4","16.5"
"30004","375","2015","12","25","22","359","4","16.32","16.3","16.4"
"30004","375","2015","12","25","23","359","4","16.3","16.3","16.3"
"30004","375","2015","12","26","0","360","4","16.1","16","16.2"
"30004","375","2015","12","26","1","360","4","16","16","16"
"30004","375","2015","12","26","2","360","4","15.9","15.9","15.9"
"30004","375","2015","12","26","3","360","4","15.83","15.8","15.9"
"30004","375","2015","12","26","4","360","4","15.55","15.3","15.8"
"30004","375","2015","12","26","5","360","4","15.03","14.9","15.2"
"30004","375","2015","12","26","6","360","4","14.53","14.2","14.8"
"30004","375","2015","12","26","7","360","4","13.9","13.7","14.1"
"30004","375","2015","12","26","8","360","4","14.1","13.8","14.5"
"30004","375","2015","12","26","9","360","4","15.88","15.1","16.6"
"30004","375","2015","12","26","10","360","4","18.33","17.1","19.3"
"30004","375","2015","12","26","11","360","4","20.27","19.7","20.9"
"30004","375","2015","12","26","12","360","4","21.85","21.6","22"
"30004","375","2015","12","26","13","360","4","22.5","22.2","22.8"
"30004","375","2015","12","26","14","360","4","23.27","23","23.5"
"30004","375","2015","12","26","15","360","4","23.52","23.4","23.6"
"30004","375","2015","12","26","16","360","4","23","22.4","23.5"
"30004","375","2015","12","26","17","360","4","21.07","20.5","21.7"
"30004","375","2015","12","26","18","360","4","19.32","18.8","20"
"30004","375","2015","12","26","19","360","4","19.18","19","19.3"
"30004","375","2015","12","26","20","360","4","18.73","18.7","18.8"
"30004","375","2015","12","26","21","360","4","17.82","17.3","18.4"
"30004","375","2015","12","26","22","360","4","17.5","17.4","17.7"
"30004","375","2015","12","26","23","360","4","17.77","17.7","17.9"
"30004","375","2015","12","27","0","361","4","17.25","17","17.6"
"30004","375","2015","12","27","1","361","4","16.95","16.7","17.1"
"30004","375","2015","12","27","2","361","4","17.1","16.8","17.5"
"30004","375","2015","12","27","3","361","4","18.15","17.8","18.5"
"30004","375","2015","12","27","4","361","4","18.5","18.5","18.5"
"30004","375","2015","12","27","5","361","4","18.5","18.5","18.5"
"30004","375","2015","12","27","6","361","4","18.48","18.4","18.5"
"30004","375","2015","12","27","7","361","4","18.2","18.1","18.3"
"30004","375","2015","12","27","8","361","4","18.35","18.2","18.5"
"30004","375","2015","12","27","9","361","4","18.82","18.5","19.1"
"30004","375","2015","12","27","10","361","4","19.7","19.4","20"
"30004","375","2015","12","27","11","361","4","20.62","20.5","20.9"
"30004","375","2015","12","27","12","361","4","21.4","21.1","21.6"
"30004","375","2015","12","27","13","361","4","21.98","21.7","22.6"
"30004","375","2015","12","27","14","361","4","23.02","23","23.1"
"30004","375","2015","12","27","15","361","4","23.07","23","23.2"
"30004","375","2015","12","27","16","361","4","22.5","22.2","22.7"
"30004","375","2015","12","27","17","361","4","21.02","20.2","21.8"
"30004","375","2015","12","27","18","361","4","18.73","18.1","19.5"
"30004","375","2015","12","27","19","361","4","17.52","17.3","17.8"
"30004","375","2015","12","27","20","361","4","17.23","17.1","17.4"
"30004","375","2015","12","27","21","361","4","17.9","17.6","18.1"
"30004","375","2015","12","27","22","361","4","18.4","18.2","18.6"
"30004","375","2015","12","27","23","361","4","18.82","18.7","19"
"30004","375","2015","12","28","0","362","4","18.98","18.9","19"
"30004","375","2015","12","28","1","362","4","18.8","18.7","18.9"
"30004","375","2015","12","28","2","362","4","18.77","18.7","18.8"
"30004","375","2015","12","28","3","362","4","18.62","18.5","18.7"
"30004","375","2015","12","28","4","362","4","18.48","18.4","18.5"
"30004","375","2015","12","28","5","362","4","18.32","18.2","18.4"
"30004","375","2015","12","28","6","362","4","18.4","18.2","18.6"
"30004","375","2015","12","28","7","362","4","18.82","18.7","18.9"
"30004","375","2015","12","28","8","362","4","19.07","19","19.2"
"30004","375","2015","12","28","9","362","4","19.38","19.3","19.5"
"30004","375","2015","12","28","10","362","4","19.73","19.6","19.9"
"30004","375","2015","12","28","11","362","4","19.95","19.8","20.1"
"30004","375","2015","12","28","12","362","4","20.27","20.2","20.4"
"30004","375","2015","12","28","13","362","4","20.77","20.7","20.8"
"30004","375","2015","12","28","14","362","4","20.8","20.7","20.9"
"30004","375","2015","12","28","15","362","4","20.72","20.4","20.9"
"30004","375","2015","12","28","16","362","4","19.5","19.2","20"
"30004","375","2015","12","28","17","362","4","19.12","19.1","19.2"
"30004","375","2015","12","28","18","362","4","19.12","19","19.2"
"30004","375","2015","12","28","19","362","4","18.85","18.8","18.9"
"30004","375","2015","12","28","20","362","4","18.77","18.7","18.9"
"30004","375","2015","12","28","21","362","4","18.82","18.8","18.9"
"30004","375","2015","12","28","22","362","4","18.9","18.9","18.9"
"30004","375","2015","12","28","23","362","4","18.98","18.9","19"
"30004","375","2015","12","29","0","363","4","18.98","18.9","19.1"
"30004","375","2015","12","29","1","363","4","18.85","18.7","19"
"30004","375","2015","12","29","2","363","4","18.38","18.1","18.8"
"30004","375","2015","12","29","3","363","4","17.4","16.9","17.9"
"30004","375","2015","12","29","4","363","4","16.1","15.8","16.4"
"30004","375","2015","12","29","5","363","4","15","14.6","15.4"
"30004","375","2015","12","29","6","363","4","14.03","13.6","14.4"
"30004","375","2015","12","29","7","363","4","12.95","12.7","13.3"
"30004","375","2015","12","29","8","363","4","12.8","12.6","13.2"
"30004","375","2015","12","29","9","363","4","14.35","13.8","14.8"
"30004","375","2015","12","29","10","363","4","15.18","15","15.3"
"30004","375","2015","12","29","11","363","4","16.4","16","16.7"
"30004","375","2015","12","29","12","363","4","16.98","16.7","17.4"
"30004","375","2015","12","29","13","363","4","17.9","17.5","18.3"
"30004","375","2015","12","29","14","363","4","18.75","18.5","19.1"
"30004","375","2015","12","29","15","363","4","19.38","19.2","19.5"
"30004","375","2015","12","29","16","363","4","19.12","18.7","19.3"
"30004","375","2015","12","29","17","363","4","16.62","15.4","17.9"
"30004","375","2015","12","29","18","363","4","14.28","13.8","14.9"
"30004","375","2015","12","29","19","363","4","13.18","12.9","13.5"
"30004","375","2015","12","29","20","363","4","12.55","12.3","12.8"
"30004","375","2015","12","29","21","363","4","12.12","12.1","12.2"
"30004","375","2015","12","29","22","363","4","11.9","11.8","12"
"30004","375","2015","12","29","23","363","4","11.65","11.5","11.8"
"30004","375","2015","12","30","0","364","4","11.7","11.6","11.9"
"30004","375","2015","12","30","1","364","4","11.97","11.9","12.1"
"30004","375","2015","12","30","2","364","4","12.6","12.3","12.9"
"30004","375","2015","12","30","3","364","4","13.3","13.1","13.5"
"30004","375","2015","12","30","4","364","4","13.7","13.6","13.8"
"30004","375","2015","12","30","5","364","3","13.7","13.7","13.7"
"30004","375","2016","1","1","0","1","4","5.3","5.1","5.5"
"30004","375","2016","1","1","1","1","4","4.58","4.4","4.8"
"30004","375","2016","1","1","2","1","4","4.25","4.2","4.3"
"30004","375","2016","1","1","3","1","4","4.2","4.2","4.2"
"30004","375","2016","1","1","4","1","4","4.2","4.2","4.2"
"30004","375","2016","1","1","5","1","4","4.17","4.1","4.2"
"30004","375","2016","1","1","6","1","4","4.07","4","4.1"
"30004","375","2016","1","1","7","1","4","3.58","3.4","3.8"
"30004","375","2016","1","1","8","1","4","3.38","3.3","3.5"
"30004","375","2016","1","1","9","1","4","3.95","3.6","4.5"
"30004","375","2016","1","1","10","1","4","5.62","5","6.2"
"30004","375","2016","1","1","11","1","4","7.05","6.4","7.7"
"30004","375","2016","1","1","12","1","4","8.35","8.2","8.5"
"30004","375","2016","1","1","13","1","4","8.18","8","8.3"
"30004","375","2016","1","1","14","1","4","7.88","7.7","8.1"
"30004","375","2016","1","1","15","1","4","7.12","7.1","7.2"
"30004","375","2016","1","1","16","1","4","6.57","6.3","6.8"
"30004","375","2016","1","1","17","1","4","5.6","5.2","6.1"
"30004","375","2016","1","1","18","1","4","5","4.9","5.1"
"30004","375","2016","1","1","19","1","4","4.55","4.3","4.8"
"30004","375","2016","1","1","20","1","4","4","3.8","4.2"
"30004","375","2016","1","1","21","1","4","3.38","3.2","3.7"
"30004","375","2016","1","1","22","1","4","3.12","3","3.2"
"30004","375","2016","1","1","23","1","4","2.55","2.2","2.9"
"30004","375","2016","1","2","0","2","4","2.48","2.4","2.5"
"30004","375","2016","1","2","1","2","4","2.25","2.1","2.4"
"30004","375","2016","1","2","2","2","4","1.7","1.4","2"
"30004","375","2016","1","2","3","2","4","1.07","1","1.3"
"30004","375","2016","1","2","4","2","4","0.92","0.9","1"
"30004","375","2016","1","2","5","2","4","0.78","0.7","0.9"
"30004","375","2016","1","2","6","2","4","0.48","0.4","0.5"
"30004","375","2016","1","2","7","2","4","0.15","0.1","0.2"
"30004","375","2016","1","2","8","2","4","0.45","0.2","0.8"
"30004","375","2016","1","2","9","2","4","1.23","1","1.5"
"30004","375","2016","1","2","10","2","4","2.52","1.9","3.1"
"30004","375","2016","1","2","11","2","4","4.3","3.7","4.8"
"30004","375","2016","1","2","12","2","4","5.75","5.2","6.2"
"30004","375","2016","1","2","13","2","4","7.1","6.4","7.6"
"30004","375","2016","1","2","14","2","4","7.92","7.6","8.1"
"30004","375","2016","1","2","15","2","4","8.12","8","8.3"
"30004","375","2016","1","2","16","2","4","7.88","7.8","7.9"
"30004","375","2016","1","2","17","2","4","6.7","6","7.5"
"30004","375","2016","1","2","18","2","4","4.8","4.4","5.2"
"30004","375","2016","1","2","19","2","4","3.38","2.9","3.9"
"30004","375","2016","1","2","20","2","4","2.58","2.4","2.8"
"30004","375","2016","1","2","21","2","4","1.77","1.3","2.2"
"30004","375","2016","1","2","22","2","4","1.02","0.9","1.2"
"30004","375","2016","1","2","23","2","4","0.72","0.6","0.8"
"30004","375","2016","1","3","0","3","4","0.45","0.3","0.6"
"30004","375","2016","1","3","1","3","4","-0.08","-0.2","0.1"
"30004","375","2016","1","3","2","3","4","-0.02","-0.1","0.1"
"30004","375","2016","1","3","3","3","4","-0.4","-0.7","-0.1"
"30004","375","2016","1","3","4","3","4","-0.8","-0.9","-0.7"
"30004","375","2016","1","3","5","3","4","-0.7","-0.8","-0.6"
"30004","375","2016","1","3","6","3","4","-0.1","-0.5","0.6"
"30004","375","2016","1","3","7","3","4","1.1","0.8","1.3"
"30004","375","2016","1","3","8","3","4","1.48","0.8","2.2"
"30004","375","2016","1","3","9","3","4","2.98","2.4","3.7"
"30004","375","2016","1","3","10","3","4","5.1","4.2","5.9"
"30004","375","2016","1","3","11","3","4","6.67","5.9","7.3"
"30004","375","2016","1","3","12","3","4","8.38","7.7","9.3"
"30004","375","2016","1","3","13","3","4","9.68","9.5","9.8"
"30004","375","2016","1","3","14","3","4","10.3","9.9","10.8"
"30004","375","2016","1","3","15","3","4","10.85","10.7","11"
"30004","375","2016","1","3","16","3","4","9.98","9.3","10.5"
"30004","375","2016","1","3","17","3","4","8.45","7.9","9"
"30004","375","2016","1","3","18","3","4","6.58","5.7","7.5"
"30004","375","2016","1","3","19","3","4","5.47","5.3","5.7"
"30004","375","2016","1","3","20","3","4","4.4","3.8","5"
"30004","375","2016","1","3","21","3","4","3.5","3.3","3.6"
"30004","375","2016","1","3","22","3","4","3.25","3.1","3.5"
"30004","375","2016","1","3","23","3","4","3.33","3","3.7"
"30004","375","2016","1","4","0","4","4","3.2","2.9","3.5"
"30004","375","2016","1","4","1","4","4","2.2","1.8","2.5"
"30004","375","2016","1","4","2","4","4","1.32","1.1","1.5"
"30004","375","2016","1","4","3","4","4","1.35","1.3","1.4"
"30004","375","2016","1","4","4","4","4","1.48","1.2","1.7"
"30004","375","2016","1","4","5","4","4","0.88","0.7","1"
"30004","375","2016","1","4","6","4","4","0.22","0","0.4"
"30004","375","2016","1","4","7","4","4","-0.35","-0.5","-0.2"
"30004","375","2016","1","4","8","4","4","-0.35","-0.5","-0.1"
"30004","375","2016","1","4","9","4","4","0.92","0.3","1.5"
"30004","375","2016","1","4","10","4","4","2.38","1.9","2.8"
"30004","375","2016","1","4","11","4","4","3.52","3.2","3.8"
"30004","375","2016","1","4","12","4","4","4.58","4.2","4.9"
"30004","375","2016","1","4","13","4","4","4.95","4.9","5.1"
"30004","375","2016","1","4","14","4","4","4.88","4.8","4.9"
"30004","375","2016","1","4","15","4","4","4.68","4.4","4.9"
"30004","375","2016","1","4","16","4","4","4.03","3.7","4.3"
"30004","375","2016","1","4","17","4","4","2.77","2.3","3.3"
"30004","375","2016","1","4","18","4","4","1.52","1.1","2"
"30004","375","2016","1","4","19","4","4","0.55","0.3","0.8"
"30004","375","2016","1","4","20","4","4","-0.18","-0.6","0.1"
"30004","375","2016","1","4","21","4","4","-1.65","-2.2","-1"
"30004","375","2016","1","4","22","4","4","-2.55","-2.7","-2.4"
"30004","375","2016","1","4","23","4","4","-2.55","-2.7","-2.3"
"30004","375","2016","1","5","0","5","4","-2.92","-3.1","-2.8"
"30004","375","2016","1","5","1","5","4","-2.02","-2.5","-1.7"
"30004","375","2016","1","5","2","5","4","-2.65","-2.9","-2.3"
"30004","375","2016","1","5","3","5","4","-3.33","-3.5","-3.1"
"30004","375","2016","1","5","4","5","4","-3.02","-3.4","-2.8"
"30004","375","2016","1","5","5","5","4","-3.08","-3.4","-2.9"
"30004","375","2016","1","5","6","5","4","-3.9","-4.2","-3.5"
"30004","375","2016","1","5","7","5","4","-3.88","-4","-3.7"
"30004","375","2016","1","5","8","5","4","-2.35","-3.9","-0.5"
"30004","375","2016","1","5","9","5","4","0.4","-0.2","0.9"
"30004","375","2016","1","5","10","5","4","1.75","1.4","2.2"
"30004","375","2016","1","5","11","5","4","2.5","2.2","2.9"
"30004","375","2016","1","5","12","5","4","3.58","3.4","3.8"
"30004","375","2016","1","5","13","5","4","4.67","4.3","4.9"
"30004","375","2016","1","5","14","5","4","5.65","5.2","6.1"
"30004","375","2016","1","5","15","5","4","6.15","6.1","6.2"
"30004","375","2016","1","5","16","5","4","5.3","4.9","5.8"
"30004","375","2016","1","5","17","5","4","4.17","3.6","4.7"
"30004","375","2016","1","5","18","5","4","2.92","2.4","3.4"
"30004","375","2016","1","5","19","5","4","1.85","1.5","2.2"
"30004","375","2016","1","5","20","5","4","1.25","1","1.4"
"30004","375","2016","1","5","21","5","4","0.72","0.5","0.9"
"30004","375","2016","1","5","22","5","4","0.25","-0.1","0.5"
"30004","375","2016","1","5","23","5","4","-0.18","-0.2","-0.1"
"30004","375","2016","1","6","0","6","4","-0.2","-0.4","0"
"30004","375","2016","1","6","1","6","4","-0.8","-1","-0.6"
"30004","375","2016","1","6","2","6","4","-1.65","-1.9","-1.5"
"30004","375","2016","1","6","3","6","4","-2.15","-2.3","-1.9"
"30004","375","2016","1","6","4","6","4","-2.4","-2.4","-2.4"
"30004","375","2016","1","6","5","6","4","-2.75","-3","-2.5"
"30004","375","2016","1","6","6","6","4","-3.17","-3.3","-3"
"30004","375","2016","1","6","7","6","4","-3.6","-3.8","-3.4"
"30004","375","2016","1","6","8","6","4","-2.85","-3.7","-2"
"30004","375","2016","1","6","9","6","4","-0.7","-1.5","0.1"
"30004","375","2016","1","6","10","6","4","1.38","0.5","2"
"30004","375","2016","1","6","11","6","4","2.77","2.1","3.3"
"30004","375","2016","1","6","12","6","4","4.38","3.5","4.9"
"30004","375","2016","1","6","13","6","4","5.9","5.1","6.4"
"30004","375","2016","1","6","14","6","4","7","6.6","7.3"
"30004","375","2016","1","6","15","6","4","6.53","6.4","6.7"
"30004","375","2016","1","6","16","6","4","6","5.8","6.2"
"30004","375","2016","1","6","17","6","4","5.33","4.9","5.7"
"30004","375","2016","1","6","18","6","4","4.28","4","4.6"
"30004","375","2016","1","6","19","6","4","3.95","3.3","4.3"
"30004","375","2016","1","6","20","6","4","3.75","3.1","4.2"
"30004","375","2016","1","6","21","6","4","4.6","4.4","4.8"
"30004","375","2016","1","6","22","6","4","4.95","4.8","5"
"30004","375","2016","1","6","23","6","4","4.95","4.9","5"
"30004","375","2016","1","7","0","7","4","4.93","4.9","5"
"30004","375","2016","1","7","1","7","4","4.9","4.9","4.9"
"30004","375","2016","1","7","2","7","4","4.83","4.7","4.9"
"30004","375","2016","1","7","3","7","4","4.55","4.4","4.7"
"30004","375","2016","1","7","4","7","4","4.55","4.4","4.7"
"30004","375","2016","1","7","5","7","4","4.85","4.7","5"
"30004","375","2016","1","7","6","7","4","4.88","4.8","5"
"30004","375","2016","1","7","7","7","4","4.33","4.1","4.6"
"30004","375","2016","1","7","8","7","4","4.55","4.4","4.9"
"30004","375","2016","1","7","9","7","4","6.2","5.4","7.5"
"30004","375","2016","1","7","10","7","4","8.72","8","9.6"
"30004","375","2016","1","7","11","7","4","10.9","9.9","11.9"
"30004","375","2016","1","7","12","7","4","12.5","11.6","13"
"30004","375","2016","1","7","13","7","4","13.72","13.1","14.5"
"30004","375","2016","1","7","14","7","4","14.53","14.3","14.8"
"30004","375","2016","1","7","15","7","4","14.82","14.6","15"
"30004","375","2016","1","7","16","7","4","14.4","14.2","14.6"
"30004","375","2016","1","7","17","7","4","13.6","13.1","14.1"
"30004","375","2016","1","7","18","7","4","12.45","12.4","12.5"
"30004","375","2016","1","7","19","7","4","12.57","12.5","12.6"
"30004","375","2016","1","7","20","7","4","12.53","12.4","12.6"
"30004","375","2016","1","7","21","7","4","12.5","12.5","12.5"
"30004","375","2016","1","7","22","7","4","12.45","12.3","12.6"
"30004","375","2016","1","7","23","7","4","12.05","12","12.1"
"30004","375","2016","1","8","0","8","4","11.7","11.5","11.8"
"30004","375","2016","1","8","1","8","4","10.68","10.6","10.8"
"30004","375","2016","1","8","2","8","4","10.43","10.1","10.7"
"30004","375","2016","1","8","3","8","4","9.38","8.9","9.9"
"30004","375","2016","1","8","4","8","4","8.55","8.4","8.7"
"30004","375","2016","1","8","5","8","4","8.25","8.2","8.3"
"30004","375","2016","1","8","6","8","4","8.22","8.2","8.3"
"30004","375","2016","1","8","7","8","4","8.28","8.2","8.3"
"30004","375","2016","1","8","8","8","4","8.15","8.1","8.2"
"30004","375","2016","1","8","9","8","4","8.3","8.2","8.4"
"30004","375","2016","1","8","10","8","4","8.57","8.5","8.7"
"30004","375","2016","1","8","11","8","4","8.93","8.7","9.1"
"30004","375","2016","1","8","12","8","4","9.47","9.2","9.6"
"30004","375","2016","1","8","13","8","4","9.93","9.7","10.1"
"30004","375","2016","1","8","14","8","4","10.15","10.1","10.2"
"30004","375","2016","1","8","15","8","4","10.1","10.1","10.1"
"30004","375","2016","1","8","16","8","4","10.07","10","10.1"
"30004","375","2016","1","8","17","8","4","9.7","9.6","9.8"
"30004","375","2016","1","8","18","8","4","9.47","9.4","9.6"
"30004","375","2016","1","8","19","8","4","9.4","9.4","9.4"
"30004","375","2016","1","8","20","8","4","9.4","9.4","9.4"
"30004","375","2016","1","8","21","8","4","9.33","9.3","9.4"
"30004","375","2016","1","8","22","8","4","9.3","9.3","9.3"
"30004","375","2016","1","8","23","8","4","9.25","9.2","9.3"
"30004","375","2016","1","9","0","9","4","9.12","9.1","9.2"
"30004","375","2016","1","9","1","9","4","9.1","9.1","9.1"
"30004","375","2016","1","9","2","9","4","9","9","9"
"30004","375","2016","1","9","3","9","4","8.9","8.9","8.9"
"30004","375","2016","1","9","4","9","4","8.83","8.8","8.9"
"30004","375","2016","1","9","5","9","4","8.75","8.7","8.8"
"30004","375","2016","1","9","6","9","4","8.65","8.6","8.7"
"30004","375","2016","1","9","7","9","4","8.47","8.4","8.6"
"30004","375","2016","1","9","8","9","4","8.4","8.3","8.5"
"30004","375","2016","1","9","9","9","4","8.78","8.6","8.9"
"30004","375","2016","1","9","10","9","4","9.28","9.2","9.3"
"30004","375","2016","1","9","11","9","4","9.15","9","9.4"
"30004","375","2016","1","9","12","9","4","10","9.7","10.3"
"30004","375","2016","1","9","13","9","4","10.9","10.5","11.3"
"30004","375","2016","1","9","14","9","4","11","10.9","11.2"
"30004","375","2016","1","9","15","9","4","10.53","10.4","10.6"
"30004","375","2016","1","9","16","9","4","10.35","10.3","10.4"
"30004","375","2016","1","9","17","9","4","10.05","9.9","10.2"
"30004","375","2016","1","9","18","9","4","9.6","9.5","9.7"
"30004","375","2016","1","9","19","9","4","9.28","9.2","9.4"
"30004","375","2016","1","9","20","9","4","9","8.9","9.1"
"30004","375","2016","1","9","21","9","4","8.83","8.8","8.9"
"30004","375","2016","1","9","22","9","4","8.85","8.8","8.9"
"30004","375","2016","1","9","23","9","4","8.85","8.8","8.9"
"30004","375","2016","1","10","0","10","4","8.9","8.9","8.9"
"30004","375","2016","1","10","1","10","4","9.05","9","9.1"
"30004","375","2016","1","10","2","10","4","9.07","9","9.1"
"30004","375","2016","1","10","3","10","4","8.68","8.6","8.8"
"30004","375","2016","1","10","4","10","4","8.5","8.3","8.6"
"30004","375","2016","1","10","5","10","4","7.85","7.5","8.2"
"30004","375","2016","1","10","6","10","4","6.88","6.5","7.3"
"30004","375","2016","1","10","7","10","4","6.03","5.8","6.3"
"30004","375","2016","1","10","8","10","4","4.78","4.2","5.4"
"30004","375","2016","1","10","9","10","4","3.95","3.8","4.1"
"30004","375","2016","1","10","10","10","4","4.35","3.9","4.7"
"30004","375","2016","1","10","11","10","4","4.38","4.3","4.5"
"30004","375","2016","1","10","12","10","4","4.08","3.8","4.2"
"30004","375","2016","1","10","13","10","4","3.48","3.4","3.6"
"30004","375","2016","1","10","14","10","4","3.38","3.3","3.4"
"30004","375","2016","1","10","15","10","4","3.33","3.1","3.6"
"30004","375","2016","1","10","16","10","4","2.88","2.8","2.9"
"30004","375","2016","1","10","17","10","4","2.8","2.7","2.9"
"30004","375","2016","1","10","18","10","4","2.38","2.2","2.6"
"30004","375","2016","1","10","19","10","4","1.98","1.9","2.1"
"30004","375","2016","1","10","20","10","4","1.18","0.4","1.8"
"30004","375","2016","1","10","21","10","4","-0.38","-0.8","0"
"30004","375","2016","1","10","22","10","4","-1.23","-1.4","-1"
"30004","375","2016","1","10","23","10","4","-1.75","-2","-1.5"
"30004","375","2016","1","11","0","11","4","-2.38","-2.6","-2.2"
"30004","375","2016","1","11","1","11","4","-3.1","-3.4","-2.8"
"30004","375","2016","1","11","2","11","4","-3.7","-3.9","-3.5"
"30004","375","2016","1","11","3","11","4","-4.25","-4.4","-4.1"
"30004","375","2016","1","11","4","11","4","-4.78","-5","-4.5"
"30004","375","2016","1","11","5","11","4","-5.33","-5.5","-5.1"
"30004","375","2016","1","11","6","11","4","-5.85","-6","-5.7"
"30004","375","2016","1","11","7","11","4","-6.28","-6.4","-6.1"
"30004","375","2016","1","11","8","11","4","-5.65","-6","-5.3"
"30004","375","2016","1","11","9","11","4","-3.5","-4.4","-2.7"
"30004","375","2016","1","11","10","11","4","-1.45","-2.2","-1"
"30004","375","2016","1","11","11","11","4","0.4","-0.5","1.1"
"30004","375","2016","1","11","12","11","4","2.7","2.1","3.6"
"30004","375","2016","1","11","13","11","4","4.62","4","5.2"
"30004","375","2016","1","11","14","11","4","5.78","5.5","5.9"
"30004","375","2016","1","11","15","11","4","6.22","6","6.4"
"30004","375","2016","1","11","16","11","4","5.67","5.1","6.5"
"30004","375","2016","1","11","17","11","4","4.47","3.9","5"
"30004","375","2016","1","11","18","11","4","1.7","0.3","3"
"30004","375","2016","1","11","19","11","4","-0.62","-1","-0.1"
"30004","375","2016","1","11","20","11","4","-1.97","-2.3","-1.7"
"30004","375","2016","1","11","21","11","4","-2.6","-2.8","-2.5"
"30004","375","2016","1","11","22","11","4","-2.98","-3.1","-2.8"
"30004","375","2016","1","11","23","11","4","-3.45","-3.6","-3.3"
"30004","375","2016","1","12","0","12","4","-3.62","-3.7","-3.6"
"30004","375","2016","1","12","1","12","4","-3.85","-4","-3.7"
"30004","375","2016","1","12","2","12","4","-4.2","-4.5","-4"
"30004","375","2016","1","12","3","12","4","-4.47","-4.5","-4.4"
"30004","375","2016","1","12","4","12","4","-4.5","-4.6","-4.4"
"30004","375","2016","1","12","5","12","4","-4.6","-4.7","-4.5"
"30004","375","2016","1","12","6","12","4","-4.62","-4.9","-4.4"
"30004","375","2016","1","12","7","12","4","-4.88","-4.9","-4.8"
"30004","375","2016","1","12","8","12","4","-2.55","-4.5","-0.2"
"30004","375","2016","1","12","9","12","4","2.62","1.1","3.9"
"30004","375","2016","1","12","10","12","4","5.68","4.9","6.4"
"30004","375","2016","1","12","11","12","4","7.28","6.5","7.9"
"30004","375","2016","1","12","12","12","4","8.88","8.4","9.4"
"30004","375","2016","1","12","13","12","4","10.12","9.8","10.4"
"30004","375","2016","1","12","14","12","4","11.1","11","11.3"
"30004","375","2016","1","12","15","12","4","11.5","11.4","11.6"
"30004","375","2016","1","12","16","12","4","10.8","10.4","11.3"
"30004","375","2016","1","12","17","12","4","9.9","9.5","10.3"
"30004","375","2016","1","12","18","12","4","8.93","8.4","9.3"
"30004","375","2016","1","12","19","12","4","7.25","6.1","8.2"
"30004","375","2016","1","12","20","12","4","6.47","6.3","6.6"
"30004","375","2016","1","12","21","12","4","6.33","5.9","6.7"
"30004","375","2016","1","12","22","12","4","5.3","5","5.6"
"30004","375","2016","1","12","23","12","4","4.62","4.2","4.9"
"30004","375","2016","1","13","0","13","4","4.08","3.3","4.6"
"30004","375","2016","1","13","1","13","4","2.55","2.3","2.7"
"30004","375","2016","1","13","2","13","4","1.48","1","2"
"30004","375","2016","1","13","3","13","4","0.6","0.4","0.8"
"30004","375","2016","1","13","4","13","4","-0.42","-0.9","0.2"
"30004","375","2016","1","13","5","13","4","-1.32","-1.6","-1.2"
"30004","375","2016","1","13","6","13","4","-1.62","-1.7","-1.6"
"30004","375","2016","1","13","7","13","4","-1.7","-1.9","-1.5"
"30004","375","2016","1","13","8","13","4","-0.65","-1.6","0.5"
"30004","375","2016","1","13","9","13","4","2.38","2","3.1"
"30004","375","2016","1","13","10","13","4","3.05","2.5","3.7"
"30004","375","2016","1","13","11","13","4","4.45","4","4.9"
"30004","375","2016","1","13","12","13","4","5.7","5.5","6.1"
"30004","375","2016","1","13","13","13","4","6.8","6.4","7.1"
"30004","375","2016","1","13","14","13","4","7.45","7.2","7.6"
"30004","375","2016","1","13","15","13","4","7.7","7.6","7.8"
"30004","375","2016","1","13","16","13","4","7.55","7.4","7.6"
"30004","375","2016","1","13","17","13","4","6.67","6","7.2"
"30004","375","2016","1","13","18","13","4","4.78","4.1","5.5"
"30004","375","2016","1","13","19","13","4","4.17","3.5","4.6"
"30004","375","2016","1","13","20","13","4","2.2","1.7","2.9"
"30004","375","2016","1","13","21","13","4","0.88","0.3","1.7"
"30004","375","2016","1","13","22","13","4","-0.3","-0.8","0.4"
"30004","375","2016","1","13","23","13","4","-0.78","-1","-0.4"
"30004","375","2016","1","14","0","14","4","-2.77","-2.8","-2.7"
"30004","375","2016","1","14","1","14","4","-2.98","-3","-2.9"
"30004","375","2016","1","14","2","14","4","-3.25","-3.4","-3.1"
"30004","375","2016","1","14","3","14","4","-3.45","-3.6","-3.4"
"30004","375","2016","1","14","4","14","4","-3.77","-3.9","-3.7"
"30004","375","2016","1","14","5","14","4","-3.92","-4","-3.9"
"30004","375","2016","1","14","6","14","4","-4.05","-4.1","-4"
"30004","375","2016","1","14","7","14","4","-4.05","-4.1","-4"
"30004","375","2016","1","14","8","14","4","-3.75","-4.1","-3.4"
"30004","375","2016","1","14","9","14","4","-1.05","-2.8","0.8"
"30004","375","2016","1","14","10","14","4","4.62","2.8","6.3"
"30004","375","2016","1","14","11","14","4","8.8","7.6","9.9"
"30004","375","2016","1","14","12","14","4","11.22","10.8","11.7"
"30004","375","2016","1","14","13","14","4","12.07","11.7","12.4"
"30004","375","2016","1","14","14","14","4","13.2","12.8","13.7"
"30004","375","2016","1","14","15","14","4","13.95","13.8","14"
"30004","375","2016","1","14","16","14","4","13.2","12.7","13.7"
"30004","375","2016","1","14","17","14","4","10.68","9.1","12.2"
"30004","375","2016","1","14","18","14","4","7.08","6.3","8.1"
"30004","375","2016","1","14","19","14","4","5.85","5.4","6.2"
"30004","375","2016","1","14","20","14","4","5.17","5.1","5.4"
"30004","375","2016","1","14","21","14","4","5.03","4.9","5.1"
"30004","375","2016","1","14","22","14","4","4.03","3.5","4.6"
"30004","375","2016","1","14","23","14","4","3.35","3.1","3.5"
"30004","375","2016","1","15","0","15","4","2.4","2","2.8"
"30004","375","2016","1","15","1","15","4","1.18","0.7","1.7"
"30004","375","2016","1","15","2","15","4","0.32","0.2","0.5"
"30004","375","2016","1","15","3","15","4","1.45","0.8","2"
"30004","375","2016","1","15","4","15","4","4.2","2.4","5.7"
"30004","375","2016","1","15","5","15","4","6.15","6","6.3"
"30004","375","2016","1","15","6","15","4","4.35","3.9","5.1"
"30004","375","2016","1","15","7","15","4","3.82","3.8","3.9"
"30004","375","2016","1","15","8","15","4","3.73","3.6","3.8"
"30004","375","2016","1","15","9","15","4","3.67","3.6","3.8"
"30004","375","2016","1","15","10","15","4","4.08","3.9","4.2"
"30004","375","2016","1","15","11","15","4","4.33","4.3","4.4"
"30004","375","2016","1","15","12","15","4","5.28","4.6","5.9"
"30004","375","2016","1","15","13","15","4","6.75","6.3","7.1"
"30004","375","2016","1","15","14","15","4","8.47","7.5","9.3"
"30004","375","2016","1","15","15","15","4","9.5","9.1","9.8"
"30004","375","2016","1","15","16","15","4","8.65","8.6","8.8"
"30004","375","2016","1","15","17","15","4","8.32","8.2","8.5"
"30004","375","2016","1","15","18","15","4","8.12","8.1","8.2"
"30004","375","2016","1","15","19","15","4","8.1","8.1","8.1"
"30004","375","2016","1","15","20","15","4","8.22","8.1","8.4"
"30004","375","2016","1","15","21","15","4","8.78","8.5","9"
"30004","375","2016","1","15","22","15","4","9.15","9.1","9.2"
"30004","375","2016","1","15","23","15","4","9.2","9.1","9.3"
"30004","375","2016","1","16","0","16","4","9.1","9","9.2"
"30004","375","2016","1","16","1","16","4","8.95","8.9","9"
"30004","375","2016","1","16","2","16","4","8.97","8.9","9.1"
"30004","375","2016","1","16","3","16","4","8.82","8.7","8.9"
"30004","375","2016","1","16","4","16","4","9.03","8.9","9.2"
"30004","375","2016","1","16","5","16","4","9.5","9.4","9.6"
"30004","375","2016","1","16","6","16","4","9.43","9.2","9.6"
"30004","375","2016","1","16","7","16","4","8.5","8.2","8.9"
"30004","375","2016","1","16","8","16","4","8.5","8.3","8.6"
"30004","375","2016","1","16","9","16","4","8.7","8.4","9.1"
"30004","375","2016","1","16","10","16","4","9.3","9.1","9.5"
"30004","375","2016","1","16","11","16","4","9.82","9.5","10.1"
"30004","375","2016","1","16","12","16","4","10.3","9.9","10.6"
"30004","375","2016","1","16","13","16","4","10.85","10.6","11.1"
"30004","375","2016","1","16","14","16","4","11.32","11.2","11.5"
"30004","375","2016","1","16","15","16","4","11.5","11.4","11.6"
"30004","375","2016","1","16","16","16","4","11.18","10.9","11.4"
"30004","375","2016","1","16","17","16","4","9.85","9","10.6"
"30004","375","2016","1","16","18","16","4","7.62","7.2","8.3"
"30004","375","2016","1","16","19","16","4","5.95","5.3","6.7"
"30004","375","2016","1","16","20","16","4","4.67","4.3","5"
"30004","375","2016","1","16","21","16","4","4.08","4","4.2"
"30004","375","2016","1","16","22","16","4","4.42","4.3","4.7"
"30004","375","2016","1","16","23","16","4","4.53","4.3","4.7"
"30004","375","2016","1","17","0","17","4","3.88","3.7","4.1"
"30004","375","2016","1","17","1","17","4","3.4","3.3","3.6"
"30004","375","2016","1","17","2","17","4","3.02","2.8","3.3"
"30004","375","2016","1","17","3","17","4","2.7","2.6","2.8"
"30004","375","2016","1","17","4","17","4","2.52","2.5","2.6"
"30004","375","2016","1","17","5","17","4","2.02","1.8","2.3"
"30004","375","2016","1","17","6","17","4","1.62","1.6","1.7"
"30004","375","2016","1","17","7","17","4","1.38","1.2","1.5"
"30004","375","2016","1","17","8","17","4","1.25","1","1.6"
"30004","375","2016","1","17","9","17","4","2.23","1.9","2.6"
"30004","375","2016","1","17","10","17","4","3.12","2.8","3.5"
"30004","375","2016","1","17","11","17","4","4.12","3.9","4.4"
"30004","375","2016","1","17","12","17","4","4.7","4.6","4.8"
"30004","375","2016","1","17","13","17","4","5.28","4.8","5.5"
"30004","375","2016","1","17","14","17","4","5.78","5.6","6"
"30004","375","2016","1","17","15","17","4","5.17","5","5.3"
"30004","375","2016","1","17","16","17","4","5","4.8","5.1"
"30004","375","2016","1","17","17","17","4","4.47","4.1","4.8"
"30004","375","2016","1","17","18","17","4","3.42","3","3.8"
"30004","375","2016","1","17","19","17","4","2.2","1.7","2.6"
"30004","375","2016","1","17","20","17","4","1.38","1","1.7"
"30004","375","2016","1","17","21","17","4","1.32","1","1.6"
"30004","375","2016","1","17","22","17","4","-0.13","-0.8","0.6"
"30004","375","2016","1","17","23","17","4","-1.3","-1.5","-1.1"
"30004","375","2016","1","18","0","18","4","-1.6","-1.8","-1.5"
"30004","375","2016","1","18","1","18","4","-2.27","-2.4","-2.1"
"30004","375","2016","1","18","2","18","4","-1.7","-2.2","-1.3"
"30004","375","2016","1","18","3","18","4","-1.27","-1.3","-1.2"
"30004","375","2016","1","18","4","18","4","-1.38","-1.5","-1.3"
"30004","375","2016","1","18","5","18","4","-1.92","-2.1","-1.7"
"30004","375","2016","1","18","6","18","4","-2.48","-2.7","-2.2"
"30004","375","2016","1","18","7","18","4","-3.05","-3.3","-2.8"
"30004","375","2016","1","18","8","18","4","-3.38","-3.4","-3.3"
"30004","375","2016","1","18","9","18","4","-3.12","-3.2","-3"
"30004","375","2016","1","18","10","18","4","-3.05","-3.3","-2.7"
"30004","375","2016","1","18","11","18","4","-2.42","-2.7","-2.3"
"30004","375","2016","1","18","12","18","4","-2.17","-2.3","-2.1"
"30004","375","2016","1","18","13","18","4","-1.67","-1.9","-1.4"
"30004","375","2016","1","18","14","18","4","-1.15","-1.3","-1"
"30004","375","2016","1","18","15","18","4","-0.95","-1","-0.9"
"30004","375","2016","1","18","16","18","4","-1","-1.1","-0.9"
"30004","375","2016","1","18","17","18","4","-1.5","-1.8","-1.2"
"30004","375","2016","1","18","18","18","4","-2.27","-2.5","-2"
"30004","375","2016","1","18","19","18","4","-2.88","-3.1","-2.7"
"30004","375","2016","1","18","20","18","4","-3.5","-3.6","-3.3"
"30004","375","2016","1","18","21","18","4","-3.98","-4.2","-3.8"
"30004","375","2016","1","18","22","18","4","-4.47","-4.7","-4.3"
"30004","375","2016","1","18","23","18","4","-4.97","-5.2","-4.8"
"30004","375","2016","1","19","0","19","4","-5.62","-5.9","-5.3"
"30004","375","2016","1","19","1","19","4","-6.22","-6.3","-6.1"
"30004","375","2016","1","19","2","19","4","-6.55","-6.7","-6.4"
"30004","375","2016","1","19","3","19","4","-6.9","-7","-6.8"
"30004","375","2016","1","19","4","19","4","-7.2","-7.3","-7.1"
"30004","375","2016","1","19","5","19","4","-7.47","-7.6","-7.4"
"30004","375","2016","1","19","6","19","4","-7.72","-7.8","-7.7"
"30004","375","2016","1","19","7","19","4","-7.83","-7.9","-7.8"
"30004","375","2016","1","19","8","19","4","-7.65","-7.8","-7.5"
"30004","375","2016","1","19","9","19","4","-6.78","-7.3","-6.2"
"30004","375","2016","1","19","10","19","4","-5.4","-5.9","-4.9"
"30004","375","2016","1","19","11","19","4","-3.67","-4.3","-3.1"
"30004","375","2016","1","19","12","19","4","-2.2","-2.7","-1.6"
"30004","375","2016","1","19","13","19","4","-0.75","-1.2","-0.2"
"30004","375","2016","1","19","14","19","4","0.4","0","0.7"
"30004","375","2016","1","19","15","19","4","1.15","0.9","1.4"
"30004","375","2016","1","19","16","19","4","1.27","1.2","1.3"
"30004","375","2016","1","19","17","19","4","0.72","0.2","1.2"
"30004","375","2016","1","19","18","19","4","-0.25","-0.5","0"
"30004","375","2016","1","19","19","19","4","-1.05","-1.3","-0.7"
"30004","375","2016","1","19","20","19","4","-1.68","-1.9","-1.4"
"30004","375","2016","1","19","21","19","4","-2.1","-2.3","-1.9"
"30004","375","2016","1","19","22","19","4","-2.45","-2.6","-2.4"
"30004","375","2016","1","19","23","19","4","-2.8","-3","-2.7"
"30004","375","2016","1","20","0","20","4","-3.02","-3.1","-2.8"
"30004","375","2016","1","20","1","20","4","-2.77","-2.9","-2.7"
"30004","375","2016","1","20","2","20","4","-3.17","-3.3","-3"
"30004","375","2016","1","20","3","20","4","-3.02","-3.1","-3"
"30004","375","2016","1","20","4","20","4","-3.08","-3.2","-3"
"30004","375","2016","1","20","5","20","4","-3.05","-3.1","-2.9"
"30004","375","2016","1","20","6","20","4","-2.52","-2.8","-2.2"
"30004","375","2016","1","20","7","20","4","-1.92","-2","-1.8"
"30004","375","2016","1","20","8","20","4","-1.32","-1.6","-1"
"30004","375","2016","1","20","9","20","4","-0.3","-0.8","0.3"
"30004","375","2016","1","20","10","20","4","0.65","0.4","1"
"30004","375","2016","1","20","11","20","4","2.3","1.4","3.4"
"30004","375","2016","1","20","12","20","4","3.92","3.2","4.8"
"30004","375","2016","1","20","13","20","4","2.05","0.7","3.5"
"30004","375","2016","1","20","14","20","4","0.6","0.5","0.7"
"30004","375","2016","1","20","15","20","4","0.57","0.4","0.7"
"30004","375","2016","1","20","16","20","4","0.35","0.3","0.4"
"30004","375","2016","1","20","17","20","4","0.32","0.3","0.4"
"30004","375","2016","1","20","18","20","4","0.38","0.3","0.4"
"30004","375","2016","1","20","19","20","4","0.22","0.2","0.3"
"30004","375","2016","1","20","20","20","4","0.28","0.2","0.4"
"30004","375","2016","1","20","21","20","4","0.4","0.4","0.4"
"30004","375","2016","1","20","22","20","4","0.45","0.4","0.5"
"30004","375","2016","1","20","23","20","4","0.72","0.6","0.8"
"30004","375","2016","1","21","0","21","4","0.95","0.8","1.1"
"30004","375","2016","1","21","1","21","4","1.27","1.2","1.4"
"30004","375","2016","1","21","2","21","4","1.55","1.5","1.6"
"30004","375","2016","1","21","3","21","4","1.7","1.7","1.7"
"30004","375","2016","1","21","4","21","4","1.9","1.7","2"
"30004","375","2016","1","21","5","21","4","1.92","1.7","2"
"30004","375","2016","1","21","6","21","4","0.9","0.6","1.3"
"30004","375","2016","1","21","7","21","4","1.18","0.8","1.5"
"30004","375","2016","1","21","8","21","4","2.27","2","2.6"
"30004","375","2016","1","21","9","21","4","3.47","2.8","4"
"30004","375","2016","1","21","10","21","4","4.45","4","4.9"
"30004","375","2016","1","21","11","21","4","5.17","5","5.4"
"30004","375","2016","1","21","12","21","4","6.08","5.7","6.5"
"30004","375","2016","1","21","13","21","4","7.12","6.9","7.4"
"30004","375","2016","1","21","14","21","4","7.12","6.9","7.3"
"30004","375","2016","1","21","15","21","4","6.83","6.8","6.9"
"30004","375","2016","1","21","16","21","4","6.53","6.4","6.7"
"30004","375","2016","1","21","17","21","4","6","5.7","6.2"
"30004","375","2016","1","21","18","21","4","5.33","5.3","5.4"
"30004","375","2016","1","21","19","21","4","5.28","5.2","5.3"
"30004","375","2016","1","21","20","21","4","5.1","5.1","5.1"
"30004","375","2016","1","21","21","21","4","5.05","5","5.1"
"30004","375","2016","1","21","22","21","4","4.93","4.9","5"
"30004","375","2016","1","21","23","21","4","5","5","5"
"30004","375","2016","1","22","0","22","4","5.05","5","5.1"
"30004","375","2016","1","22","1","22","4","5.1","5.1","5.1"
"30004","375","2016","1","22","2","22","4","5.1","5.1","5.1"
"30004","375","2016","1","22","3","22","4","4.72","4","5.1"
"30004","375","2016","1","22","4","22","4","3.23","3","3.5"
"30004","375","2016","1","22","5","22","4","2.77","2.7","2.9"
"30004","375","2016","1","22","6","22","4","2.5","2.3","2.6"
"30004","375","2016","1","22","7","22","4","2.5","2.4","2.6"
"30004","375","2016","1","22","8","22","4","2.25","2.2","2.3"
"30004","375","2016","1","22","9","22","4","1.98","1.9","2"
"30004","375","2016","1","22","10","22","4","1.9","1.7","2"
"30004","375","2016","1","22","11","22","4","1.52","1.4","1.6"
"30004","375","2016","1","22","12","22","4","1.4","1.4","1.4"
"30004","375","2016","1","22","13","22","4","1.05","0.9","1.2"
"30004","375","2016","1","22","14","22","4","0.78","0.7","0.9"
"30004","375","2016","1","22","15","22","4","0.62","0.5","0.7"
"30004","375","2016","1","22","16","22","4","0.48","0.4","0.6"
"30004","375","2016","1","22","17","22","4","0.02","-0.3","0.3"
"30004","375","2016","1","22","18","22","4","-0.57","-0.6","-0.5"
"30004","375","2016","1","22","19","22","4","-0.6","-0.6","-0.6"
"30004","375","2016","1","22","20","22","4","-0.72","-0.8","-0.6"
"30004","375","2016","1","22","21","22","4","-0.9","-0.9","-0.9"
"30004","375","2016","1","22","22","22","4","-0.8","-0.9","-0.7"
"30004","375","2016","1","22","23","22","4","-0.6","-0.6","-0.6"
"30004","375","2016","1","23","0","23","4","-0.75","-1.2","-0.5"
"30004","375","2016","1","23","1","23","4","-1.8","-2.1","-1.5"
"30004","375","2016","1","23","2","23","4","-2.4","-2.6","-2.2"
"30004","375","2016","1","23","3","23","4","-2.8","-2.9","-2.7"
"30004","375","2016","1","23","4","23","4","-3.02","-3.1","-2.9"
"30004","375","2016","1","23","5","23","4","-3.1","-3.1","-3.1"
"30004","375","2016","1","23","6","23","4","-3.18","-3.2","-3.1"
"30004","375","2016","1","23","7","23","4","-3.3","-3.4","-3.2"
"30004","375","2016","1","23","8","23","4","-3.33","-3.4","-3.2"
"30004","375","2016","1","23","9","23","4","-3.52","-3.6","-3.4"
"30004","375","2016","1","23","10","23","4","-3.23","-3.6","-2.9"
"30004","375","2016","1","23","11","23","4","-2.75","-2.9","-2.6"
"30004","375","2016","1","23","12","23","4","-2.52","-2.7","-2.3"
"30004","375","2016","1","23","13","23","4","-1.75","-2","-1.6"
"30004","375","2016","1","23","14","23","4","-1","-1.3","-0.7"
"30004","375","2016","1","23","15","23","4","-1.02","-1.4","-0.7"
"30004","375","2016","1","23","16","23","4","-1.45","-1.7","-1.3"
"30004","375","2016","1","23","17","23","4","-2.02","-2.3","-1.8"
"30004","375","2016","1","23","18","23","4","-2.4","-2.4","-2.4"
"30004","375","2016","1","23","19","23","4","-2.55","-2.7","-2.4"
"30004","375","2016","1","23","20","23","4","-2.95","-3.1","-2.8"
"30004","375","2016","1","23","21","23","4","-3.2","-3.3","-3.1"
"30004","375","2016","1","23","22","23","4","-3.4","-3.4","-3.4"
"30004","375","2016","1","23","23","23","4","-3.6","-3.7","-3.5"
"30004","375","2016","1","24","0","24","4","-3.85","-3.9","-3.8"
"30004","375","2016","1","24","1","24","4","-4.17","-4.4","-4"
"30004","375","2016","1","24","2","24","4","-5.12","-5.5","-4.8"
"30004","375","2016","1","24","3","24","4","-5.8","-5.9","-5.6"
"30004","375","2016","1","24","4","24","4","-5.22","-5.3","-5.2"
"30004","375","2016","1","24","5","24","4","-5.33","-5.4","-5.3"
"30004","375","2016","1","24","6","24","4","-5.55","-5.6","-5.5"
"30004","375","2016","1","24","7","24","4","-5.72","-5.8","-5.6"
"30004","375","2016","1","24","8","24","4","-5.38","-5.7","-4.9"
"30004","375","2016","1","24","9","24","4","-3.73","-4.4","-3"
"30004","375","2016","1","24","10","24","4","-1.65","-2.5","-0.8"
"30004","375","2016","1","24","11","24","4","0.98","-0.1","2"
"30004","375","2016","1","24","12","24","4","3.38","2.6","4.1"
"30004","375","2016","1","24","13","24","4","5.6","4.8","6.3"
"30004","375","2016","1","24","14","24","4","7.45","6.7","8.1"
"30004","375","2016","1","24","15","24","4","8.7","8.3","9"
"30004","375","2016","1","24","16","24","4","9.18","9","9.3"
"30004","375","2016","1","24","17","24","4","7.17","5.5","8.6"
"30004","375","2016","1","24","18","24","4","3.23","2.3","4.4"
"30004","375","2016","1","24","19","24","4","1.15","0.5","1.8"
"30004","375","2016","1","24","20","24","4","-0.2","-0.6","0.2"
"30004","375","2016","1","24","21","24","4","-1.12","-1.4","-0.8"
"30004","375","2016","1","24","22","24","4","-1.62","-1.7","-1.6"
"30004","375","2016","1","24","23","24","4","-1.88","-2","-1.8"
"30004","375","2016","1","25","0","25","4","-2.18","-2.2","-2.1"
"30004","375","2016","1","25","1","25","4","-2.08","-2.2","-1.9"
"30004","375","2016","1","25","2","25","4","-1.7","-1.8","-1.6"
"30004","375","2016","1","25","3","25","4","-2.15","-2.3","-1.9"
"30004","375","2016","1","25","4","25","4","-2.5","-2.7","-2.3"
"30004","375","2016","1","25","5","25","4","-2.9","-3","-2.8"
"30004","375","2016","1","25","6","25","4","-3.08","-3.3","-2.9"
"30004","375","2016","1","25","7","25","4","-3.33","-3.4","-3.2"
"30004","375","2016","1","25","8","25","4","-2.75","-3.1","-2.3"
"30004","375","2016","1","25","9","25","4","-0.62","-1.8","0.8"
"30004","375","2016","1","25","10","25","4","4.67","2.4","6.4"
"30004","375","2016","1","25","11","25","4","8.03","7.1","8.8"
"30004","375","2016","1","25","12","25","4","9.77","9.2","10.2"
"30004","375","2016","1","25","13","25","4","11.07","10.6","11.5"
"30004","375","2016","1","25","14","25","4","11.93","11.8","12.1"
"30004","375","2016","1","25","15","25","4","12.3","12.2","12.4"
"30004","375","2016","1","25","16","25","4","12.05","11.8","12.2"
"30004","375","2016","1","25","17","25","4","10.95","10.2","11.3"
"30004","375","2016","1","25","18","25","4","7.53","6.4","9.1"
"30004","375","2016","1","25","19","25","4","5.92","5.2","6.3"
"30004","375","2016","1","25","20","25","4","3.97","3.5","4.5"
"30004","375","2016","1","25","21","25","4","2.75","2.3","3.2"
"30004","375","2016","1","25","22","25","4","1.92","1.7","2.2"
"30004","375","2016","1","25","23","25","4","2.23","1.7","2.8"
"30004","375","2016","1","26","0","26","4","3.82","3.3","4.1"
"30004","375","2016","1","26","1","26","4","4.85","4.4","5.2"
"30004","375","2016","1","26","2","26","4","3.92","3.5","4.5"
"30004","375","2016","1","26","3","26","4","3.45","3.3","3.6"
"30004","375","2016","1","26","4","26","4","4.15","3.8","4.5"
"30004","375","2016","1","26","5","26","4","4.78","4.6","5"
"30004","375","2016","1","26","6","26","4","5","4.8","5.3"
"30004","375","2016","1","26","7","26","4","4.83","4.6","5"
"30004","375","2016","1","26","8","26","4","4.97","4.7","5.5"
"30004","375","2016","1","26","9","26","4","7","6.1","7.8"
"30004","375","2016","1","26","10","26","4","8.6","8.2","9"
"30004","375","2016","1","26","11","26","4","9.47","9.1","10"
"30004","375","2016","1","26","12","26","4","11.12","10.6","11.7"
"30004","375","2016","1","26","13","26","4","12.05","11.8","12.3"
"30004","375","2016","1","26","14","26","4","12.45","12.2","12.6"
"30004","375","2016","1","26","15","26","4","12.65","12.6","12.7"
"30004","375","2016","1","26","16","26","4","12.57","12.4","12.7"
"30004","375","2016","1","26","17","26","4","11.68","10.8","12.1"
"30004","375","2016","1","26","18","26","4","9.4","9","9.9"
"30004","375","2016","1","26","19","26","4","8.8","8.7","8.9"
"30004","375","2016","1","26","20","26","4","8.7","8.6","8.8"
"30004","375","2016","1","26","21","26","4","8.4","8.3","8.5"
"30004","375","2016","1","26","22","26","4","8.2","8.2","8.2"
"30004","375","2016","1","26","23","26","4","8.2","8.1","8.3"
"30004","375","2016","1","27","0","27","4","8.38","8.2","8.5"
"30004","375","2016","1","27","1","27","4","8.17","8.1","8.2"
"30004","375","2016","1","27","2","27","4","8.05","8","8.1"
"30004","375","2016","1","27","3","27","4","8.1","8","8.2"
"30004","375","2016","1","27","4","27","4","8.22","8.2","8.3"
"30004","375","2016","1","27","5","27","4","8.32","8.1","8.5"
"30004","375","2016","1","27","6","27","4","6.97","6.4","7.6"
"30004","375","2016","1","27","7","27","4","5.88","5.5","6.2"
"30004","375","2016","1","27","8","27","4","5.12","5","5.2"
"30004","375","2016","1","27","9","27","4","4.7","4.6","4.9"
"30004","375","2016","1","27","10","27","4","4.53","4.3","4.7"
"30004","375","2016","1","27","11","27","4","5.12","4.5","5.8"
"30004","375","2016","1","27","12","27","4","6.58","6.2","6.8"
"30004","375","2016","1","27","13","27","4","6.4","6.2","6.6"
"30004","375","2016","1","27","14","27","4","6.85","6.3","7.4"
"30004","375","2016","1","27","15","27","4","7.9","7.7","8"
"30004","375","2016","1","27","16","27","4","7.28","7","7.7"
"30004","375","2016","1","27","17","27","4","6.35","6.2","6.7"
"30004","375","2016","1","27","18","27","4","5.67","5.4","6"
"30004","375","2016","1","27","19","27","4","5.15","5","5.3"
"30004","375","2016","1","27","20","27","4","4.5","4.1","4.8"
"30004","375","2016","1","27","21","27","4","3.25","2.8","3.7"
"30004","375","2016","1","27","22","27","4","2.52","2.4","2.7"
"30004","375","2016","1","27","23","27","4","2.4","2.3","2.5"
"30004","375","2016","1","28","0","28","4","3.15","2.8","3.4"
"30004","375","2016","1","28","1","28","4","3.7","3.5","3.8"
"30004","375","2016","1","28","2","28","4","3.48","3.1","3.8"
"30004","375","2016","1","28","3","28","4","3.02","2.9","3.1"
"30004","375","2016","1","28","4","28","4","2.92","2.8","3"
"30004","375","2016","1","28","5","28","4","2.3","2.2","2.5"
"30004","375","2016","1","28","6","28","4","2.32","2.3","2.4"
"30004","375","2016","1","28","7","28","4","2.27","2.2","2.3"
"30004","375","2016","1","28","8","28","4","2.7","2.5","3"
"30004","375","2016","1","28","9","28","4","3.67","3.3","4"
"30004","375","2016","1","28","10","28","4","5.08","4.3","6"
"30004","375","2016","1","28","11","28","4","7.4","6.6","8.1"
"30004","375","2016","1","28","12","28","4","8.6","8.1","9.1"
"30004","375","2016","1","28","13","28","4","9.88","9.3","10.4"
"30004","375","2016","1","28","14","28","4","10.8","10.5","11"
"30004","375","2016","1","28","15","28","4","10.93","10.8","11.1"
"30004","375","2016","1","28","16","28","4","10.22","9.8","10.6"
"30004","375","2016","1","28","17","28","4","8.75","7.9","9.5"
"30004","375","2016","1","28","18","28","4","6.17","5.3","7.2"
"30004","375","2016","1","28","19","28","4","4.08","3.4","4.7"
"30004","375","2016","1","28","20","28","4","2.73","2.4","3.1"
"30004","375","2016","1","28","21","28","4","2.08","1.9","2.3"
"30004","375","2016","1","28","22","28","4","1.5","1.3","1.7"
"30004","375","2016","1","28","23","28","4","0.95","0.7","1.2"
"30004","375","2016","1","29","0","29","4","0.35","0.2","0.5"
"30004","375","2016","1","29","1","29","4","0.1","0.1","0.1"
"30004","375","2016","1","29","2","29","4","0.12","0.1","0.2"
"30004","375","2016","1","29","3","29","4","-0.18","-0.4","0.1"
"30004","375","2016","1","29","4","29","4","-0.7","-0.9","-0.5"
"30004","375","2016","1","29","5","29","4","-0.85","-1","-0.6"
"30004","375","2016","1","29","6","29","4","-0.35","-0.4","-0.3"
"30004","375","2016","1","29","7","29","4","0.75","0","1.6"
"30004","375","2016","1","29","8","29","4","2.88","2.2","3.5"
"30004","375","2016","1","29","9","29","4","4.55","3.8","5.3"
"30004","375","2016","1","29","10","29","4","6.72","6","7.3"
"30004","375","2016","1","29","11","29","4","7.7","7.6","8"
"30004","375","2016","1","29","12","29","4","8.9","8.3","9.3"
"30004","375","2016","1","29","13","29","4","10.1","9.8","10.4"
"30004","375","2016","1","29","14","29","4","10.82","10.6","11"
"30004","375","2016","1","29","15","29","4","11.4","11.2","11.6"
"30004","375","2016","1","29","16","29","4","11.25","11.1","11.4"
"30004","375","2016","1","29","17","29","4","10.57","10.1","10.9"
"30004","375","2016","1","29","18","29","4","7.92","6.4","9.6"
"30004","375","2016","1","29","19","29","4","4.78","4.1","5.5"
"30004","375","2016","1","29","20","29","4","3.42","3","3.8"
"30004","375","2016","1","29","21","29","4","2.33","2","2.6"
"30004","375","2016","1","29","22","29","4","1.57","1.4","1.8"
"30004","375","2016","1","29","23","29","4","0.88","0.6","1.1"
"30004","375","2016","1","30","0","30","4","0.38","0.2","0.5"
"30004","375","2016","1","30","1","30","4","-0.3","-0.6","0"
"30004","375","2016","1","30","2","30","4","-0.85","-0.9","-0.8"
"30004","375","2016","1","30","3","30","4","-1.2","-1.4","-1"
"30004","375","2016","1","30","4","30","4","-1.62","-1.7","-1.6"
"30004","375","2016","1","30","5","30","4","-1.82","-1.9","-1.8"
"30004","375","2016","1","30","6","30","4","-1.92","-2","-1.9"
"30004","375","2016","1","30","7","30","4","-1.98","-2","-1.9"
"30004","375","2016","1","30","8","30","4","-1.48","-1.9","-0.8"
"30004","375","2016","1","30","9","30","4","2.4","-0.1","5.8"
"30004","375","2016","1","30","10","30","4","7.83","6.7","8.9"
"30004","375","2016","1","30","11","30","4","10.72","9.5","11.8"
"30004","375","2016","1","30","12","30","4","13.15","12.4","13.9"
"30004","375","2016","1","30","13","30","4","15.15","14.2","15.9"
"30004","375","2016","1","30","14","30","4","16.55","16.3","16.8"
"30004","375","2016","1","30","15","30","4","17.52","17.1","17.8"
"30004","375","2016","1","30","16","30","4","17.52","17.4","17.7"
"30004","375","2016","1","30","17","30","4","16.5","15.4","17.2"
"30004","375","2016","1","30","18","30","4","12.9","11.2","14.5"
"30004","375","2016","1","30","19","30","4","9.57","8.9","10.4"
"30004","375","2016","1","30","20","30","4","8.28","8.1","8.6"
"30004","375","2016","1","30","21","30","4","7.97","7.5","8.4"
"30004","375","2016","1","30","22","30","4","6.5","5.9","7.1"
"30004","375","2016","1","30","23","30","4","5.38","5.2","5.6"
"30004","375","2016","1","31","0","31","4","4.72","4.4","5.1"
"30004","375","2016","1","31","1","31","4","4","3.8","4.2"
"30004","375","2016","1","31","2","31","4","3.27","2.9","3.7"
"30004","375","2016","1","31","3","31","4","2.52","2.3","2.8"
"30004","375","2016","1","31","4","31","4","2.05","1.9","2.2"
"30004","375","2016","1","31","5","31","4","2.5","1.9","3.1"
"30004","375","2016","1","31","6","31","4","3.83","3.4","4.2"
"30004","375","2016","1","31","7","31","4","4.6","4.3","4.9"
"30004","375","2016","1","31","8","31","4","6.28","5.2","7.6"
"30004","375","2016","1","31","9","31","4","9.9","9.2","10.4"
"30004","375","2016","1","31","10","31","4","11.03","10.6","11.4"
"30004","375","2016","1","31","11","31","4","12.3","11.8","12.9"
"30004","375","2016","1","31","12","31","4","13.95","13.3","14.5"
"30004","375","2016","1","31","13","31","4","15","14.7","15.3"
"30004","375","2016","1","31","14","31","4","15.62","15.1","16.4"
"30004","375","2016","1","31","15","31","4","16.5","16.3","16.7"
"30004","375","2016","1","31","16","31","4","16.75","16.5","17.2"
"30004","375","2016","1","31","17","31","4","16.52","15.6","17.2"
"30004","375","2016","1","31","18","31","4","13.97","13.1","15"
"30004","375","2016","1","31","19","31","4","11.85","11.2","12.6"
"30004","375","2016","1","31","20","31","4","10.88","10.8","10.9"
"30004","375","2016","1","31","21","31","4","10.72","10.6","10.9"
"30004","375","2016","1","31","22","31","4","11.6","10.8","12.4"
"30004","375","2016","1","31","23","31","4","13.03","12.8","13.1"
"30004","375","2016","2","1","0","32","4","12.9","12.7","13.1"
"30004","375","2016","2","1","1","32","4","12.35","12.2","12.6"
"30004","375","2016","2","1","2","32","4","12.4","12.2","12.5"
"30004","375","2016","2","1","3","32","4","12.78","12.6","13"
"30004","375","2016","2","1","4","32","4","13.43","13.2","13.7"
"30004","375","2016","2","1","5","32","4","14","13.9","14.1"
"30004","375","2016","2","1","6","32","4","14.1","14.1","14.1"
"30004","375","2016","2","1","7","32","4","14.12","14.1","14.2"
"30004","375","2016","2","1","8","32","4","14.15","14.1","14.2"
"30004","375","2016","2","1","9","32","4","14.6","14.4","15"
"30004","375","2016","2","1","10","32","4","15.62","15.3","15.9"
"30004","375","2016","2","1","11","32","4","16.23","15.9","16.6"
"30004","375","2016","2","1","12","32","4","17.32","17","17.5"
"30004","375","2016","2","1","13","32","4","17.73","17.4","18.2"
"30004","375","2016","2","1","14","32","4","18.55","18.4","18.8"
"30004","375","2016","2","1","15","32","4","19.12","18.8","19.3"
"30004","375","2016","2","1","16","32","4","19.07","18.9","19.3"
"30004","375","2016","2","1","17","32","4","18.65","18.1","19"
"30004","375","2016","2","1","18","32","4","15.78","14.6","17.1"
"30004","375","2016","2","1","19","32","4","13.47","12.9","14.1"
"30004","375","2016","2","1","20","32","4","12.67","12.6","12.7"
"30004","375","2016","2","1","21","32","4","12.55","12.4","12.7"
"30004","375","2016","2","1","22","32","4","11.93","11.7","12.2"
"30004","375","2016","2","1","23","32","4","11.15","10.9","11.4"
"30004","375","2016","2","2","0","33","4","10.43","10.2","10.7"
"30004","375","2016","2","2","1","33","4","10.5","10.3","10.6"
"30004","375","2016","2","2","2","33","4","10.82","10.7","10.9"
"30004","375","2016","2","2","3","33","4","10.93","10.8","11.1"
"30004","375","2016","2","2","4","33","4","11.32","11.1","11.4"
"30004","375","2016","2","2","5","33","4","11.43","11.4","11.5"
"30004","375","2016","2","2","6","33","4","11.77","11.6","12.2"
"30004","375","2016","2","2","7","33","4","12.9","12.7","13.1"
"30004","375","2016","2","2","8","33","4","13.55","13.3","13.8"
"30004","375","2016","2","2","9","33","4","14.18","13.9","14.5"
"30004","375","2016","2","2","10","33","4","15.15","14.7","15.7"
"30004","375","2016","2","2","11","33","4","16.68","16","17.5"
"30004","375","2016","2","2","12","33","4","17.65","17.1","18.2"
"30004","375","2016","2","2","13","33","4","19.35","18.8","19.6"
"30004","375","2016","2","2","14","33","4","20.93","20.3","21.6"
"30004","375","2016","2","2","15","33","4","22.48","22.3","22.7"
"30004","375","2016","2","2","16","33","4","21.75","20.8","22.1"
"30004","375","2016","2","2","17","33","4","18.3","17.6","19.1"
"30004","375","2016","2","2","18","33","4","16.67","16.2","17.2"
"30004","375","2016","2","2","19","33","4","15.95","15.9","16"
"30004","375","2016","2","2","20","33","4","16.02","15.9","16.2"
"30004","375","2016","2","2","21","33","4","16.25","16.2","16.3"
"30004","375","2016","2","2","22","33","4","16.77","16.3","17.1"
"30004","375","2016","2","2","23","33","4","17.68","17.3","18.2"
"30004","375","2016","2","3","0","34","4","18.45","18.4","18.5"
"30004","375","2016","2","3","1","34","4","18.8","18.5","19"
"30004","375","2016","2","3","2","34","4","18.93","18.8","19"
"30004","375","2016","2","3","3","34","4","18.9","18.9","18.9"
"30004","375","2016","2","3","4","34","4","19.1","19","19.2"
"30004","375","2016","2","3","5","34","4","19.05","19","19.1"
"30004","375","2016","2","3","6","34","4","18.4","17.4","19"
"30004","375","2016","2","3","7","34","4","15.97","15.2","16.8"
"30004","375","2016","2","3","8","34","4","14.28","13.6","14.8"
"30004","375","2016","2","3","9","34","4","13.15","13","13.3"
"30004","375","2016","2","3","10","34","4","13.03","13","13.1"
"30004","375","2016","2","3","11","34","4","13.78","13.4","14.1"
"30004","375","2016","2","3","12","34","4","14.5","14.4","14.6"
"30004","375","2016","2","3","13","34","4","14.88","14.7","15.1"
"30004","375","2016","2","3","14","34","4","14.75","14.6","14.9"
"30004","375","2016","2","3","15","34","4","14.82","14.7","15"
"30004","375","2016","2","3","16","34","4","14.72","14.6","14.9"
"30004","375","2016","2","3","17","34","4","14.05","13.7","14.4"
"30004","375","2016","2","3","18","34","4","12.22","11.5","13.1"
"30004","375","2016","2","3","19","34","4","10.82","10.6","11.1"
"30004","375","2016","2","3","20","34","4","10.4","10.2","10.5"
"30004","375","2016","2","3","21","34","4","9.82","9.7","10"
"30004","375","2016","2","3","22","34","4","10.03","9.8","10.2"
"30004","375","2016","2","3","23","34","4","10.2","9.9","10.4"
"30004","375","2016","2","4","0","35","4","9.43","9","10"
"30004","375","2016","2","4","1","35","4","8.65","8.4","8.8"
"30004","375","2016","2","4","2","35","4","8.43","8","8.7"
"30004","375","2016","2","4","3","35","4","7","6.4","7.6"
"30004","375","2016","2","4","4","35","4","5.58","5.1","6.1"
"30004","375","2016","2","4","5","35","4","4.42","4.1","4.8"
"30004","375","2016","2","4","6","35","4","3.7","3.5","3.9"
"30004","375","2016","2","4","7","35","4","3.1","2.9","3.3"
"30004","375","2016","2","4","8","35","4","2.73","2.6","2.8"
"30004","375","2016","2","4","9","35","4","3.95","3.1","4.8"
"30004","375","2016","2","4","10","35","4","6.35","5.4","7.2"
"30004","375","2016","2","4","11","35","4","8.22","7.8","8.7"
"30004","375","2016","2","4","12","35","4","9.18","8.9","9.4"
"30004","375","2016","2","4","13","35","4","9.35","9","9.5"
"30004","375","2016","2","4","14","35","4","9.45","9.4","9.5"
"30004","375","2016","2","4","15","35","4","9.2","9.1","9.3"
"30004","375","2016","2","4","16","35","4","8.95","8.8","9.1"
"30004","375","2016","2","4","17","35","4","7.97","7.6","8.4"
"30004","375","2016","2","4","18","35","4","6.8","6.4","7.2"
"30004","375","2016","2","4","19","35","4","5.92","5.7","6.2"
"30004","375","2016","2","4","20","35","4","5.2","4.9","5.5"
"30004","375","2016","2","4","21","35","4","4.1","3.7","4.5"
"30004","375","2016","2","4","22","35","4","2.98","2.6","3.4"
"30004","375","2016","2","4","23","35","4","2.02","1.7","2.4"
"30004","375","2016","2","5","0","36","4","1.35","1.1","1.6"
"30004","375","2016","2","5","1","36","4","0.75","0.5","1"
"30004","375","2016","2","5","2","36","4","0.15","-0.1","0.4"
"30004","375","2016","2","5","3","36","4","-0.4","-0.6","-0.2"
"30004","375","2016","2","5","4","36","4","-0.9","-1.1","-0.7"
"30004","375","2016","2","5","5","36","4","-1.35","-1.5","-1.2"
"30004","375","2016","2","5","6","36","4","-1.8","-2.2","-1.6"
"30004","375","2016","2","5","7","36","4","-2.42","-2.5","-2.4"
"30004","375","2016","2","5","8","36","4","-1.62","-2.5","-0.5"
"30004","375","2016","2","5","9","36","4","1.15","0.2","2"
"30004","375","2016","2","5","10","36","4","3.35","2.5","4.1"
"30004","375","2016","2","5","11","36","4","5.42","4.8","5.9"
"30004","375","2016","2","5","12","36","4","6.45","6.1","6.7"
"30004","375","2016","2","5","13","36","4","7.38","6.9","7.8"
"30004","375","2016","2","5","14","36","4","8","7.8","8.4"
"30004","375","2016","2","5","15","36","4","8.47","8.3","8.6"
"30004","375","2016","2","5","16","36","4","8.45","8.4","8.6"
"30004","375","2016","2","5","17","36","4","7.8","7.2","8.2"
"30004","375","2016","2","5","18","36","4","6.15","5.5","6.7"
"30004","375","2016","2","5","19","36","4","4","3.2","4.8"
"30004","375","2016","2","5","20","36","4","2.08","1.5","2.7"
"30004","375","2016","2","5","21","36","4","0.68","0.1","1.2"
"30004","375","2016","2","5","22","36","4","-0.62","-1","-0.2"
"30004","375","2016","2","5","23","36","4","-1.45","-1.6","-1.2"
"30004","375","2016","2","6","0","37","4","-2","-2.2","-1.8"
"30004","375","2016","2","6","1","37","4","-2.35","-2.4","-2.3"
"30004","375","2016","2","6","2","37","4","-2.3","-2.3","-2.3"
"30004","375","2016","2","6","3","37","4","-2.45","-2.5","-2.4"
"30004","375","2016","2","6","4","37","4","-2.42","-2.8","-1.5"
"30004","375","2016","2","6","5","37","4","0.3","0","0.4"
"30004","375","2016","2","6","6","37","4","0.15","0.1","0.2"
"30004","375","2016","2","6","7","37","4","-0.45","-0.7","-0.1"
"30004","375","2016","2","6","8","37","4","-0.62","-0.8","-0.2"
"30004","375","2016","2","6","9","37","4","1.62","0.7","2.6"
"30004","375","2016","2","6","10","37","4","4.22","3.5","4.8"
"30004","375","2016","2","6","11","37","4","5.83","5.2","6.5"
"30004","375","2016","2","6","12","37","4","7.2","6.9","7.6"
"30004","375","2016","2","6","13","37","4","8.12","7.7","8.6"
"30004","375","2016","2","6","14","37","4","8.65","8.5","8.8"
"30004","375","2016","2","6","15","37","4","9.18","8.9","9.3"
"30004","375","2016","2","6","16","37","4","9.22","9","9.4"
"30004","375","2016","2","6","17","37","4","9.22","8.9","9.5"
"30004","375","2016","2","6","18","37","4","7.38","6.4","8.4"
"30004","375","2016","2","6","19","37","4","4.22","3.2","5.4"
"30004","375","2016","2","6","20","37","4","2.12","1.6","2.7"
"30004","375","2016","2","6","21","37","4","0.82","0.4","1.3"
"30004","375","2016","2","6","22","37","4","-0.43","-0.8","0"
"30004","375","2016","2","6","23","37","4","-1.25","-1.6","-0.9"
"30004","375","2016","2","7","0","38","4","-1.6","-1.6","-1.6"
"30004","375","2016","2","7","1","38","4","-1.88","-2.1","-1.7"
"30004","375","2016","2","7","2","38","4","-2.33","-2.4","-2.2"
"30004","375","2016","2","7","3","38","4","-2.65","-2.7","-2.5"
"30004","375","2016","2","7","4","38","4","-2.88","-2.9","-2.8"
"30004","375","2016","2","7","5","38","4","-3.12","-3.3","-2.9"
"30004","375","2016","2","7","6","38","4","-3.38","-3.4","-3.3"
"30004","375","2016","2","7","7","38","4","-3.52","-3.6","-3.4"
"30004","375","2016","2","7","8","38","4","-2.88","-3.4","-2.1"
"30004","375","2016","2","7","9","38","4","1.33","-1.1","4.4"
"30004","375","2016","2","7","10","38","4","6.83","5.7","7.7"
"30004","375","2016","2","7","11","38","4","8.82","8.2","9.6"
"30004","375","2016","2","7","12","38","4","10.38","10.1","10.7"
"30004","375","2016","2","7","13","38","4","11.25","11.1","11.4"
"30004","375","2016","2","7","14","38","4","11.7","11.5","11.9"
"30004","375","2016","2","7","15","38","4","11.9","11.8","12"
"30004","375","2016","2","7","16","38","4","11.82","11.6","12.1"
"30004","375","2016","2","7","17","38","4","10.75","10.2","11.3"
"30004","375","2016","2","7","18","38","4","8.8","7.4","9.9"
"30004","375","2016","2","7","19","38","4","5.38","4.5","6.4"
"30004","375","2016","2","7","20","38","4","3.38","2.8","4"
"30004","375","2016","2","7","21","38","4","2","1.6","2.4"
"30004","375","2016","2","7","22","38","4","1.4","1.3","1.5"
"30004","375","2016","2","7","23","38","4","1.02","0.8","1.2"
"30004","375","2016","2","8","0","39","4","0.48","0.4","0.6"
"30004","375","2016","2","8","1","39","4","0.2","0.2","0.2"
"30004","375","2016","2","8","2","39","4","0.05","-0.1","0.2"
"30004","375","2016","2","8","3","39","4","-0.18","-0.2","-0.1"
"30004","375","2016","2","8","4","39","4","0.45","0","1.1"
"30004","375","2016","2","8","5","39","4","1.48","1.4","1.6"
"30004","375","2016","2","8","6","39","4","2.27","1.9","2.4"
"30004","375","2016","2","8","7","39","4","2.38","2.2","2.5"
"30004","375","2016","2","8","8","39","4","3.4","2.4","4.2"
"30004","375","2016","2","8","9","39","4","5.53","4.8","5.9"
"30004","375","2016","2","8","10","39","4","5.9","5.8","6.1"
"30004","375","2016","2","8","11","39","4","7.55","6.6","8.5"
"30004","375","2016","2","8","12","39","4","9.22","8.5","9.8"
"30004","375","2016","2","8","13","39","4","9.95","9.6","10.8"
"30004","375","2016","2","8","14","39","4","9.85","9.4","10.4"
"30004","375","2016","2","8","15","39","4","9.03","8.7","9.4"
"30004","375","2016","2","8","16","39","4","8.45","8.3","8.6"
"30004","375","2016","2","8","17","39","4","7.1","6.7","7.6"
"30004","375","2016","2","8","18","39","4","6.08","5.7","6.5"
"30004","375","2016","2","8","19","39","4","5.53","5.4","5.6"
"30004","375","2016","2","8","20","39","4","5","4.7","5.3"
"30004","375","2016","2","8","21","39","4","3.92","3.2","4.5"
"30004","375","2016","2","8","22","39","4","2.65","2.3","3"
"30004","375","2016","2","8","23","39","4","1.77","1.3","2.1"
"30004","375","2016","2","9","0","40","4","1.08","1","1.1"
"30004","375","2016","2","9","1","40","4","1.2","1.2","1.2"
"30004","375","2016","2","9","2","40","4","1.25","1.2","1.3"
"30004","375","2016","2","9","3","40","4","0.95","0.7","1.2"
"30004","375","2016","2","9","4","40","4","0.6","0.5","0.7"
"30004","375","2016","2","9","5","40","4","0.38","0.3","0.4"
"30004","375","2016","2","9","6","40","4","0.02","-0.1","0.2"
"30004","375","2016","2","9","7","40","4","-0.12","-0.2","0"
"30004","375","2016","2","9","8","40","4","-0.58","-0.9","-0.1"
"30004","375","2016","2","9","9","40","4","-0.92","-1.1","-0.8"
"30004","375","2016","2","9","10","40","4","-1.18","-1.3","-1.1"
"30004","375","2016","2","9","11","40","4","-0.73","-1.1","-0.4"
"30004","375","2016","2","9","12","40","4","-1.15","-1.3","-1"
"30004","375","2016","2","9","13","40","4","-0.35","-1.2","0.2"
"30004","375","2016","2","9","14","40","4","0.32","-0.1","0.6"
"30004","375","2016","2","9","15","40","4","-1.03","-1.3","-0.8"
"30004","375","2016","2","9","16","40","4","-0.98","-1.3","-0.7"
"30004","375","2016","2","9","17","40","4","-0.8","-1","-0.6"
"30004","375","2016","2","9","18","40","4","-1.43","-1.6","-1.2"
"30004","375","2016","2","9","19","40","4","-1.8","-2","-1.6"
"30004","375","2016","2","9","20","40","4","-2.33","-2.7","-2"
"30004","375","2016","2","9","21","40","4","-3.17","-3.4","-2.9"
"30004","375","2016","2","9","22","40","4","-3.45","-3.5","-3.4"
"30004","375","2016","2","9","23","40","4","-3.6","-3.7","-3.5"
"30004","375","2016","2","10","0","41","4","-3.85","-4","-3.7"
"30004","375","2016","2","10","1","41","4","-4.08","-4.2","-4"
"30004","375","2016","2","10","2","41","4","-4.2","-4.3","-4.1"
"30004","375","2016","2","10","3","41","4","-4.35","-4.4","-4.2"
"30004","375","2016","2","10","4","41","4","-4.62","-4.9","-4.4"
"30004","375","2016","2","10","5","41","4","-5.6","-5.9","-5.2"
"30004","375","2016","2","10","6","41","4","-6.05","-6.1","-6"
"30004","375","2016","2","10","7","41","4","-5.97","-6.1","-5.9"
"30004","375","2016","2","10","8","41","4","-5.53","-5.7","-5.4"
"30004","375","2016","2","10","9","41","4","-4.9","-5.1","-4.8"
"30004","375","2016","2","10","10","41","4","-4.42","-4.7","-4.2"
"30004","375","2016","2","10","11","41","4","-3.52","-4.1","-2.7"
"30004","375","2016","2","10","12","41","4","-2.35","-3","-2"
"30004","375","2016","2","10","13","41","4","-1.02","-1.2","-0.7"
"30004","375","2016","2","10","14","41","4","-0.3","-0.5","-0.1"
"30004","375","2016","2","10","15","41","4","0.38","0","0.7"
"30004","375","2016","2","10","16","41","4","0.55","0.4","0.7"
"30004","375","2016","2","10","17","41","4","0.08","-0.2","0.2"
"30004","375","2016","2","10","18","41","4","-0.52","-0.6","-0.4"
"30004","375","2016","2","10","19","41","4","-0.52","-0.6","-0.5"
"30004","375","2016","2","10","20","41","4","-0.57","-0.6","-0.5"
"30004","375","2016","2","10","21","41","4","-0.62","-0.7","-0.6"
"30004","375","2016","2","10","22","41","4","-0.82","-0.9","-0.8"
"30004","375","2016","2","10","23","41","4","-1","-1.1","-0.8"
"30004","375","2016","2","11","0","42","4","-1.23","-1.3","-1.2"
"30004","375","2016","2","11","1","42","4","-1.2","-1.2","-1.2"
"30004","375","2016","2","11","2","42","4","-1.15","-1.2","-1.1"
"30004","375","2016","2","11","3","42","4","-1.1","-1.1","-1.1"
"30004","375","2016","2","11","4","42","4","-1.57","-2.1","-1.1"
"30004","375","2016","2","11","5","42","4","-2.85","-3.1","-2.5"
"30004","375","2016","2","11","6","42","4","-3.45","-3.6","-3.3"
"30004","375","2016","2","11","7","42","4","-3.73","-3.8","-3.6"
"30004","375","2016","2","11","8","42","4","-2.85","-3.6","-1.8"
"30004","375","2016","2","11","9","42","4","0.2","-0.8","1.3"
"30004","375","2016","2","11","10","42","4","3.25","2.2","4.3"
"30004","375","2016","2","11","11","42","4","5.5","4.7","6.5"
"30004","375","2016","2","11","12","42","4","7.3","6.6","8.2"
"30004","375","2016","2","11","13","42","4","8.65","8.4","9"
"30004","375","2016","2","11","14","42","4","9.35","9.1","9.7"
"30004","375","2016","2","11","15","42","4","10.18","9.9","10.5"
"30004","375","2016","2","11","16","42","4","10.57","10.4","10.7"
"30004","375","2016","2","11","17","42","4","9.95","9.4","10.4"
"30004","375","2016","2","11","18","42","4","7.75","6.3","8.9"
"30004","375","2016","2","11","19","42","4","4.9","4.6","5.5"
"30004","375","2016","2","11","20","42","4","3.92","3.2","4.5"
"30004","375","2016","2","11","21","42","4","2.23","1.8","2.7"
"30004","375","2016","2","11","22","42","4","1.35","1","1.6"
"30004","375","2016","2","11","23","42","4","0.4","0.1","0.7"
"30004","375","2016","2","12","0","43","4","-0.22","-0.4","-0.1"
"30004","375","2016","2","12","1","43","4","-0.48","-0.5","-0.4"
"30004","375","2016","2","12","2","43","4","-0.55","-0.6","-0.5"
"30004","375","2016","2","12","3","43","4","-0.35","-0.6","0"
"30004","375","2016","2","12","4","43","4","0.2","0.1","0.4"
"30004","375","2016","2","12","5","43","4","0.78","0.6","0.9"
"30004","375","2016","2","12","6","43","4","1.27","1","1.5"
"30004","375","2016","2","12","7","43","4","1.73","1.7","1.8"
"30004","375","2016","2","12","8","43","4","2.75","2","3.4"
"30004","375","2016","2","12","9","43","4","4.1","3.7","4.5"
"30004","375","2016","2","12","10","43","4","5.33","4.8","6"
"30004","375","2016","2","12","11","43","4","7.7","6.7","8.9"
"30004","375","2016","2","12","12","43","4","10.62","9.7","11.7"
"30004","375","2016","2","12","13","43","4","12.5","11.9","12.9"
"30004","375","2016","2","12","14","43","4","13.3","13.2","13.4"
"30004","375","2016","2","12","15","43","4","13.62","13.3","13.9"
"30004","375","2016","2","12","16","43","4","13.75","13.7","13.8"
"30004","375","2016","2","12","17","43","4","13","12.6","13.4"
"30004","375","2016","2","12","18","43","4","11.55","10.7","12.1"
"30004","375","2016","2","12","19","43","4","9.1","8.3","10"
"30004","375","2016","2","12","20","43","4","7.47","7.1","7.9"
"30004","375","2016","2","12","21","43","4","6.33","5.9","6.8"
"30004","375","2016","2","12","22","43","4","5.12","4.7","5.6"
"30004","375","2016","2","12","23","43","4","3.9","3.4","4.4"
"30004","375","2016","2","13","0","44","4","2.55","2.1","3"
"30004","375","2016","2","13","1","44","4","1.32","0.9","1.7"
"30004","375","2016","2","13","2","44","4","0.4","0.1","0.7"
"30004","375","2016","2","13","3","44","4","-0.42","-0.7","-0.1"
"30004","375","2016","2","13","4","44","4","-1.05","-1.3","-0.8"
"30004","375","2016","2","13","5","44","4","-1.48","-1.6","-1.4"
"30004","375","2016","2","13","6","44","4","-1.77","-1.9","-1.6"
"30004","375","2016","2","13","7","44","4","-2.27","-2.5","-2.1"
"30004","375","2016","2","13","8","44","4","-2.52","-2.6","-2.4"
"30004","375","2016","2","13","9","44","4","-1.73","-2.2","-1.3"
"30004","375","2016","2","13","10","44","4","-0.57","-1","-0.3"
"30004","375","2016","2","13","11","44","4","0.52","0.1","0.9"
"30004","375","2016","2","13","12","44","4","1.75","1.3","2.2"
"30004","375","2016","2","13","13","44","4","2.8","2.5","3"
"30004","375","2016","2","13","14","44","4","3.05","2.9","3.2"
"30004","375","2016","2","13","15","44","4","3.33","3.2","3.4"
"30004","375","2016","2","13","16","44","4","3.12","3.1","3.2"
"30004","375","2016","2","13","17","44","4","2.27","1.9","2.6"
"30004","375","2016","2","13","18","44","4","1.2","0.8","1.6"
"30004","375","2016","2","13","19","44","4","0.22","0","0.5"
"30004","375","2016","2","13","20","44","4","-0.38","-0.6","-0.1"
"30004","375","2016","2","13","21","44","4","-0.95","-1.1","-0.8"
"30004","375","2016","2","13","22","44","4","-1.45","-1.8","-1.2"
"30004","375","2016","2","13","23","44","4","-2.12","-2.4","-1.9"
"30004","375","2016","2","14","0","45","4","-2.77","-2.9","-2.6"
"30004","375","2016","2","14","1","45","4","-2.85","-3.1","-2.6"
"30004","375","2016","2","14","2","45","4","-2.9","-3.2","-2.6"
"30004","375","2016","2","14","3","45","4","-3.17","-3.4","-2.8"
"30004","375","2016","2","14","4","45","4","-2.17","-2.5","-1.8"
"30004","375","2016","2","14","5","45","4","-1.7","-1.9","-1.6"
"30004","375","2016","2","14","6","45","4","-2","-2.1","-1.9"
"30004","375","2016","2","14","7","45","4","-2.42","-2.5","-2.3"
"30004","375","2016","2","14","8","45","4","-2.17","-2.4","-1.9"
"30004","375","2016","2","14","9","45","4","-1.1","-1.6","-0.6"
"30004","375","2016","2","14","10","45","4","0.25","-0.4","0.8"
"30004","375","2016","2","14","11","45","4","2.02","1.3","2.9"
"30004","375","2016","2","14","12","45","4","3.8","3.3","4.2"
"30004","375","2016","2","14","13","45","4","5.02","4.6","5.6"
"30004","375","2016","2","14","14","45","4","5.88","5.5","6.2"
"30004","375","2016","2","14","15","45","4","6.08","5.9","6.2"
"30004","375","2016","2","14","16","45","4","5.88","5.8","5.9"
"30004","375","2016","2","14","17","45","4","5.72","5.6","5.8"
"30004","375","2016","2","14","18","45","4","5.2","4.7","5.6"
"30004","375","2016","2","14","19","45","4","3.75","2.9","4.4"
"30004","375","2016","2","14","20","45","4","1.7","1.3","2.2"
"30004","375","2016","2","14","21","45","4","0.6","0.2","1"
"30004","375","2016","2","14","22","45","4","-0.3","-0.6","0"
"30004","375","2016","2","14","23","45","4","-0.9","-1","-0.7"
"30004","375","2016","2","15","0","46","4","-0.98","-1.1","-0.9"
"30004","375","2016","2","15","1","46","4","-0.9","-0.9","-0.9"
"30004","375","2016","2","15","2","46","4","-0.8","-0.8","-0.8"
"30004","375","2016","2","15","3","46","4","-1","-1.1","-0.9"
"30004","375","2016","2","15","4","46","4","-1.08","-1.1","-1"
"30004","375","2016","2","15","5","46","4","-1.05","-1.1","-1"
"30004","375","2016","2","15","6","46","4","-1.08","-1.1","-1"
"30004","375","2016","2","15","7","46","4","-1.1","-1.1","-1.1"
"30004","375","2016","2","15","8","46","4","-1.02","-1.1","-1"
"30004","375","2016","2","15","9","46","4","-0.8","-1","-0.6"
"30004","375","2016","2","15","10","46","4","-0.4","-0.6","-0.2"
"30004","375","2016","2","15","11","46","4","0.08","-0.3","0.2"
"30004","375","2016","2","15","12","46","4","0.62","0.4","0.8"
"30004","375","2016","2","15","13","46","4","0.7","0.6","0.8"
"30004","375","2016","2","15","14","46","4","1.52","0.8","2.3"
"30004","375","2016","2","15","15","46","4","2.8","2.7","2.9"
"30004","375","2016","2","15","16","46","4","2.65","2.6","2.7"
"30004","375","2016","2","15","17","46","4","2.02","1.5","2.4"
"30004","375","2016","2","15","18","46","4","0.85","0.4","1.2"
"30004","375","2016","2","15","19","46","4","0.22","0","0.4"
"30004","375","2016","2","15","20","46","4","-0.05","-0.1","0.1"
"30004","375","2016","2","15","21","46","4","0.38","0.2","0.6"
"30004","375","2016","2","15","22","46","4","1.4","0.7","1.9"
"30004","375","2016","2","15","23","46","4","1.88","1.8","2"
"30004","375","2016","2","16","0","47","4","1.98","1.9","2"
"30004","375","2016","2","16","1","47","4","1.9","1.8","2"
"30004","375","2016","2","16","2","47","4","2.23","2.1","2.4"
"30004","375","2016","2","16","3","47","4","3.23","2.6","3.8"
"30004","375","2016","2","16","4","47","4","4.1","4","4.2"
"30004","375","2016","2","16","5","47","4","4.1","3.8","4.3"
"30004","375","2016","2","16","6","47","4","3.23","3.1","3.5"
"30004","375","2016","2","16","7","47","4","3.12","3","3.2"
"30004","375","2016","2","16","8","47","4","3.45","3","4"
"30004","375","2016","2","16","9","47","4","4.5","4.1","4.8"
"30004","375","2016","2","16","10","47","4","5.62","5.1","6.2"
"30004","375","2016","2","16","11","47","4","7.72","6.8","8.5"
"30004","375","2016","2","16","12","47","4","9.9","9.2","10.6"
"30004","375","2016","2","16","13","47","4","11.62","11.3","12.1"
"30004","375","2016","2","16","14","47","4","12.65","12.1","13.1"
"30004","375","2016","2","16","15","47","4","13.8","13.5","14.1"
"30004","375","2016","2","16","16","47","4","13.82","13.6","14.2"
"30004","375","2016","2","16","17","47","4","13.43","12.8","13.8"
"30004","375","2016","2","16","18","47","4","10.8","9.6","12.1"
"30004","375","2016","2","16","19","47","4","8.88","8.5","9.1"
"30004","375","2016","2","16","20","47","4","8.1","7.8","8.3"
"30004","375","2016","2","16","21","47","4","7.62","7.5","7.8"
"30004","375","2016","2","16","22","47","4","7.72","7.5","7.9"
"30004","375","2016","2","16","23","47","4","7.53","7.4","7.6"
"30004","375","2016","2","17","0","48","4","7.65","7.5","7.7"
"30004","375","2016","2","17","1","48","4","6.95","6.9","7.1"
"30004","375","2016","2","17","2","48","4","6.88","6.8","6.9"
"30004","375","2016","2","17","3","48","4","6.3","6","6.6"
"30004","375","2016","2","17","4","48","4","5.6","5.3","5.9"
"30004","375","2016","2","17","5","48","4","5.28","5.1","5.4"
"30004","375","2016","2","17","6","48","4","4.8","4.7","5"
"30004","375","2016","2","17","7","48","4","4.62","4.4","4.8"
"30004","375","2016","2","17","8","48","4","4.62","4.3","5"
"30004","375","2016","2","17","9","48","4","5.75","5.3","6.2"
"30004","375","2016","2","17","10","48","4","6.88","6.6","7.3"
"30004","375","2016","2","17","11","48","4","8.03","7.5","8.5"
"30004","375","2016","2","17","12","48","4","9.12","8.8","9.5"
"30004","375","2016","2","17","13","48","4","9.88","9.8","10"
"30004","375","2016","2","17","14","48","4","9.65","9.5","9.8"
"30004","375","2016","2","17","15","48","4","9.55","9.4","9.7"
"30004","375","2016","2","17","16","48","4","9.22","8.9","9.6"
"30004","375","2016","2","17","17","48","4","7.65","6.8","8.6"
"30004","375","2016","2","17","18","48","4","5.53","4.9","6.2"
"30004","375","2016","2","17","19","48","4","4.35","4.1","4.6"
"30004","375","2016","2","17","20","48","4","3.6","3.3","3.9"
"30004","375","2016","2","17","21","48","4","3","2.8","3.2"
"30004","375","2016","2","17","22","48","4","2.55","2.4","2.7"
"30004","375","2016","2","17","23","48","4","2","1.7","2.3"
"30004","375","2016","2","18","0","49","4","1.23","0.9","1.5"
"30004","375","2016","2","18","1","49","4","0.05","-0.4","0.6"
"30004","375","2016","2","18","2","49","4","-1.1","-1.4","-0.8"
"30004","375","2016","2","18","3","49","4","-1.73","-1.8","-1.6"
"30004","375","2016","2","18","4","49","4","-1.92","-2","-1.8"
"30004","375","2016","2","18","5","49","4","-2.12","-2.2","-2.1"
"30004","375","2016","2","18","6","49","4","-2.27","-2.3","-2.2"
"30004","375","2016","2","18","7","49","4","-2.27","-2.3","-2.2"
"30004","375","2016","2","18","8","49","4","-1.32","-2.1","-0.2"
"30004","375","2016","2","18","9","49","4","2.7","0.9","4.9"
"30004","375","2016","2","18","10","49","4","6.7","6","7.3"
"30004","375","2016","2","18","11","49","4","9.03","8.1","9.9"
"30004","375","2016","2","18","12","49","4","11.05","10.2","11.6"
"30004","375","2016","2","18","13","49","4","12.15","11.4","12.6"
"30004","375","2016","2","18","14","49","4","12.88","12.7","13.2"
"30004","375","2016","2","18","15","49","4","13.93","13.6","14.2"
"30004","375","2016","2","18","16","49","4","14.8","14.4","15.3"
"30004","375","2016","2","18","17","49","4","14.45","13.4","15.4"
"30004","375","2016","2","18","18","49","4","11.15","9.6","12.7"
"30004","375","2016","2","18","19","49","4","8.05","7.3","8.8"
"30004","375","2016","2","18","20","49","4","6.62","6.3","7"
"30004","375","2016","2","18","21","49","4","6.03","5.8","6.2"
"30004","375","2016","2","18","22","49","4","5.4","5.3","5.6"
"30004","375","2016","2","18","23","49","4","5.15","5.1","5.3"
"30004","375","2016","2","19","0","50","4","5.67","5.4","5.9"
"30004","375","2016","2","19","1","50","4","5.25","4.9","5.7"
"30004","375","2016","2","19","2","50","4","4.22","4","4.6"
"30004","375","2016","2","19","3","50","4","4.47","4.1","4.8"
"30004","375","2016","2","19","4","50","4","4.62","4.4","4.8"
"30004","375","2016","2","19","5","50","4","4.12","3.7","4.4"
"30004","375","2016","2","19","6","50","4","2.98","2.7","3.4"
"30004","375","2016","2","19","7","50","4","2.55","2.5","2.7"
"30004","375","2016","2","19","8","50","4","4.28","2.7","5.7"
"30004","375","2016","2","19","9","50","4","7.03","6.2","7.9"
"30004","375","2016","2","19","10","50","4","9.4","8.6","10.1"
"30004","375","2016","2","19","11","50","4","11.78","10.9","12.6"
"30004","375","2016","2","19","12","50","4","13.65","13.1","14.1"
"30004","375","2016","2","19","13","50","4","14.97","14.6","15.3"
"30004","375","2016","2","19","14","50","4","15.65","15.4","16"
"30004","375","2016","2","19","15","50","4","16.38","16.2","16.7"
"30004","375","2016","2","19","16","50","4","17.07","16.7","17.5"
"30004","375","2016","2","19","17","50","4","16.55","15.9","17.2"
"30004","375","2016","2","19","18","50","4","14.35","13.2","15.5"
"30004","375","2016","2","19","19","50","4","11.3","10.2","12.5"
"30004","375","2016","2","19","20","50","4","8.9","8.3","9.6"
"30004","375","2016","2","19","21","50","4","7.5","7","8"
"30004","375","2016","2","19","22","50","4","6.42","6.3","6.7"
"30004","375","2016","2","19","23","50","4","6.08","6","6.2"
"30004","375","2016","2","20","0","51","4","5.83","5.6","6"
"30004","375","2016","2","20","1","51","4","5.22","5.1","5.4"
"30004","375","2016","2","20","2","51","4","5.05","4.9","5.2"
"30004","375","2016","2","20","3","51","4","5.67","5.3","6.1"
"30004","375","2016","2","20","4","51","4","7.03","6.3","8"
"30004","375","2016","2","20","5","51","4","9.38","9.1","9.5"
"30004","375","2016","2","20","6","51","4","8.95","8.7","9.2"
"30004","375","2016","2","20","7","51","4","8.7","8.7","8.7"
"30004","375","2016","2","20","8","51","4","9.57","8.8","10.5"
"30004","375","2016","2","20","9","51","4","11.55","10.9","12.1"
"30004","375","2016","2","20","10","51","4","13.07","12.6","13.5"
"30004","375","2016","2","20","11","51","4","14.93","14","15.5"
"30004","375","2016","2","20","12","51","4","16.12","15.6","16.7"
"30004","375","2016","2","20","13","51","4","16.77","16.7","16.8"
"30004","375","2016","2","20","14","51","4","16.4","16.2","16.8"
"30004","375","2016","2","20","15","51","4","16.3","16.2","16.4"
"30004","375","2016","2","20","16","51","4","16.48","16.4","16.5"
"30004","375","2016","2","20","17","51","4","16.27","16","16.5"
"30004","375","2016","2","20","18","51","4","15.35","14.8","15.8"
"30004","375","2016","2","20","19","51","4","14.35","14.1","14.6"
"30004","375","2016","2","20","20","51","4","13.8","13.6","14"
"30004","375","2016","2","20","21","51","4","12.43","11.8","13.2"
"30004","375","2016","2","20","22","51","4","11.47","11.4","11.6"
"30004","375","2016","2","20","23","51","4","11.5","11.3","11.7"
"30004","375","2016","2","21","0","52","4","10.68","10.3","11"
"30004","375","2016","2","21","1","52","4","10.12","10","10.3"
"30004","375","2016","2","21","2","52","4","10.53","10.4","10.6"
"30004","375","2016","2","21","3","52","4","10.25","10.1","10.5"
"30004","375","2016","2","21","4","52","4","10.1","10","10.2"
"30004","375","2016","2","21","5","52","4","10.25","10.2","10.3"
"30004","375","2016","2","21","6","52","4","10.53","10.3","10.8"
"30004","375","2016","2","21","7","52","4","11.32","11","11.6"
"30004","375","2016","2","21","8","52","4","12.68","12.2","13.1"
"30004","375","2016","2","21","9","52","4","13.72","13.4","14.1"
"30004","375","2016","2","21","10","52","4","14.72","14.3","15.1"
"30004","375","2016","2","21","11","52","4","15.9","15.6","16.2"
"30004","375","2016","2","21","12","52","4","16.3","16.2","16.4"
"30004","375","2016","2","21","13","52","4","17.25","16.3","18"
"30004","375","2016","2","21","14","52","4","18.35","18.2","18.4"
"30004","375","2016","2","21","15","52","4","18.07","18","18.2"
"30004","375","2016","2","21","16","52","4","16.98","16.7","17.4"
"30004","375","2016","2","21","17","52","4","16.02","15.9","16.3"
"30004","375","2016","2","21","18","52","4","15.7","15.5","15.9"
"30004","375","2016","2","21","19","52","4","15.2","15.1","15.4"
"30004","375","2016","2","21","20","52","4","14.88","14.7","15"
"30004","375","2016","2","21","21","52","4","14.57","14.5","14.6"
"30004","375","2016","2","21","22","52","4","14.57","14.5","14.6"
"30004","375","2016","2","21","23","52","4","14.53","14.4","14.6"
"30004","375","2016","2","22","0","53","4","14.5","14.5","14.5"
"30004","375","2016","2","22","1","53","4","14.45","14.3","14.6"
"30004","375","2016","2","22","2","53","4","14.18","14.1","14.3"
"30004","375","2016","2","22","3","53","4","14.12","14","14.3"
"30004","375","2016","2","22","4","53","4","13.8","13.7","13.9"
"30004","375","2016","2","22","5","53","4","13.78","13.7","13.9"
"30004","375","2016","2","22","6","53","4","14.05","13.9","14.2"
"30004","375","2016","2","22","7","53","4","13.97","13.9","14.1"
"30004","375","2016","2","22","8","53","4","14.07","13.9","14.3"
"30004","375","2016","2","22","9","53","4","15.1","14.7","15.4"
"30004","375","2016","2","22","10","53","4","15.8","15.4","16.2"
"30004","375","2016","2","22","11","53","4","16.12","16.1","16.2"
"30004","375","2016","2","22","12","53","4","15.88","15.6","16.1"
"30004","375","2016","2","22","13","53","4","15.28","15","15.6"
"30004","375","2016","2","22","14","53","4","15.85","15.7","16.1"
"30004","375","2016","2","22","15","53","4","16.1","15.9","16.2"
"30004","375","2016","2","22","16","53","4","15.6","15.3","15.9"
"30004","375","2016","2","22","17","53","4","14.53","14.2","14.9"
"30004","375","2016","2","22","18","53","4","13.7","13.5","13.9"
"30004","375","2016","2","22","19","53","4","13.45","13.4","13.5"
"30004","375","2016","2","22","20","53","4","13.28","13.2","13.3"
"30004","375","2016","2","22","21","53","4","13.12","13.1","13.2"
"30004","375","2016","2","22","22","53","4","13.18","13.1","13.3"
"30004","375","2016","2","22","23","53","4","13.4","13.4","13.4"
"30004","375","2016","2","23","0","54","4","13.33","13.3","13.4"
"30004","375","2016","2","23","1","54","4","13.3","13.3","13.3"
"30004","375","2016","2","23","2","54","4","13.22","13.2","13.3"
"30004","375","2016","2","23","3","54","4","12.65","12.2","13.1"
"30004","375","2016","2","23","4","54","4","11.72","11.4","12"
"30004","375","2016","2","23","5","54","4","11.18","11.1","11.3"
"30004","375","2016","2","23","6","54","4","10.7","10.5","10.9"
"30004","375","2016","2","23","7","54","4","10.25","10.1","10.4"
"30004","375","2016","2","23","8","54","4","10.12","10.1","10.2"
"30004","375","2016","2","23","9","54","4","10.25","10.1","10.3"
"30004","375","2016","2","23","10","54","4","10.03","9.9","10.1"
"30004","375","2016","2","23","11","54","4","10","9.9","10.1"
"30004","375","2016","2","23","12","54","4","10.03","10","10.1"
"30004","375","2016","2","23","13","54","4","10.03","10","10.1"
"30004","375","2016","2","23","14","54","4","10.05","10","10.1"
"30004","375","2016","2","23","15","54","4","9.88","9.8","10"
"30004","375","2016","2","23","16","54","4","9.75","9.6","9.8"
"30004","375","2016","2","23","17","54","4","9.43","9.2","9.6"
"30004","375","2016","2","23","18","54","4","9","8.9","9.1"
"30004","375","2016","2","23","19","54","4","8.72","8.7","8.8"
"30004","375","2016","2","23","20","54","4","8.72","8.7","8.8"
"30004","375","2016","2","23","21","54","4","8.62","8.6","8.7"
"30004","375","2016","2","23","22","54","4","8.72","8.7","8.8"
"30004","375","2016","2","23","23","54","4","9.12","8.9","9.4"
"30004","375","2016","2","24","0","55","4","9.93","9.7","10.1"
"30004","375","2016","2","24","1","55","4","10.8","10.1","11.7"
"30004","375","2016","2","24","2","55","4","13.35","12.4","14.5"
"30004","375","2016","2","24","3","55","4","14.68","14.6","14.8"
"30004","375","2016","2","24","4","55","4","14.72","14.4","15.4"
"30004","375","2016","2","24","5","55","4","16.05","15.7","16.3"
"30004","375","2016","2","24","6","55","4","15.28","15.1","15.4"
"30004","375","2016","2","24","7","55","4","15.1","14.6","15.4"
"30004","375","2016","2","24","8","55","4","12.98","12.8","13.3"
"30004","375","2016","2","24","9","55","4","14.38","13.5","15.1"
"30004","375","2016","2","24","10","55","4","14.82","14.7","15.1"
"30004","375","2016","2","24","11","55","4","14.02","13.6","14.7"
"30004","375","2016","2","24","12","55","4","13.18","12.9","13.5"
"30004","375","2016","2","24","13","55","4","11.5","10.2","12.3"
"30004","375","2016","2","24","14","55","4","9.05","8.9","9.5"
"30004","375","2016","2","24","15","55","4","8.57","8.3","9"
"30004","375","2016","2","24","16","55","4","8.5","8.1","9.1"
"30004","375","2016","2","24","17","55","4","6.9","6.8","7"
"30004","375","2016","2","24","18","55","4","6.35","6","6.7"
"30004","375","2016","2","24","19","55","4","5.35","5","5.8"
"30004","375","2016","2","24","20","55","4","4.67","4.6","4.8"
"30004","375","2016","2","24","21","55","4","4.75","4.7","4.8"
"30004","375","2016","2","24","22","55","4","4.62","4.6","4.7"
"30004","375","2016","2","24","23","55","4","4.58","4.5","4.7"
"30004","375","2016","2","25","0","56","4","4.83","4.8","4.9"
"30004","375","2016","2","25","1","56","4","4.85","4.8","4.9"
"30004","375","2016","2","25","2","56","4","4.95","4.9","5"
"30004","375","2016","2","25","3","56","4","4.9","4.8","5"
"30004","375","2016","2","25","4","56","4","4.75","4.6","4.8"
"30004","375","2016","2","25","5","56","4","4.03","4","4.1"
"30004","375","2016","2","25","6","56","4","4.28","4.2","4.3"
"30004","375","2016","2","25","7","56","4","4.3","4.3","4.3"
"30004","375","2016","2","25","8","56","4","4.42","4.3","4.6"
"30004","375","2016","2","25","9","56","4","4.72","4.6","4.8"
"30004","375","2016","2","25","10","56","4","5.1","4.7","5.8"
"30004","375","2016","2","25","11","56","4","6.03","5.8","6.2"
"30004","375","2016","2","25","12","56","4","6.67","6.4","7.1"
"30004","375","2016","2","25","13","56","4","7.32","7.1","7.6"
"30004","375","2016","2","25","14","56","4","7.95","7.7","8.3"
"30004","375","2016","2","25","15","56","4","7.33","7.2","7.4"
"30004","375","2016","2","25","16","56","4","7.25","7.2","7.3"
"30004","375","2016","2","25","17","56","4","6.85","6.6","7.1"
"30004","375","2016","2","25","18","56","4","6.25","6.1","6.5"
"30004","375","2016","2","25","19","56","4","5.75","5.6","5.9"
"30004","375","2016","2","25","20","56","4","5.2","4.9","5.5"
"30004","375","2016","2","25","21","56","4","4.4","4.1","4.7"
"30004","375","2016","2","25","22","56","4","3.9","3.8","4"
"30004","375","2016","2","25","23","56","4","3.23","3","3.5"
"30004","375","2016","2","26","0","57","4","2.8","2.7","3"
"30004","375","2016","2","26","1","57","4","2.48","2.2","2.8"
"30004","375","2016","2","26","2","57","4","2","1.9","2.1"
"30004","375","2016","2","26","3","57","4","2.1","2.1","2.1"
"30004","375","2016","2","26","4","57","4","1.77","1.5","2"
"30004","375","2016","2","26","5","57","4","1.68","1.6","1.7"
"30004","375","2016","2","26","6","57","4","1.7","1.7","1.7"
"30004","375","2016","2","26","7","57","4","1.75","1.7","1.8"
"30004","375","2016","2","26","8","57","4","2.2","2","2.4"
"30004","375","2016","2","26","9","57","4","2.75","2.5","3.1"
"30004","375","2016","2","26","10","57","4","3.92","3.6","4.5"
"30004","375","2016","2","26","11","57","4","5.58","5","6.1"
"30004","375","2016","2","26","12","57","4","6.78","6.4","7.2"
"30004","375","2016","2","26","13","57","4","7.88","7.6","8.1"
"30004","375","2016","2","26","14","57","4","8.55","8.3","8.7"
"30004","375","2016","2","26","15","57","4","8.93","8.8","9.1"
"30004","375","2016","2","26","16","57","4","9.4","9.3","9.5"
"30004","375","2016","2","26","17","57","4","8.93","8.5","9.3"
"30004","375","2016","2","26","18","57","4","7.65","6.9","8.3"
"30004","375","2016","2","26","19","57","4","5.15","4.2","6.2"
"30004","375","2016","2","26","20","57","4","3","2.4","3.6"
"30004","375","2016","2","26","21","57","4","1.68","1.3","2.1"
"30004","375","2016","2","26","22","57","4","0.8","0.5","1.1"
"30004","375","2016","2","26","23","57","4","0.08","-0.1","0.3"
"30004","375","2016","2","27","0","58","4","-0.28","-0.3","-0.2"
"30004","375","2016","2","27","1","58","4","-0.35","-0.6","-0.2"
"30004","375","2016","2","27","2","58","4","-0.78","-0.8","-0.7"
"30004","375","2016","2","27","3","58","4","-0.22","-0.5","0"
"30004","375","2016","2","27","4","58","4","-0.05","-0.2","0"
"30004","375","2016","2","27","5","58","4","-0.8","-1.1","-0.5"
"30004","375","2016","2","27","6","58","4","-1.52","-1.6","-1.4"
"30004","375","2016","2","27","7","58","4","-1.73","-1.8","-1.6"
"30004","375","2016","2","27","8","58","4","0.52","-1.3","2.7"
"30004","375","2016","2","27","9","58","4","4.45","3.7","5.2"
"30004","375","2016","2","27","10","58","4","6.62","5.7","7.6"
"30004","375","2016","2","27","11","58","4","8.6","7.9","9.4"
"30004","375","2016","2","27","12","58","4","10.32","9.6","10.8"
"30004","375","2016","2","27","13","58","4","11.78","11.1","12.3"
"30004","375","2016","2","27","14","58","4","12.4","12.3","12.6"
"30004","375","2016","2","27","15","58","4","12.8","12.6","13"
"30004","375","2016","2","27","16","58","4","13.15","13.1","13.2"
"30004","375","2016","2","27","17","58","4","12.65","12.1","13"
"30004","375","2016","2","27","18","58","4","10.68","9.4","11.8"
"30004","375","2016","2","27","19","58","4","7.35","6.4","8.4"
"30004","375","2016","2","27","20","58","4","5.47","4.9","6"
"30004","375","2016","2","27","21","58","4","4.4","4","4.8"
"30004","375","2016","2","27","22","58","4","3.33","2.9","3.8"
"30004","375","2016","2","27","23","58","4","2.42","2.2","2.7"
"30004","375","2016","2","28","0","59","4","1.65","1.3","2"
"30004","375","2016","2","28","1","59","4","0.92","0.7","1.1"
"30004","375","2016","2","28","2","59","4","0.28","0","0.5"
"30004","375","2016","2","28","3","59","4","-0.25","-0.4","-0.1"
"30004","375","2016","2","28","4","59","4","-0.7","-0.9","-0.6"
"30004","375","2016","2","28","5","59","4","-1.1","-1.2","-1"
"30004","375","2016","2","28","6","59","4","-1.43","-1.5","-1.3"
"30004","375","2016","2","28","7","59","4","-1.5","-1.6","-1.4"
"30004","375","2016","2","28","8","59","4","0.12","-1","1.5"
"30004","375","2016","2","28","9","59","4","5.83","3","8.6"
"30004","375","2016","2","28","10","59","4","12.35","10.3","14.1"
"30004","375","2016","2","28","11","59","4","15.07","14.5","15.6"
"30004","375","2016","2","28","12","59","4","16.8","16.3","17.3"
"30004","375","2016","2","28","13","59","4","18","17.5","18.6"
"30004","375","2016","2","28","14","59","4","18.77","18.6","18.9"
"30004","375","2016","2","28","15","59","4","18.95","18.7","19.3"
"30004","375","2016","2","28","16","59","4","19.52","19.4","19.6"
"30004","375","2016","2","28","17","59","4","18.75","17.9","19.5"
"30004","375","2016","2","28","18","59","4","16.45","15.5","17.4"
"30004","375","2016","2","28","19","59","4","13.95","13.4","15"
"30004","375","2016","2","28","20","59","4","12.4","12.2","12.9"
"30004","375","2016","2","28","21","59","4","10.72","10.1","11.5"
"30004","375","2016","2","28","22","59","4","8.95","8.3","9.6"
"30004","375","2016","2","28","23","59","4","7.7","7.5","7.9"
"30004","375","2016","2","29","0","60","4","9.8","8.5","10.6"
"30004","375","2016","2","29","1","60","4","10.5","10.3","10.6"
"30004","375","2016","2","29","2","60","4","10.03","9.9","10.1"
"30004","375","2016","2","29","3","60","4","9.28","8.8","9.8"
"30004","375","2016","2","29","4","60","4","7.88","7.6","8.3"
"30004","375","2016","2","29","5","60","4","7.7","7.3","8.4"
"30004","375","2016","2","29","6","60","4","9.18","8.9","9.3"
"30004","375","2016","2","29","7","60","4","9","8.8","9.1"
"30004","375","2016","2","29","8","60","4","10.4","9.5","11.4"
"30004","375","2016","2","29","9","60","4","12.82","12.2","13.5"
"30004","375","2016","2","29","10","60","4","14.6","14.1","15.1"
"30004","375","2016","2","29","11","60","4","16.38","15.5","17.2"
"30004","375","2016","2","29","12","60","4","18","17.5","18.7"
"30004","375","2016","2","29","13","60","4","19.15","18.7","19.6"
"30004","375","2016","2","29","14","60","4","19.8","19.5","20"
"30004","375","2016","2","29","15","60","4","19.93","19.7","20"
"30004","375","2016","2","29","16","60","4","20.15","20.1","20.2"
"30004","375","2016","2","29","17","60","4","19.45","18.9","20"
"30004","375","2016","2","29","18","60","4","17.05","15.4","18.5"
"30004","375","2016","2","29","19","60","4","13.28","12.4","14.3"
"30004","375","2016","2","29","20","60","4","11.35","10.7","12"
"30004","375","2016","2","29","21","60","4","9.95","9.5","10.4"
"30004","375","2016","2","29","22","60","4","8.9","8.6","9.2"
"30004","375","2016","2","29","23","60","4","7.97","7.7","8.3"
"30004","375","2016","3","1","0","61","4","7.3","7","7.6"
"30004","375","2016","3","1","1","61","4","6.93","6.9","7"
"30004","375","2016","3","1","2","61","4","6.67","6.4","6.9"
"30004","375","2016","3","1","3","61","4","6.05","5.9","6.2"
"30004","375","2016","3","1","4","61","4","5.72","5.6","5.8"
"30004","375","2016","3","1","5","61","4","5.85","5.7","5.9"
"30004","375","2016","3","1","6","61","4","6.17","6","6.5"
"30004","375","2016","3","1","7","61","4","7.1","6.7","7.5"
"30004","375","2016","3","1","8","61","4","8.62","7.9","9.6"
"30004","375","2016","3","1","9","61","4","12.62","10.9","14.4"
"30004","375","2016","3","1","10","61","4","16.73","15.9","17.2"
"30004","375","2016","3","1","11","61","4","19.05","18.1","19.9"
"30004","375","2016","3","1","12","61","4","20.45","20.1","20.9"
"30004","375","2016","3","1","13","61","4","20.55","20.3","20.9"
"30004","375","2016","3","1","14","61","4","20.43","20.2","20.5"
"30004","375","2016","3","1","15","61","4","20","19.9","20.1"
"30004","375","2016","3","1","16","61","4","20.35","20.2","20.6"
"30004","375","2016","3","1","17","61","4","19.7","19.3","20"
"30004","375","2016","3","1","18","61","4","18.85","18.2","19.2"
"30004","375","2016","3","1","19","61","4","16.25","14.7","17.6"
"30004","375","2016","3","1","20","61","4","14.15","13.9","14.3"
"30004","375","2016","3","1","21","61","4","13.38","11.5","14.1"
"30004","375","2016","3","1","22","61","4","10.3","10","10.7"
"30004","375","2016","3","1","23","61","4","9.88","9.8","10"
"30004","375","2016","3","2","0","62","4","9.38","9.1","9.6"
"30004","375","2016","3","2","1","62","4","8.6","8.3","8.9"
"30004","375","2016","3","2","2","62","4","7.95","7.9","8.1"
"30004","375","2016","3","2","3","62","4","7.22","6.8","7.6"
"30004","375","2016","3","2","4","62","4","5.4","4.6","6.2"
"30004","375","2016","3","2","5","62","4","3.6","3.1","4.2"
"30004","375","2016","3","2","6","62","4","2.67","2.6","2.8"
"30004","375","2016","3","2","7","62","4","2.58","2.4","2.7"
"30004","375","2016","3","2","8","62","4","2.27","2.1","2.4"
"30004","375","2016","3","2","9","62","4","2.27","2","2.7"
"30004","375","2016","3","2","10","62","4","3.83","3.3","4.4"
"30004","375","2016","3","2","11","62","4","4.8","4.5","5.2"
"30004","375","2016","3","2","12","62","4","5.9","5.3","6.5"
"30004","375","2016","3","2","13","62","4","6.9","6.6","7.3"
"30004","375","2016","3","2","14","62","4","7.33","7.2","7.4"
"30004","375","2016","3","2","15","62","4","7.88","7.5","8.1"
"30004","375","2016","3","2","16","62","4","8.43","8.3","8.6"
"30004","375","2016","3","2","17","62","4","8.03","7.6","8.4"
"30004","375","2016","3","2","18","62","4","6.97","6.5","7.5"
"30004","375","2016","3","2","19","62","4","5.72","5.3","6.2"
"30004","375","2016","3","2","20","62","4","4.6","4.3","5.1"
"30004","375","2016","3","2","21","62","4","4.12","3.9","4.3"
"30004","375","2016","3","2","22","62","4","3.23","2.9","3.7"
"30004","375","2016","3","2","23","62","4","2.55","2.4","2.7"
"30004","375","2016","3","3","0","63","4","2.73","2.7","2.8"
"30004","375","2016","3","3","1","63","4","2.4","2.3","2.6"
"30004","375","2016","3","3","2","63","4","2.08","1.6","2.4"
"30004","375","2016","3","3","3","63","4","1","0.9","1.2"
"30004","375","2016","3","3","4","63","4","0.95","0.6","1.8"
"30004","375","2016","3","3","5","63","4","2.73","2.6","2.8"
"30004","375","2016","3","3","6","63","4","2.5","2.4","2.7"
"30004","375","2016","3","3","7","63","4","2.62","2.5","2.9"
"30004","375","2016","3","3","8","63","4","3.97","3.3","4.6"
"30004","375","2016","3","3","9","63","4","5.6","5.1","6"
"30004","375","2016","3","3","10","63","4","7","6.5","7.2"
"30004","375","2016","3","3","11","63","4","7.33","7.1","7.4"
"30004","375","2016","3","3","12","63","4","7.08","7","7.2"
"30004","375","2016","3","3","13","63","4","4.72","3.4","6.8"
"30004","375","2016","3","3","14","63","4","2.48","2.2","3.1"
"30004","375","2016","3","3","15","63","4","2.27","2.2","2.3"
"30004","375","2016","3","3","16","63","4","2.25","2.2","2.3"
"30004","375","2016","3","3","17","63","4","2.2","2.2","2.2"
"30004","375","2016","3","3","18","63","4","2.15","2.1","2.2"
"30004","375","2016","3","3","19","63","4","2.23","2.2","2.3"
"30004","375","2016","3","3","20","63","4","2.52","2.4","2.7"
"30004","375","2016","3","3","21","63","4","2.52","2.5","2.6"
"30004","375","2016","3","3","22","63","4","2.75","2.7","2.8"
"30004","375","2016","3","3","23","63","4","2.82","2.8","2.9"
"30004","375","2016","3","4","0","64","4","2.95","2.9","3"
"30004","375","2016","3","4","1","64","4","3.02","3","3.1"
"30004","375","2016","3","4","2","64","4","3.15","3.1","3.2"
"30004","375","2016","3","4","3","64","4","3.23","3.2","3.3"
"30004","375","2016","3","4","4","64","4","3.45","3.3","3.6"
"30004","375","2016","3","4","5","64","4","3.8","3.7","4"
"30004","375","2016","3","4","6","64","4","4.22","4.1","4.3"
"30004","375","2016","3","4","7","64","4","4.3","4.2","4.4"
"30004","375","2016","3","4","8","64","4","5.12","4.8","5.5"
"30004","375","2016","3","4","9","64","4","6.12","5.9","6.3"
"30004","375","2016","3","4","10","64","4","6.97","6.5","7.5"
"30004","375","2016","3","4","11","64","4","8.4","8","8.8"
"30004","375","2016","3","4","12","64","4","9.55","9.1","10.1"
"30004","375","2016","3","4","13","64","4","10.57","10.4","10.9"
"30004","375","2016","3","4","14","64","4","11.35","11.3","11.4"
"30004","375","2016","3","4","15","64","4","11.75","11.5","12.1"
"30004","375","2016","3","4","16","64","4","11.97","11.6","12.2"
"30004","375","2016","3","4","17","64","4","11.15","10.6","11.6"
"30004","375","2016","3","4","18","64","4","9.8","9.2","10.4"
"30004","375","2016","3","4","19","64","4","8.25","7.9","8.9"
"30004","375","2016","3","4","20","64","4","7.2","6.9","7.6"
"30004","375","2016","3","4","21","64","4","5.88","5.2","6.4"
"30004","375","2016","3","4","22","64","4","4.1","3.5","4.7"
"30004","375","2016","3","4","23","64","4","2.73","2.3","3.2"
"30004","375","2016","3","5","0","65","4","1.75","1.5","2"
"30004","375","2016","3","5","1","65","4","1.12","0.9","1.4"
"30004","375","2016","3","5","2","65","4","0.55","0.4","0.7"
"30004","375","2016","3","5","3","65","4","0","-0.1","0.2"
"30004","375","2016","3","5","4","65","4","-0.4","-0.6","-0.2"
"30004","375","2016","3","5","5","65","4","-0.72","-0.8","-0.7"
"30004","375","2016","3","5","6","65","4","-0.78","-0.8","-0.7"
"30004","375","2016","3","5","7","65","4","-0.8","-0.9","-0.6"
"30004","375","2016","3","5","8","65","4","1.55","-0.1","4"
"30004","375","2016","3","5","9","65","4","7.15","6.1","8.3"
"30004","375","2016","3","5","10","65","4","9.6","9","10.2"
"30004","375","2016","3","5","11","65","4","11.6","10.8","12.3"
"30004","375","2016","3","5","12","65","4","12.88","12.3","13.3"
"30004","375","2016","3","5","13","65","4","13.88","13.3","14.5"
"30004","375","2016","3","5","14","65","4","14.88","14.8","15"
"30004","375","2016","3","5","15","65","4","15.72","15.3","16.2"
"30004","375","2016","3","5","16","65","4","16.38","16.2","16.6"
"30004","375","2016","3","5","17","65","4","15.82","15.3","16.3"
"30004","375","2016","3","5","18","65","4","14.35","13.8","14.9"
"30004","375","2016","3","5","19","65","4","12.92","12.1","13.7"
"30004","375","2016","3","5","20","65","4","9.9","8.8","11.1"
"30004","375","2016","3","5","21","65","4","7.75","7.3","8.3"
"30004","375","2016","3","5","22","65","4","6.62","6.3","7"
"30004","375","2016","3","5","23","65","4","6","5.8","6.2"
"30004","375","2016","3","6","0","66","4","6.5","6.2","6.8"
"30004","375","2016","3","6","1","66","4","5.53","5.3","5.8"
"30004","375","2016","3","6","2","66","4","5.03","4.8","5.4"
"30004","375","2016","3","6","3","66","4","4.15","4","4.5"
"30004","375","2016","3","6","4","66","4","3.3","3","3.7"
"30004","375","2016","3","6","5","66","4","2.62","2.5","2.8"
"30004","375","2016","3","6","6","66","4","2.48","2.3","2.6"
"30004","375","2016","3","6","7","66","4","2.08","1.9","2.4"
"30004","375","2016","3","6","8","66","4","5.2","3.6","6.5"
"30004","375","2016","3","6","9","66","4","8.05","7.1","9"
"30004","375","2016","3","6","10","66","4","10.6","9.7","11.5"
"30004","375","2016","3","6","11","66","4","12.68","11.8","13.5"
"30004","375","2016","3","6","12","66","4","14.78","14.2","15.5"
"30004","375","2016","3","6","13","66","4","16.27","15.8","16.7"
"30004","375","2016","3","6","14","66","4","17.52","17.1","17.8"
"30004","375","2016","3","6","15","66","4","18.3","17.7","18.7"
"30004","375","2016","3","6","16","66","4","18.85","18.8","18.9"
"30004","375","2016","3","6","17","66","4","18.02","17.2","18.7"
"30004","375","2016","3","6","18","66","4","14.8","12.8","16.7"
"30004","375","2016","3","6","19","66","4","10.82","9.9","11.9"
"30004","375","2016","3","6","20","66","4","9.15","8.7","9.6"
"30004","375","2016","3","6","21","66","4","8.57","8.4","8.8"
"30004","375","2016","3","6","22","66","4","8","7.3","8.7"
"30004","375","2016","3","6","23","66","4","7.08","6.8","7.3"
"30004","375","2016","3","7","0","67","4","6.12","5.4","7"
"30004","375","2016","3","7","1","67","4","4.78","4.4","5.1"
"30004","375","2016","3","7","2","67","4","4.2","4","4.3"
"30004","375","2016","3","7","3","67","4","3.55","3.3","3.9"
"30004","375","2016","3","7","4","67","4","2.88","2.7","3.1"
"30004","375","2016","3","7","5","67","4","2.45","2.3","2.6"
"30004","375","2016","3","7","6","67","4","2.28","2.2","2.5"
"30004","375","2016","3","7","7","67","4","2.52","2.2","3"
"30004","375","2016","3","7","8","67","4","6.8","3.8","9.5"
"30004","375","2016","3","7","9","67","4","11.3","10.2","12.1"
"30004","375","2016","3","7","10","67","4","13.1","12.4","13.8"
"30004","375","2016","3","7","11","67","4","14.95","14.4","15.4"
"30004","375","2016","3","7","12","67","4","16.4","15.6","16.9"
"30004","375","2016","3","7","13","67","4","17.82","17.4","18.2"
"30004","375","2016","3","7","14","67","4","18.75","18.2","19.1"
"30004","375","2016","3","7","15","67","4","19.32","19.1","19.6"
"30004","375","2016","3","7","16","67","4","19.75","19.6","19.9"
"30004","375","2016","3","7","17","67","4","19.1","18.5","19.6"
"30004","375","2016","3","7","18","67","4","16.93","15.6","18"
"30004","375","2016","3","7","19","67","4","13.1","11.9","14.4"
"30004","375","2016","3","7","20","67","4","11.22","11.1","11.4"
"30004","375","2016","3","7","21","67","4","11.12","10.8","11.4"
"30004","375","2016","3","7","22","67","4","10.2","9.8","10.6"
"30004","375","2016","3","7","23","67","4","9.07","8.6","9.6"
"30004","375","2016","3","8","0","68","4","8.1","7.8","8.4"
"30004","375","2016","3","8","1","68","4","7.35","7.2","7.5"
"30004","375","2016","3","8","2","68","4","6.72","6.5","7"
"30004","375","2016","3","8","3","68","4","6.3","6.2","6.4"
"30004","375","2016","3","8","4","68","4","5.95","5.7","6.1"
"30004","375","2016","3","8","5","68","4","5.62","5.5","5.7"
"30004","375","2016","3","8","6","68","4","5.38","5.3","5.4"
"30004","375","2016","3","8","7","68","4","5.35","5.2","5.6"
"30004","375","2016","3","8","8","68","4","8.35","6.2","11.2"
"30004","375","2016","3","8","9","68","4","13.62","12.6","14.7"
"30004","375","2016","3","8","10","68","4","16.48","15.5","17.2"
"30004","375","2016","3","8","11","68","4","18.38","18","18.6"
"30004","375","2016","3","8","12","68","4","19.68","18.8","20.4"
"30004","375","2016","3","8","13","68","4","20.47","20.4","20.7"
"30004","375","2016","3","8","14","68","4","21.73","21.3","22"
"30004","375","2016","3","8","15","68","4","22.23","22","22.4"
"30004","375","2016","3","8","16","68","4","22.05","21.9","22.2"
"30004","375","2016","3","8","17","68","4","21.6","21.3","21.9"
"30004","375","2016","3","8","18","68","4","20.02","19.1","20.8"
"30004","375","2016","3","8","19","68","4","17.25","16.1","18.4"
"30004","375","2016","3","8","20","68","4","14.62","14","15.4"
"30004","375","2016","3","8","21","68","4","13.35","13.1","13.7"
"30004","375","2016","3","8","22","68","4","13.03","13","13.1"
"30004","375","2016","3","8","23","68","4","12.38","12","12.8"
"30004","375","2016","3","9","0","69","4","11.45","11.4","11.6"
"30004","375","2016","3","9","1","69","4","13","11.4","14.3"
"30004","375","2016","3","9","2","69","4","13.88","13.3","14.3"
"30004","375","2016","3","9","3","69","4","12.35","11.8","12.7"
"30004","375","2016","3","9","4","69","4","10.9","10.5","11.4"
"30004","375","2016","3","9","5","69","4","10.05","9.8","10.2"
"30004","375","2016","3","9","6","69","4","10.65","10.6","10.7"
"30004","375","2016","3","9","7","69","4","11.62","10.9","12.5"
"30004","375","2016","3","9","8","69","4","13.82","13","14.6"
"30004","375","2016","3","9","9","69","4","15.88","15","16.8"
"30004","375","2016","3","9","10","69","4","18.1","17.2","18.8"
"30004","375","2016","3","9","11","69","4","20.3","19.5","20.9"
"30004","375","2016","3","9","12","69","4","21.35","21","21.8"
"30004","375","2016","3","9","13","69","4","22.12","21.6","22.5"
"30004","375","2016","3","9","14","69","4","22.85","22.7","23.1"
"30004","375","2016","3","9","15","69","4","23.52","23.4","23.7"
"30004","375","2016","3","9","16","69","4","23.25","22.9","23.7"
"30004","375","2016","3","9","17","69","4","22.55","22.1","23"
"30004","375","2016","3","9","18","69","4","21.45","21","21.9"
"30004","375","2016","3","9","19","69","4","20.15","19.7","20.6"
"30004","375","2016","3","9","20","69","4","19.05","18.5","19.5"
"30004","375","2016","3","9","21","69","4","17.52","16.8","18.2"
"30004","375","2016","3","9","22","69","4","15.62","15.4","16.1"
"30004","375","2016","3","9","23","69","4","15.7","15.5","16"
"30004","375","2016","3","10","0","70","4","16.35","16","16.6"
"30004","375","2016","3","10","1","70","4","16.15","16","16.3"
"30004","375","2016","3","10","2","70","4","15.98","15.7","16.3"
"30004","375","2016","3","10","3","70","4","15.65","15.5","15.8"
"30004","375","2016","3","10","4","70","4","15.2","15.1","15.3"
"30004","375","2016","3","10","5","70","4","14.9","14.9","14.9"
"30004","375","2016","3","10","6","70","4","14.9","14.9","14.9"
"30004","375","2016","3","10","7","70","4","14.93","14.9","15"
"30004","375","2016","3","10","8","70","4","15.7","15.3","16.1"
"30004","375","2016","3","10","9","70","4","17.5","16.6","18.4"
"30004","375","2016","3","10","10","70","4","19.62","19.1","20.1"
"30004","375","2016","3","10","11","70","4","20.95","20.7","21.2"
"30004","375","2016","3","10","12","70","4","22","21.8","22.4"
"30004","375","2016","3","10","13","70","4","23.07","22.9","23.4"
"30004","375","2016","3","10","14","70","4","23.95","23.9","24.1"
"30004","375","2016","3","10","15","70","4","24.5","24.2","24.6"
"30004","375","2016","3","10","16","70","4","24.88","24.8","25"
"30004","375","2016","3","10","17","70","4","24.15","23.6","24.7"
"30004","375","2016","3","10","18","70","4","22.98","22.6","23.4"
"30004","375","2016","3","10","19","70","4","21.45","20.9","22.1"
"30004","375","2016","3","10","20","70","4","20.12","20","20.4"
"30004","375","2016","3","10","21","70","4","20.2","20","20.6"
"30004","375","2016","3","10","22","70","4","20.12","18.1","21.3"
"30004","375","2016","3","10","23","70","4","17.38","17.1","17.8"
"30004","375","2016","3","11","0","71","4","17.15","17.1","17.2"
"30004","375","2016","3","11","1","71","4","16.75","16.5","17"
"30004","375","2016","3","11","2","71","4","16.6","16.4","16.8"
"30004","375","2016","3","11","3","71","4","16.77","16.7","16.8"
"30004","375","2016","3","11","4","71","4","16.05","15.7","16.4"
"30004","375","2016","3","11","5","71","4","15.3","14.9","15.7"
"30004","375","2016","3","11","6","71","4","14.93","14.8","15"
"30004","375","2016","3","11","7","71","4","15.22","15","15.4"
"30004","375","2016","3","11","8","71","4","15.98","15.5","16.6"
"30004","375","2016","3","11","9","71","4","18.33","17.1","19.3"
"30004","375","2016","3","11","10","71","4","21.12","20","22.2"
"30004","375","2016","3","11","11","71","4","23.45","22.7","24.1"
"30004","375","2016","3","11","12","71","4","23.82","23.7","24"
"30004","375","2016","3","11","13","71","4","24.48","24","25"
"30004","375","2016","3","11","14","71","4","24.75","24.5","25.1"
"30004","375","2016","3","11","15","71","4","24.8","24.7","24.9"
"30004","375","2016","3","11","16","71","4","24.45","24.2","24.6"
"30004","375","2016","3","11","17","71","4","23.35","23.1","23.8"
"30004","375","2016","3","11","18","71","4","22.48","21.6","23.1"
"30004","375","2016","3","11","19","71","4","20.18","19.6","20.9"
"30004","375","2016","3","11","20","71","4","19.05","18.6","19.5"
"30004","375","2016","3","11","21","71","4","18.1","17.8","18.4"
"30004","375","2016","3","11","22","71","4","16.98","16.6","17.4"
"30004","375","2016","3","11","23","71","4","16.4","16.3","16.5"
"30004","375","2016","3","12","0","72","4","16.3","16","16.5"
"30004","375","2016","3","12","1","72","4","15.98","15.9","16.1"
"30004","375","2016","3","12","2","72","4","16.57","16.3","16.7"
"30004","375","2016","3","12","3","72","4","16.5","16.4","16.6"
"30004","375","2016","3","12","4","72","4","16.25","15.9","16.7"
"30004","375","2016","3","12","5","72","4","15.93","15.6","16.1"
"30004","375","2016","3","12","6","72","4","14.72","14.2","15.3"
"30004","375","2016","3","12","7","72","4","14.43","14.1","14.9"
"30004","375","2016","3","12","8","72","4","17.85","15.8","19.7"
"30004","375","2016","3","12","9","72","4","21.6","20.6","22.1"
"30004","375","2016","3","12","10","72","4","23.35","22.6","23.8"
"30004","375","2016","3","12","11","72","4","23.98","23.7","24.1"
"30004","375","2016","3","12","12","72","4","23.93","23.7","24.1"
"30004","375","2016","3","12","13","72","4","23.9","23.6","24.4"
"30004","375","2016","3","12","14","72","4","23.65","23.5","23.9"
"30004","375","2016","3","12","15","72","4","24.32","24.2","24.4"
"30004","375","2016","3","12","16","72","4","24.55","24.1","24.9"
"30004","375","2016","3","12","17","72","4","23.82","23.3","24.3"
"30004","375","2016","3","12","18","72","4","22","20.9","23"
"30004","375","2016","3","12","19","72","4","19.82","19.4","20.4"
"30004","375","2016","3","12","20","72","4","19.18","19.1","19.3"
"30004","375","2016","3","12","21","72","4","18.98","18.9","19.1"
"30004","375","2016","3","12","22","72","4","19.45","19.3","19.6"
"30004","375","2016","3","12","23","72","4","18.68","18.3","19.2"
"30004","375","2016","3","13","0","73","4","18.25","18.1","18.4"
"30004","375","2016","3","13","1","73","4","18.65","18.5","18.8"
"30004","375","2016","3","13","2","73","4","18.73","18.5","19"
"30004","375","2016","3","13","3","73","4","17.98","17.7","18.6"
"30004","375","2016","3","13","4","73","4","18.32","18.1","18.4"
"30004","375","2016","3","13","5","73","4","17.23","17","17.8"
"30004","375","2016","3","13","6","73","4","16.75","16.7","16.8"
"30004","375","2016","3","13","7","73","4","17.23","17","17.5"
"30004","375","2016","3","13","8","73","4","18.25","17.7","18.6"
"30004","375","2016","3","13","9","73","4","19.38","18.9","19.7"
"30004","375","2016","3","13","10","73","4","20.53","19.6","21.6"
"30004","375","2016","3","13","11","73","4","21.73","21.5","22.1"
"30004","375","2016","3","13","12","73","4","22.23","22","22.5"
"30004","375","2016","3","13","13","73","4","20.7","19.8","22"
"30004","375","2016","3","13","14","73","4","22.7","21.9","23.2"
"30004","375","2016","3","13","15","73","4","23.5","23.3","23.7"
"30004","375","2016","3","13","16","73","4","23.65","23.2","24.2"
"30004","375","2016","3","13","17","73","4","23.1","22.9","23.6"
"30004","375","2016","3","13","18","73","4","22.23","21.7","22.6"
"30004","375","2016","3","13","19","73","4","19.7","18.4","21"
"30004","375","2016","3","13","20","73","4","17.1","16.5","17.7"
"30004","375","2016","3","13","21","73","4","15.65","15.2","16.1"
"30004","375","2016","3","13","22","73","4","14.5","14.2","14.8"
"30004","375","2016","3","13","23","73","4","13.75","13.4","14.1"
"30004","375","2016","3","14","0","74","4","12.8","12.5","13.1"
"30004","375","2016","3","14","1","74","4","12.22","12.1","12.4"
"30004","375","2016","3","14","2","74","4","11.75","11.6","11.9"
"30004","375","2016","3","14","3","74","4","11.38","11.3","11.5"
"30004","375","2016","3","14","4","74","4","11.18","11","11.3"
"30004","375","2016","3","14","5","74","4","10.9","10.8","11"
"30004","375","2016","3","14","6","74","4","10.78","10.7","10.8"
"30004","375","2016","3","14","7","74","4","13.22","11.5","14.2"
"30004","375","2016","3","14","8","74","4","14.85","14.4","15.4"
"30004","375","2016","3","14","9","74","4","16.77","16","17.6"
"30004","375","2016","3","14","10","74","4","18.32","18","18.6"
"30004","375","2016","3","14","11","74","4","19.1","18.6","19.9"
"30004","375","2016","3","14","12","74","4","20.57","20.2","21"
"30004","375","2016","3","14","13","74","4","21.77","21","22.6"
"30004","375","2016","3","14","14","74","4","22.65","22.5","23"
"30004","375","2016","3","14","15","74","4","23.02","22.7","23.4"
"30004","375","2016","3","14","16","74","4","23.55","23.3","23.8"
"30004","375","2016","3","14","17","74","4","23.05","22.8","23.3"
"30004","375","2016","3","14","18","74","4","20.8","19.9","22.1"
"30004","375","2016","3","14","19","74","4","19","18.6","19.5"
"30004","375","2016","3","14","20","74","4","17.57","17","18.1"
"30004","375","2016","3","14","21","74","4","16.25","15.7","16.7"
"30004","375","2016","3","14","22","74","4","14.95","14.5","15.4"
"30004","375","2016","3","14","23","74","4","13.88","13.6","14.2"
"30004","375","2016","3","15","0","75","4","13","12.7","13.3"
"30004","375","2016","3","15","1","75","4","12.32","12.1","12.5"
"30004","375","2016","3","15","2","75","4","11.8","11.6","12"
"30004","375","2016","3","15","3","75","4","11.18","10.9","11.4"
"30004","375","2016","3","15","4","75","4","10.57","10.4","10.8"
"30004","375","2016","3","15","5","75","4","10.05","9.9","10.2"
"30004","375","2016","3","15","6","75","4","9.57","9.5","9.7"
"30004","375","2016","3","15","7","75","4","9.75","9.5","10.3"
"30004","375","2016","3","15","8","75","4","12.57","11.2","14.3"
"30004","375","2016","3","15","9","75","4","18.1","16.1","20"
"30004","375","2016","3","15","10","75","4","21.9","20.7","22.8"
"30004","375","2016","3","15","11","75","4","24","23.4","24.7"
"30004","375","2016","3","15","12","75","4","25.55","24.9","26.3"
"30004","375","2016","3","15","13","75","4","27.07","26.7","27.5"
"30004","375","2016","3","15","14","75","4","27.88","27.3","28.3"
"30004","375","2016","3","15","15","75","4","28.6","28.5","28.8"
"30004","375","2016","3","15","16","75","4","28.88","28.7","29.1"
"30004","375","2016","3","15","17","75","4","28","27.4","28.5"
"30004","375","2016","3","15","18","75","4","25.9","24.5","26.9"
"30004","375","2016","3","15","19","75","4","21.8","20.6","23.3"
"30004","375","2016","3","15","20","75","4","19.48","19","20"
"30004","375","2016","3","15","21","75","4","18.02","17.8","18.5"
"30004","375","2016","3","15","22","75","4","19.45","17.6","21.5"
"30004","375","2016","3","15","23","75","4","21.78","21.6","22.1"
"30004","375","2016","3","16","0","76","4","21.12","20.8","21.4"
"30004","375","2016","3","16","1","76","4","20","19.8","20.4"
"30004","375","2016","3","16","2","76","4","19.05","18.6","19.5"
"30004","375","2016","3","16","3","76","4","17.18","16.5","18.1"
"30004","375","2016","3","16","4","76","4","16.9","16.8","17"
"30004","375","2016","3","16","5","76","4","16.25","16.1","16.5"
"30004","375","2016","3","16","6","76","4","15.85","15.4","16.2"
"30004","375","2016","3","16","7","76","4","16.15","15.6","16.8"
"30004","375","2016","3","16","8","76","4","19.05","17.6","20.4"
"30004","375","2016","3","16","9","76","4","21.35","20.7","22"
"30004","375","2016","3","16","10","76","4","22.85","22.2","23.5"
"30004","375","2016","3","16","11","76","4","24.25","23.8","24.6"
"30004","375","2016","3","16","12","76","4","25.43","24.9","25.8"
"30004","375","2016","3","16","13","76","4","26","25.8","26.1"
"30004","375","2016","3","16","14","76","4","26","25.9","26.1"
"30004","375","2016","3","16","15","76","4","26.18","26","26.3"
"30004","375","2016","3","16","16","76","4","26.02","25.7","26.2"
"30004","375","2016","3","16","17","76","4","24.65","24","25.1"
"30004","375","2016","3","16","18","76","4","22.62","21.5","23.7"
"30004","375","2016","3","16","19","76","4","19.15","17.9","20.5"
"30004","375","2016","3","16","20","76","4","16.27","15.4","17.2"
"30004","375","2016","3","16","21","76","4","14.2","13.6","14.8"
"30004","375","2016","3","16","22","76","4","12.53","12","13.1"
"30004","375","2016","3","16","23","76","4","11.05","10.6","11.5"
"30004","375","2016","3","17","0","77","4","10.2","9.9","10.5"
"30004","375","2016","3","17","1","77","4","9.45","9.1","9.8"
"30004","375","2016","3","17","2","77","4","8.82","8.6","9"
"30004","375","2016","3","17","3","77","4","8.35","8.2","8.5"
"30004","375","2016","3","17","4","77","4","7.88","7.6","8.1"
"30004","375","2016","3","17","5","77","4","7.3","7.2","7.4"
"30004","375","2016","3","17","6","77","4","7.1","7","7.2"
"30004","375","2016","3","17","7","77","4","7.55","7.1","8.4"
"30004","375","2016","3","17","8","77","4","11.72","9.5","13.7"
"30004","375","2016","3","17","9","77","4","16.38","14.7","18.3"
"30004","375","2016","3","17","10","77","4","19.98","19.1","20.7"
"30004","375","2016","3","17","11","77","4","21.65","21.2","22.1"
"30004","375","2016","3","17","12","77","4","22.62","22.2","22.8"
"30004","375","2016","3","17","13","77","4","22.95","22.9","23"
"30004","375","2016","3","17","14","77","4","23.38","23.1","23.5"
"30004","375","2016","3","17","15","77","4","23.8","23.8","23.8"
"30004","375","2016","3","17","16","77","4","23.32","23.1","23.5"
"30004","375","2016","3","17","17","77","4","22.52","22","23"
"30004","375","2016","3","17","18","77","4","20.7","19.8","21.5"
"30004","375","2016","3","17","19","77","4","18.52","17.8","19.3"
"30004","375","2016","3","17","20","77","4","16.88","16.5","17.3"
"30004","375","2016","3","17","21","77","4","16.07","15.7","16.4"
"30004","375","2016","3","17","22","77","4","15.38","15.3","15.5"
"30004","375","2016","3","17","23","77","4","14.53","14","15"
"30004","375","2016","3","18","0","78","4","13.53","13.2","13.8"
"30004","375","2016","3","18","1","78","4","12.57","12.1","13"
"30004","375","2016","3","18","2","78","4","11.12","10.5","11.8"
"30004","375","2016","3","18","3","78","4","9.55","9.1","10"
"30004","375","2016","3","18","4","78","4","8.4","8","8.8"
"30004","375","2016","3","18","5","78","4","7.5","7.2","7.8"
"30004","375","2016","3","18","6","78","4","6.85","6.8","7"
"30004","375","2016","3","18","7","78","4","7.95","7.3","8.6"
"30004","375","2016","3","18","8","78","4","9.82","8.9","10.8"
"30004","375","2016","3","18","9","78","4","12.7","11.5","14"
"30004","375","2016","3","18","10","78","4","18.12","15.6","20"
"30004","375","2016","3","18","11","78","4","20.98","20.5","21.3"
"30004","375","2016","3","18","12","78","4","21.55","21.2","22"
"30004","375","2016","3","18","13","78","4","22.5","22","23"
"30004","375","2016","3","18","14","78","4","23.15","22.9","23.5"
"30004","375","2016","3","18","15","78","4","23.32","22.9","23.6"
"30004","375","2016","3","18","16","78","4","22.65","22.4","22.8"
"30004","375","2016","3","18","17","78","4","21.83","21.1","22.3"
"30004","375","2016","3","18","18","78","4","19.75","19","20.5"
"30004","375","2016","3","18","19","78","4","17.9","17.5","18.4"
"30004","375","2016","3","18","20","78","4","17.25","17.1","17.4"
"30004","375","2016","3","18","21","78","4","17.88","17.3","18.8"
"30004","375","2016","3","18","22","78","4","19.23","19","19.4"
"30004","375","2016","3","18","23","78","4","18.4","18.1","18.8"
"30004","375","2016","3","19","0","79","4","17.65","17.4","17.9"
"30004","375","2016","3","19","1","79","4","16.85","16.6","17.1"
"30004","375","2016","3","19","2","79","4","16.15","15.9","16.4"
"30004","375","2016","3","19","3","79","4","15.5","15.2","15.8"
"30004","375","2016","3","19","4","79","4","14.82","14.4","15.2"
"30004","375","2016","3","19","5","79","4","14.05","13.9","14.1"
"30004","375","2016","3","19","6","79","4","13.62","13.6","13.7"
"30004","375","2016","3","19","7","79","4","14.3","14","14.6"
"30004","375","2016","3","19","8","79","4","15.22","14.8","15.7"
"30004","375","2016","3","19","9","79","4","16.27","15.7","16.9"
"30004","375","2016","3","19","10","79","4","17.8","17.4","18.2"
"30004","375","2016","3","19","11","79","4","18.3","18.2","18.4"
"30004","375","2016","3","19","12","79","4","18.27","18.1","18.5"
"30004","375","2016","3","19","13","79","4","19.07","18.9","19.2"
"30004","375","2016","3","19","14","79","4","19.52","19.3","19.8"
"30004","375","2016","3","19","15","79","4","19.32","19.2","19.5"
"30004","375","2016","3","19","16","79","4","18.75","18.1","19.4"
"30004","375","2016","3","19","17","79","4","17.93","17.4","18.3"
"30004","375","2016","3","19","18","79","4","16.65","16.2","17.1"
"30004","375","2016","3","19","19","79","4","15.65","15.4","15.9"
"30004","375","2016","3","19","20","79","4","14.78","14.4","15.1"
"30004","375","2016","3","19","21","79","4","13.7","13.2","14.2"
"30004","375","2016","3","19","22","79","4","12.57","12.1","13"
"30004","375","2016","3","19","23","79","4","11.15","10.6","11.7"
"30004","375","2016","3","20","0","80","4","9.68","9.2","10.2"
"30004","375","2016","3","20","1","80","4","8.53","8.1","8.9"
"30004","375","2016","3","20","2","80","4","7.62","7.4","7.9"
"30004","375","2016","3","20","3","80","4","6.9","6.6","7.2"
"30004","375","2016","3","20","4","80","4","6.23","5.9","6.4"
"30004","375","2016","3","20","5","80","4","5.25","4.9","5.6"
"30004","375","2016","3","20","6","80","4","4.85","4.7","5"
"30004","375","2016","3","20","7","80","4","4.92","4.6","5.4"
"30004","375","2016","3","20","8","80","4","6.2","5.7","6.6"
"30004","375","2016","3","20","9","80","4","7.5","6.9","7.9"
"30004","375","2016","3","20","10","80","4","9.28","8.5","10"
"30004","375","2016","3","20","11","80","4","11.05","10.5","11.4"
"30004","375","2016","3","20","12","80","4","10.95","10.6","11.2"
"30004","375","2016","3","20","13","80","4","11","10.4","11.7"
"30004","375","2016","3","20","14","80","4","10.85","10.5","11.2"
"30004","375","2016","3","20","15","80","4","11.1","10.8","11.7"
"30004","375","2016","3","20","16","80","4","10.57","10.4","10.9"
"30004","375","2016","3","20","17","80","4","9.72","9.4","10"
"30004","375","2016","3","20","18","80","4","8.65","8.3","9.1"
"30004","375","2016","3","20","19","80","4","7.53","7","8"
"30004","375","2016","3","20","20","80","4","6.33","5.8","6.8"
"30004","375","2016","3","20","21","80","4","4.88","4.4","5.5"
"30004","375","2016","3","20","22","80","4","4.33","4.2","4.4"
"30004","375","2016","3","20","23","80","4","4.15","4","4.2"
"30004","375","2016","3","21","0","81","4","3.85","3.8","3.9"
"30004","375","2016","3","21","1","81","4","3.67","3.4","4"
"30004","375","2016","3","21","2","81","4","3.02","2.9","3.2"
"30004","375","2016","3","21","3","81","4","2.62","2.5","2.8"
"30004","375","2016","3","21","4","81","4","2.17","2","2.3"
"30004","375","2016","3","21","5","81","4","1.8","1.7","1.9"
"30004","375","2016","3","21","6","81","4","1.68","1.6","1.7"
"30004","375","2016","3","21","7","81","4","2.1","1.6","2.6"
"30004","375","2016","3","21","8","81","4","3.7","3","4.4"
"30004","375","2016","3","21","9","81","4","5.38","4.8","6.2"
"30004","375","2016","3","21","10","81","4","6.83","6.4","7.2"
"30004","375","2016","3","21","11","81","4","8.3","7.5","9.2"
"30004","375","2016","3","21","12","81","4","9.62","9.3","10"
"30004","375","2016","3","21","13","81","4","10.52","10.2","11"
"30004","375","2016","3","21","14","81","4","11.18","10.9","11.3"
"30004","375","2016","3","21","15","81","4","11.78","11.7","11.9"
"30004","375","2016","3","21","16","81","4","12.2","12","12.5"
"30004","375","2016","3","21","17","81","4","11.97","11.7","12.1"
"30004","375","2016","3","21","18","81","4","10.95","10.3","11.4"
"30004","375","2016","3","21","19","81","4","8.53","7.5","9.6"
"30004","375","2016","3","21","20","81","4","6.28","5.7","6.9"
"30004","375","2016","3","21","21","81","4","5.03","4.7","5.4"
"30004","375","2016","3","21","22","81","4","4.28","4","4.5"
"30004","375","2016","3","21","23","81","4","3.67","3.5","3.9"
"30004","375","2016","3","22","0","82","4","2.92","2.7","3.2"
"30004","375","2016","3","22","1","82","4","2.48","2.2","2.7"
"30004","375","2016","3","22","2","82","4","1.73","1.4","2.1"
"30004","375","2016","3","22","3","82","4","1.02","0.7","1.4"
"30004","375","2016","3","22","4","82","4","0.35","0.2","0.6"
"30004","375","2016","3","22","5","82","4","-0.15","-0.3","0"
"30004","375","2016","3","22","6","82","4","-0.4","-0.5","-0.3"
"30004","375","2016","3","22","7","82","4","0.38","-0.4","1.7"
"30004","375","2016","3","22","8","82","4","4.97","2.9","7.3"
"30004","375","2016","3","22","9","82","4","10.4","8.8","11.8"
"30004","375","2016","3","22","10","82","4","12.93","12.6","13.6"
"30004","375","2016","3","22","11","82","4","14.82","14.4","15.5"
"30004","375","2016","3","22","12","82","4","16.07","15.6","16.6"
"30004","375","2016","3","22","13","82","4","17.5","17","18"
"30004","375","2016","3","22","14","82","4","18.73","18.4","19"
"30004","375","2016","3","22","15","82","4","19.43","19.3","19.6"
"30004","375","2016","3","22","16","82","4","19.65","19.5","19.8"
"30004","375","2016","3","22","17","82","4","18.98","18.6","19.4"
"30004","375","2016","3","22","18","82","4","17.23","16.1","18.1"
"30004","375","2016","3","22","19","82","4","13.5","12.3","14.9"
"30004","375","2016","3","22","20","82","4","11.15","10.6","11.8"
"30004","375","2016","3","22","21","82","4","9.95","9.6","10.3"
"30004","375","2016","3","22","22","82","4","9.2","8.9","9.4"
"30004","375","2016","3","22","23","82","4","8.28","8","8.5"
"30004","375","2016","3","23","0","83","4","7.12","6.6","7.6"
"30004","375","2016","3","23","1","83","4","5.97","5.5","6.4"
"30004","375","2016","3","23","2","83","4","5","4.7","5.2"
"30004","375","2016","3","23","3","83","4","4.22","4","4.5"
"30004","375","2016","3","23","4","83","4","4.95","4.2","5.5"
"30004","375","2016","3","23","5","83","4","5.15","4.9","5.3"
"30004","375","2016","3","23","6","83","4","4.38","4.3","4.6"
"30004","375","2016","3","23","7","83","4","5.57","4.6","6.8"
"30004","375","2016","3","23","8","83","4","9.73","7.9","11.3"
"30004","375","2016","3","23","9","83","4","13.3","12.2","14.2"
"30004","375","2016","3","23","10","83","4","15.5","14.8","16.2"
"30004","375","2016","3","23","11","83","4","17.38","16.8","17.7"
"30004","375","2016","3","23","12","83","4","18.48","18.1","19.1"
"30004","375","2016","3","23","13","83","4","20.07","19.5","20.6"
"30004","375","2016","3","23","14","83","4","20.93","20.5","21.4"
"30004","375","2016","3","23","15","83","4","21.93","21.7","22.2"
"30004","375","2016","3","23","16","83","4","22.12","22.1","22.2"
"30004","375","2016","3","23","17","83","4","21.52","21","22.1"
"30004","375","2016","3","23","18","83","4","19.93","19.3","20.5"
"30004","375","2016","3","23","19","83","4","17.25","15.9","18.7"
"30004","375","2016","3","23","20","83","4","14.65","14.2","15.2"
"30004","375","2016","3","23","21","83","4","14.12","13.8","14.8"
"30004","375","2016","3","23","22","83","4","16","15.3","16.5"
"30004","375","2016","3","23","23","83","4","16.07","15.6","16.5"
"30004","375","2016","3","24","0","84","4","15.07","14.9","15.3"
"30004","375","2016","3","24","1","84","4","14.15","13.8","14.6"
"30004","375","2016","3","24","2","84","4","13.78","13.5","14.1"
"30004","375","2016","3","24","3","84","4","12.82","12.1","13.4"
"30004","375","2016","3","24","4","84","4","11.18","10.6","11.6"
"30004","375","2016","3","24","5","84","4","9.97","9.7","10.3"
"30004","375","2016","3","24","6","84","4","9.35","9.2","9.5"
"30004","375","2016","3","24","7","84","4","9.78","9.2","10.9"
"30004","375","2016","3","24","8","84","4","13.15","12.5","13.7"
"30004","375","2016","3","24","9","84","4","15.38","14.3","16.5"
"30004","375","2016","3","24","10","84","4","18.1","17.2","18.8"
"30004","375","2016","3","24","11","84","4","19.68","19.1","20.5"
"30004","375","2016","3","24","12","84","4","21.38","21","21.7"
"30004","375","2016","3","24","13","84","4","21.6","21.2","21.9"
"30004","375","2016","3","24","14","84","4","21.77","21.3","22.3"
"30004","375","2016","3","24","15","84","4","20.7","20.3","21.3"
"30004","375","2016","3","24","16","84","4","17.93","16.5","19.7"
"30004","375","2016","3","24","17","84","4","16.38","16.2","16.5"
"30004","375","2016","3","24","18","84","4","16.55","16.5","16.7"
"30004","375","2016","3","24","19","84","4","16.27","15.9","16.7"
"30004","375","2016","3","24","20","84","4","15.6","15.4","15.7"
"30004","375","2016","3","24","21","84","4","15.15","14.9","15.4"
"30004","375","2016","3","24","22","84","4","14.78","14.7","14.9"
"30004","375","2016","3","24","23","84","4","15.05","14.9","15.2"
"30004","375","2016","3","25","0","85","4","15.68","15.3","16.2"
"30004","375","2016","3","25","1","85","4","16.3","16.3","16.3"
"30004","375","2016","3","25","2","85","4","16.23","16.1","16.3"
"30004","375","2016","3","25","3","85","4","15.57","15.3","15.9"
"30004","375","2016","3","25","4","85","4","15.05","14.9","15.2"
"30004","375","2016","3","25","5","85","4","14.93","14.7","15"
"30004","375","2016","3","25","6","85","4","14.53","14.5","14.6"
"30004","375","2016","3","25","7","85","4","14.82","14.6","15"
"30004","375","2016","3","25","8","85","4","15.3","15.2","15.4"
"30004","375","2016","3","25","9","85","4","15.25","15.2","15.3"
"30004","375","2016","3","25","10","85","4","16.35","15.7","16.9"
"30004","375","2016","3","25","11","85","4","17.5","17","17.8"
"30004","375","2016","3","25","12","85","4","18.52","17.7","19.2"
"30004","375","2016","3","25","13","85","4","19.68","19.5","20"
"30004","375","2016","3","25","14","85","4","20.38","20.1","20.6"
"30004","375","2016","3","25","15","85","4","20.68","20.6","20.7"
"30004","375","2016","3","25","16","85","4","20.85","20.8","20.9"
"30004","375","2016","3","25","17","85","4","20.45","20.1","20.8"
"30004","375","2016","3","25","18","85","4","18.88","18.1","19.6"
"30004","375","2016","3","25","19","85","4","15.95","15","17.2"
"30004","375","2016","3","25","20","85","4","14.32","13.9","14.9"
"30004","375","2016","3","25","21","85","4","12.72","12","13.4"
"30004","375","2016","3","25","22","85","4","11.25","10.8","11.7"
"30004","375","2016","3","25","23","85","4","10.2","9.8","10.6"
"30004","375","2016","3","26","0","86","4","9.32","9.1","9.6"
"30004","375","2016","3","26","1","86","4","8.78","8.6","8.9"
"30004","375","2016","3","26","2","86","4","8.3","8.1","8.5"
"30004","375","2016","3","26","3","86","4","7.97","7.9","8.1"
"30004","375","2016","3","26","4","86","4","8.05","7.9","8.4"
"30004","375","2016","3","26","5","86","4","8.6","8.5","8.7"
"30004","375","2016","3","26","6","86","4","8.97","8.5","9.5"
"30004","375","2016","3","26","7","86","4","10.68","9.9","11.4"
"30004","375","2016","3","26","8","86","4","12.68","11.7","13.5"
"30004","375","2016","3","26","9","86","4","14.75","14.2","15"
"30004","375","2016","3","26","10","86","4","14.9","14.8","15"
"30004","375","2016","3","26","11","86","4","15","14.9","15.1"
"30004","375","2016","3","26","12","86","4","14.7","14.7","14.7"
"30004","375","2016","3","26","13","86","4","14.55","14.5","14.6"
"30004","375","2016","3","26","14","86","4","14.68","14.6","14.8"
"30004","375","2016","3","26","15","86","4","15.1","14.9","15.4"
"30004","375","2016","3","26","16","86","4","15.88","15.7","16"
"30004","375","2016","3","26","17","86","4","15.68","15.6","15.8"
"30004","375","2016","3","26","18","86","4","15.4","15.3","15.5"
"30004","375","2016","3","26","19","86","4","14.88","14.6","15.2"
"30004","375","2016","3","26","20","86","4","14.57","14.5","14.6"
"30004","375","2016","3","26","21","86","4","14.6","14.6","14.6"
"30004","375","2016","3","26","22","86","4","14.6","14.6","14.6"
"30004","375","2016","3","26","23","86","4","14.57","14.5","14.6"
"30004","375","2016","3","27","0","87","4","14.4","14.4","14.4"
"30004","375","2016","3","27","1","87","4","14.33","14.3","14.4"
"30004","375","2016","3","27","2","87","4","14.3","14.3","14.3"
"30004","375","2016","3","27","3","87","4","14.22","14.2","14.3"
"30004","375","2016","3","27","4","87","4","14.2","14.2","14.2"
"30004","375","2016","3","27","5","87","4","14.3","14.2","14.4"
"30004","375","2016","3","27","6","87","4","14.47","14.4","14.5"
"30004","375","2016","3","27","7","87","4","14.75","14.6","14.9"
"30004","375","2016","3","27","8","87","4","15.2","15.1","15.3"
"30004","375","2016","3","27","9","87","4","15.57","15.4","15.7"
"30004","375","2016","3","27","10","87","4","16","15.9","16.2"
"30004","375","2016","3","27","11","87","4","16.48","16.3","16.7"
"30004","375","2016","3","27","12","87","4","16.9","16.8","17"
"30004","375","2016","3","27","13","87","4","17.3","17","17.6"
"30004","375","2016","3","27","14","87","4","17.6","17.5","17.7"
"30004","375","2016","3","27","15","87","4","17.38","17.3","17.5"
"30004","375","2016","3","27","16","87","4","17.23","17.2","17.3"
"30004","375","2016","3","27","17","87","4","17.23","17.1","17.3"
"30004","375","2016","3","27","18","87","4","17.02","16.9","17.1"
"30004","375","2016","3","27","19","87","4","16.6","16.5","16.7"
"30004","375","2016","3","27","20","87","4","16.55","16.4","16.7"
"30004","375","2016","3","27","21","87","4","16.02","15.9","16.2"
"30004","375","2016","3","27","22","87","4","16","16","16"
"30004","375","2016","3","27","23","87","4","16.05","16","16.2"
"30004","375","2016","3","28","0","88","4","16.38","16.3","16.5"
"30004","375","2016","3","28","1","88","4","16.3","16.2","16.4"
"30004","375","2016","3","28","2","88","4","15.53","15.1","16"
"30004","375","2016","3","28","3","88","4","15.32","15.2","15.4"
"30004","375","2016","3","28","4","88","4","15.62","15.2","15.9"
"30004","375","2016","3","28","5","88","4","15.9","15.9","15.9"
"30004","375","2016","3","28","6","88","4","15.9","15.9","15.9"
"30004","375","2016","3","28","7","88","4","16","15.8","16.2"
"30004","375","2016","3","28","8","88","4","16.15","15.9","16.3"
"30004","375","2016","3","28","9","88","4","15.85","15.5","16.1"
"30004","375","2016","3","28","10","88","4","16.07","15.7","16.6"
"30004","375","2016","3","28","11","88","4","16.9","16.7","17.1"
"30004","375","2016","3","28","12","88","4","17.9","17.6","18.4"
"30004","375","2016","3","28","13","88","4","18.88","18.8","19"
"30004","375","2016","3","28","14","88","4","19.15","18.9","19.4"
"30004","375","2016","3","28","15","88","4","19.45","19.4","19.5"
"30004","375","2016","3","28","16","88","4","19.2","19.1","19.4"
"30004","375","2016","3","28","17","88","4","18.57","18.1","19.1"
"30004","375","2016","3","28","18","88","4","17.07","16.4","17.8"
"30004","375","2016","3","28","19","88","4","15.18","14.2","15.9"
"30004","375","2016","3","28","20","88","4","12.85","12.3","13.4"
"30004","375","2016","3","28","21","88","4","11.55","10.9","12.2"
"30004","375","2016","3","28","22","88","4","10.22","10","10.5"
"30004","375","2016","3","28","23","88","4","10.03","9.9","10.2"
"30004","375","2016","3","29","0","89","4","9.57","9.1","9.9"
"30004","375","2016","3","29","1","89","4","8.75","8.3","9"
"30004","375","2016","3","29","2","89","4","7.33","6.7","8"
"30004","375","2016","3","29","3","89","4","5.72","5.3","6.2"
"30004","375","2016","3","29","4","89","4","4.75","4.5","5.1"
"30004","375","2016","3","29","5","89","4","4","3.7","4.3"
"30004","375","2016","3","29","6","89","4","3.45","3.4","3.5"
"30004","375","2016","3","29","7","89","4","5.05","3.8","6.9"
"30004","375","2016","3","29","8","89","4","9.6","8.3","11"
"30004","375","2016","3","29","9","89","4","12.9","11.9","14.1"
"30004","375","2016","3","29","10","89","4","15.62","14.7","16.6"
"30004","375","2016","3","29","11","89","4","17.42","17.2","17.7"
"30004","375","2016","3","29","12","89","4","18.43","18.3","18.7"
"30004","375","2016","3","29","13","89","4","19.4","18.9","19.9"
"30004","375","2016","3","29","14","89","4","20.7","20.1","21.2"
"30004","375","2016","3","29","15","89","4","21.5","21.4","21.6"
"30004","375","2016","3","29","16","89","4","21.68","21.6","21.8"
"30004","375","2016","3","29","17","89","4","21.57","21.1","21.9"
"30004","375","2016","3","29","18","89","4","19.38","18.3","20.4"
"30004","375","2016","3","29","19","89","4","15.8","14.6","17.2"
"30004","375","2016","3","29","20","89","4","13.3","12.8","13.9"
"30004","375","2016","3","29","21","89","4","11.72","11.2","12.3"
"30004","375","2016","3","29","22","89","4","10.32","9.9","10.7"
"30004","375","2016","3","29","23","89","4","9.55","9.4","9.7"
"30004","375","2016","3","30","0","90","4","9.45","9.3","9.6"
"30004","375","2016","3","30","1","90","4","8.57","8.3","8.9"
"30004","375","2016","3","30","2","90","4","8.07","7.9","8.2"
"30004","375","2016","3","30","3","90","4","7.55","7.4","7.8"
"30004","375","2016","3","30","4","90","4","7.53","7.3","7.9"
"30004","375","2016","3","30","5","90","4","8.97","8.8","9.1"
"30004","375","2016","3","30","6","90","4","9.4","9.1","9.7"
"30004","375","2016","3","30","7","90","4","9.6","8.8","10.9"
"30004","375","2016","3","30","8","90","4","12.53","11.6","13.6"
"30004","375","2016","3","30","9","90","4","15.38","14.4","16"
"30004","375","2016","3","30","10","90","4","17.25","16.6","17.6"
"30004","375","2016","3","30","11","90","4","18.43","17.8","19"
"30004","375","2016","3","30","12","90","4","19.18","19","19.4"
"30004","375","2016","3","30","13","90","4","20.4","20.1","20.7"
"30004","375","2016","3","30","14","90","4","21.18","20.8","21.5"
"30004","375","2016","3","30","15","90","4","21.52","21.5","21.6"
"30004","375","2016","3","30","16","90","4","21.4","21","21.7"
"30004","375","2016","3","30","17","90","4","20.68","20.4","20.8"
"30004","375","2016","3","30","18","90","4","19.73","19.2","20.2"
"30004","375","2016","3","30","19","90","4","18.6","18.2","19"
"30004","375","2016","3","30","20","90","4","17.72","17.4","17.9"
"30004","375","2016","3","30","21","90","4","16.95","16.7","17.2"
"30004","375","2016","3","30","22","90","4","16.23","16","16.5"
"30004","375","2016","3","30","23","90","4","16.12","16.1","16.2"
"30004","375","2016","3","31","0","91","4","16.52","16.4","16.7"
"30004","375","2016","3","31","1","91","4","16.75","16.7","16.8"
"30004","375","2016","3","31","2","91","4","16.98","16.9","17"
"30004","375","2016","3","31","3","91","4","16.85","16.8","16.9"
"30004","375","2016","3","31","4","91","4","16.92","16.9","17"
"30004","375","2016","3","31","5","91","4","16.88","16.8","16.9"
"30004","375","2016","3","31","6","91","4","17","16.9","17.1"
"30004","375","2016","3","31","7","91","4","17.3","17.2","17.5"
"30004","375","2016","3","31","8","91","4","17.9","17.6","18.2"
"30004","375","2016","3","31","9","91","4","18.8","18.6","19"
"30004","375","2016","3","31","10","91","4","19.48","19.2","19.7"
"30004","375","2016","3","31","11","91","4","20.1","20","20.2"
"30004","375","2016","3","31","12","91","4","19.85","19","20.3"
"30004","375","2016","3","31","13","91","4","18.5","18.4","18.6"
"30004","375","2016","3","31","14","91","4","18.02","17.9","18.2"
"30004","375","2016","3","31","15","91","4","18.82","18.1","19.2"
"30004","375","2016","3","31","16","91","4","18.9","18.6","19.2"
"30004","375","2016","3","31","17","91","4","19.5","18.6","20.1"
"30004","375","2016","3","31","18","91","4","19.2","18.7","19.6"
"30004","375","2016","3","31","19","91","4","18.05","17.7","18.4"
"30004","375","2016","3","31","20","91","4","18.25","17.7","18.6"
"30004","375","2016","3","31","21","91","4","18.62","18.6","18.7"
"30004","375","2016","3","31","22","91","4","18.73","18.5","19"
"30004","375","2016","3","31","23","91","4","18.7","18.5","19"
"30004","375","2016","4","1","0","92","4","18.55","18.4","18.7"
"30004","375","2016","4","1","1","92","4","17.82","17.3","18.3"
"30004","375","2016","4","1","2","92","4","16.98","16.8","17.2"
"30004","375","2016","4","1","3","92","4","16.68","16.6","16.7"
"30004","375","2016","4","1","4","92","4","16.75","16.7","16.8"
"30004","375","2016","4","1","5","92","4","16.85","16.8","16.9"
"30004","375","2016","4","1","6","92","4","16.92","16.9","17"
"30004","375","2016","4","1","7","92","4","17.07","16.9","17.3"
"30004","375","2016","4","1","8","92","4","17.48","17.3","17.7"
"30004","375","2016","4","1","9","92","4","18.62","17.9","19.4"
"30004","375","2016","4","1","10","92","4","20.12","19.5","20.7"
"30004","375","2016","4","1","11","92","4","20.93","20.8","21"
"30004","375","2016","4","1","12","92","4","21","20.9","21.1"
"30004","375","2016","4","1","13","92","4","21.57","21.4","21.7"
"30004","375","2016","4","1","14","92","4","21.32","21.2","21.4"
"30004","375","2016","4","1","15","92","4","21.15","21.1","21.2"
"30004","375","2016","4","1","16","92","4","20.9","20.6","21.1"
"30004","375","2016","4","1","17","92","4","19.75","19","20.4"
"30004","375","2016","4","1","18","92","4","18.73","18.6","18.9"
"30004","375","2016","4","1","19","92","4","18.05","17.6","18.6"
"30004","375","2016","4","1","20","92","4","17.15","16.8","17.6"
"30004","375","2016","4","1","21","92","4","16.65","16.4","16.8"
"30004","375","2016","4","1","22","92","4","15.93","15.7","16.2"
"30004","375","2016","4","1","23","92","4","14.4","13.7","15.5"
"30004","375","2016","4","2","0","93","4","13.65","13.6","13.7"
"30004","375","2016","4","2","1","93","4","13.38","13.3","13.5"
"30004","375","2016","4","2","2","93","4","12.32","11.6","13.1"
"30004","375","2016","4","2","3","93","4","12.05","11.6","12.3"
"30004","375","2016","4","2","4","93","4","11.62","11.5","11.9"
"30004","375","2016","4","2","5","93","4","11.15","10.8","11.6"
"30004","375","2016","4","2","6","93","4","10.43","9.9","11"
"30004","375","2016","4","2","7","93","4","10.18","9.8","10.8"
"30004","375","2016","4","2","8","93","4","11.72","11.2","12.3"
"30004","375","2016","4","2","9","93","4","13.3","12.6","13.9"
"30004","375","2016","4","2","10","93","4","13.97","13.9","14"
"30004","375","2016","4","2","11","93","4","14.7","14.3","14.9"
"30004","375","2016","4","2","12","93","4","15.5","15.2","16"
"30004","375","2016","4","2","13","93","4","16.2","15.9","16.4"
"30004","375","2016","4","2","14","93","4","16.4","16.1","16.7"
"30004","375","2016","4","2","15","93","4","16.68","16.6","16.8"
"30004","375","2016","4","2","16","93","4","16.58","16.5","16.6"
"30004","375","2016","4","2","17","93","4","15.9","15.4","16.3"
"30004","375","2016","4","2","18","93","4","14.82","14.4","15.2"
"30004","375","2016","4","2","19","93","4","13.88","13.6","14.2"
"30004","375","2016","4","2","20","93","4","12.93","12.6","13.3"
"30004","375","2016","4","2","21","93","4","12.28","12.2","12.4"
"30004","375","2016","4","2","22","93","4","11.97","11.8","12.2"
"30004","375","2016","4","2","23","93","4","11.47","11.3","11.6"
"30004","375","2016","4","3","0","94","4","11.12","10.9","11.3"
"30004","375","2016","4","3","1","94","4","10.6","10.4","10.8"
"30004","375","2016","4","3","2","94","4","9.85","9.6","10.2"
"30004","375","2016","4","3","3","94","4","10","9.9","10.1"
"30004","375","2016","4","3","4","94","4","9.55","9.2","9.8"
"30004","375","2016","4","3","5","94","4","8.47","8","8.9"
"30004","375","2016","4","3","6","94","4","7.47","7.1","7.8"
"30004","375","2016","4","3","7","94","4","7.25","7.1","7.5"
"30004","375","2016","4","3","8","94","4","8.18","7.7","8.7"
"30004","375","2016","4","3","9","94","4","9.97","9.2","10.7"
"30004","375","2016","4","3","10","94","4","11.92","11.2","12.7"
"30004","375","2016","4","3","11","94","4","13.72","13","14.4"
"30004","375","2016","4","3","12","94","4","15.43","14.8","16.2"
"30004","375","2016","4","3","13","94","4","17.5","17","17.9"
"30004","375","2016","4","3","14","94","4","18.52","17.8","19"
"30004","375","2016","4","3","15","94","4","19.43","19","19.8"
"30004","375","2016","4","3","16","94","4","19.77","19.3","20.1"
"30004","375","2016","4","3","17","94","4","19.75","19","20.1"
"30004","375","2016","4","3","18","94","4","17.62","16.8","18.3"
"30004","375","2016","4","3","19","94","4","14.07","12.7","15.6"
"30004","375","2016","4","3","20","94","4","11.38","10.7","12.1"
"30004","375","2016","4","3","21","94","4","9.8","9.2","10.4"
"30004","375","2016","4","3","22","94","4","8.43","8","8.9"
"30004","375","2016","4","3","23","94","4","7.38","7","7.7"
"30004","375","2016","4","4","0","95","4","6.55","6.2","6.9"
"30004","375","2016","4","4","1","95","4","5.78","5.6","6"
"30004","375","2016","4","4","2","95","4","5.17","5","5.4"
"30004","375","2016","4","4","3","95","4","4.62","4.4","4.8"
"30004","375","2016","4","4","4","95","4","4.17","4","4.3"
"30004","375","2016","4","4","5","95","4","3.77","3.7","3.9"
"30004","375","2016","4","4","6","95","4","3.62","3.6","3.7"
"30004","375","2016","4","4","7","95","4","5.2","3.9","6.8"
"30004","375","2016","4","4","8","95","4","10.25","8.1","12.4"
"30004","375","2016","4","4","9","95","4","16.25","13.9","18.2"
"30004","375","2016","4","4","10","95","4","19","18.5","19.5"
"30004","375","2016","4","4","11","95","4","20.52","20.2","20.9"
"30004","375","2016","4","4","12","95","4","21.3","21","21.6"
"30004","375","2016","4","4","13","95","4","22.18","21.6","22.8"
"30004","375","2016","4","4","14","95","4","23.35","23.1","23.5"
"30004","375","2016","4","4","15","95","4","23.7","23.5","23.9"
"30004","375","2016","4","4","16","95","4","23.52","23.4","23.7"
"30004","375","2016","4","4","17","95","4","23","22.5","23.4"
"30004","375","2016","4","4","18","95","4","21.68","20.9","22.2"
"30004","375","2016","4","4","19","95","4","19.3","18.2","20.4"
"30004","375","2016","4","4","20","95","4","16.85","16.2","17.6"
"30004","375","2016","4","4","21","95","4","15.2","14.8","15.7"
"30004","375","2016","4","4","22","95","4","14.15","13.8","14.6"
"30004","375","2016","4","4","23","95","4","14.28","13.4","15.3"
"30004","375","2016","4","5","0","96","4","14.8","14.3","15.4"
"30004","375","2016","4","5","1","96","4","15.05","14.4","15.8"
"30004","375","2016","4","5","2","96","4","14.7","14.1","15.4"
"30004","375","2016","4","5","3","96","4","12.9","12.2","13.6"
"30004","375","2016","4","5","4","96","4","11.43","11","11.9"
"30004","375","2016","4","5","5","96","4","10.25","9.8","10.7"
"30004","375","2016","4","5","6","96","4","9.28","9","9.6"
"30004","375","2016","4","5","7","96","4","9.18","9","9.3"
"30004","375","2016","4","5","8","96","4","9.8","9.4","10.2"
"30004","375","2016","4","5","9","96","4","11.47","10.6","12.3"
"30004","375","2016","4","5","10","96","4","13.57","12.8","14.3"
"30004","375","2016","4","5","11","96","4","15.53","14.9","15.9"
"30004","375","2016","4","5","12","96","4","16.73","16.4","17.2"
"30004","375","2016","4","5","13","96","4","17.8","17.6","18.1"
"30004","375","2016","4","5","14","96","4","18.7","18.4","19"
"30004","375","2016","4","5","15","96","4","19.25","19","19.4"
"30004","375","2016","4","5","16","96","4","19.52","19.3","19.7"
"30004","375","2016","4","5","17","96","4","18.9","18.3","19.2"
"30004","375","2016","4","5","18","96","4","17.05","16.2","17.8"
"30004","375","2016","4","5","19","96","4","14.22","13.1","15.5"
"30004","375","2016","4","5","20","96","4","12.55","12.3","12.7"
"30004","375","2016","4","5","21","96","4","10.5","9.4","11.6"
"30004","375","2016","4","5","22","96","4","8.88","8.7","9.1"
"30004","375","2016","4","5","23","96","4","7.82","7.3","8.2"
"30004","375","2016","4","6","0","97","4","10.23","9.9","10.4"
"30004","375","2016","4","6","1","97","4","9.78","9.4","10.1"
"30004","375","2016","4","6","2","97","4","8.82","8.4","9.1"
"30004","375","2016","4","6","3","97","4","7.4","7.4","7.4"
"30004","375","2016","4","6","4","97","4","7.08","6.9","7.3"
"30004","375","2016","4","6","5","97","4","6.8","6.7","7"
"30004","375","2016","4","6","6","97","4","7.07","7","7.1"
"30004","375","2016","4","6","7","97","4","7.25","6.9","7.6"
"30004","375","2016","4","6","8","97","4","8.25","7.9","8.5"
"30004","375","2016","4","6","9","97","4","9.53","8.8","10.5"
"30004","375","2016","4","6","10","97","4","11.6","10.9","12.4"
"30004","375","2016","4","6","11","97","4","13.25","12.7","13.9"
"30004","375","2016","4","6","12","97","4","14.78","14.3","15.3"
"30004","375","2016","4","6","13","97","4","15.93","15.6","16.2"
"30004","375","2016","4","6","14","97","4","16.53","16.3","16.6"
"30004","375","2016","4","6","15","97","4","16.75","16.6","16.8"
"30004","375","2016","4","6","16","97","4","17.2","16.8","17.5"
"30004","375","2016","4","6","17","97","4","17.27","17","17.5"
"30004","375","2016","4","6","18","97","4","16.5","16.2","16.8"
"30004","375","2016","4","6","19","97","4","15.98","15.8","16.1"
"30004","375","2016","4","6","20","97","4","15.6","15.6","15.6"
"30004","375","2016","4","6","21","97","4","15.55","15.4","15.7"
"30004","375","2016","4","6","22","97","4","15.8","15.7","15.9"
"30004","375","2016","4","6","23","97","4","11.8","11.1","13.6"
"30004","375","2016","4","7","0","98","4","11.5","11.4","11.7"
"30004","375","2016","4","7","1","98","4","11.6","11.5","11.7"
"30004","375","2016","4","7","2","98","4","11.22","10.8","11.5"
"30004","375","2016","4","7","3","98","4","9.93","9.5","10.4"
"30004","375","2016","4","7","4","98","4","8.82","8.4","9.2"
"30004","375","2016","4","7","5","98","4","7.88","7.7","8.1"
"30004","375","2016","4","7","6","98","4","7.93","7.7","8.3"
"30004","375","2016","4","7","7","98","4","9.28","8.6","10.1"
"30004","375","2016","4","7","8","98","4","11.1","10.4","11.9"
"30004","375","2016","4","7","9","98","4","13.43","12.3","14.5"
"30004","375","2016","4","7","10","98","4","15.65","15","16.2"
"30004","375","2016","4","7","11","98","4","16.9","16.5","17.3"
"30004","375","2016","4","7","12","98","4","18.18","17.7","18.5"
"30004","375","2016","4","7","13","98","4","19.05","18.9","19.2"
"30004","375","2016","4","7","14","98","4","19.4","18.8","20"
"30004","375","2016","4","7","15","98","4","19.65","19.4","19.9"
"30004","375","2016","4","7","16","98","4","19.45","19.1","20"
"30004","375","2016","4","7","17","98","4","19.3","18.9","19.5"
"30004","375","2016","4","7","18","98","4","18.2","17.9","18.6"
"30004","375","2016","4","7","19","98","4","17.12","16.7","17.7"
"30004","375","2016","4","7","20","98","4","16.1","15.2","16.6"
"30004","375","2016","4","7","21","98","4","14.22","14","14.5"
"30004","375","2016","4","7","22","98","4","12.38","12","13"
"30004","375","2016","4","7","23","98","4","11.7","11.3","12"
"30004","375","2016","4","8","0","99","4","10.72","10.6","10.9"
"30004","375","2016","4","8","1","99","4","11.5","11","11.8"
"30004","375","2016","4","8","2","99","4","11","10.7","11.3"
"30004","375","2016","4","8","3","99","4","10.3","10.1","10.5"
"30004","375","2016","4","8","4","99","4","9.85","9.7","10"
"30004","375","2016","4","8","5","99","4","9.15","8.6","9.6"
"30004","375","2016","4","8","6","99","4","8.03","7.9","8.2"
"30004","375","2016","4","8","7","99","4","8.85","8.3","9.4"
"30004","375","2016","4","8","8","99","4","9.78","9.5","10.1"
"30004","375","2016","4","8","9","99","4","10.97","10.5","11.5"
"30004","375","2016","4","8","10","99","4","12.07","11.6","12.6"
"30004","375","2016","4","8","11","99","4","13.4","13.1","13.8"
"30004","375","2016","4","8","12","99","4","14.22","14.1","14.4"
"30004","375","2016","4","8","13","99","4","14.6","14.3","14.8"
"30004","375","2016","4","8","14","99","4","15.3","15.1","15.6"
"30004","375","2016","4","8","15","99","4","15.38","15","15.6"
"30004","375","2016","4","8","16","99","4","14.82","14.6","15"
"30004","375","2016","4","8","17","99","4","14.85","14.5","15.2"
"30004","375","2016","4","8","18","99","4","13.9","13.5","14.3"
"30004","375","2016","4","8","19","99","4","12.62","12","13.2"
"30004","375","2016","4","8","20","99","4","11.53","11.4","11.7"
"30004","375","2016","4","8","21","99","4","11.53","11.4","11.6"
"30004","375","2016","4","8","22","99","4","11.03","10.8","11.2"
"30004","375","2016","4","8","23","99","4","10.2","9.7","10.6"
"30004","375","2016","4","9","0","100","4","8.7","8.1","9.3"
"30004","375","2016","4","9","1","100","4","7.38","6.9","7.8"
"30004","375","2016","4","9","2","100","4","6.15","5.7","6.6"
"30004","375","2016","4","9","3","100","4","5.53","5.3","5.7"
"30004","375","2016","4","9","4","100","4","6.4","5.5","6.9"
"30004","375","2016","4","9","5","100","4","6.67","6.5","6.9"
"30004","375","2016","4","9","6","100","4","6.43","6.4","6.5"
"30004","375","2016","4","9","7","100","4","7.57","6.6","8.2"
"30004","375","2016","4","9","8","100","4","8.3","8","8.6"
"30004","375","2016","4","9","9","100","4","9.25","9","9.5"
"30004","375","2016","4","9","10","100","4","10.53","9.9","11.1"
"30004","375","2016","4","9","11","100","4","11.32","11.1","11.5"
"30004","375","2016","4","9","12","100","4","12.28","11.8","12.7"
"30004","375","2016","4","9","13","100","4","13.03","12.4","13.3"
"30004","375","2016","4","9","14","100","4","13.6","13.2","14"
"30004","375","2016","4","9","15","100","4","13.93","13.8","14"
"30004","375","2016","4","9","16","100","4","13.8","13.8","13.8"
"30004","375","2016","4","9","17","100","4","13.47","13.1","13.7"
"30004","375","2016","4","9","18","100","4","12.3","11.8","12.7"
"30004","375","2016","4","9","19","100","4","10.1","8.8","11.3"
"30004","375","2016","4","9","20","100","4","7.15","6.3","8"
"30004","375","2016","4","9","21","100","4","5.35","4.8","5.9"
"30004","375","2016","4","9","22","100","4","3.95","3.5","4.4"
"30004","375","2016","4","9","23","100","4","2.95","2.7","3.3"
"30004","375","2016","4","10","0","101","4","2.25","2","2.5"
"30004","375","2016","4","10","1","101","4","1.8","1.7","2"
"30004","375","2016","4","10","2","101","4","1.65","1.6","1.7"
"30004","375","2016","4","10","3","101","4","1.25","1.1","1.4"
"30004","375","2016","4","10","4","101","4","0.85","0.6","1"
"30004","375","2016","4","10","5","101","4","0.5","0.4","0.6"
"30004","375","2016","4","10","6","101","4","0.88","0.4","1.7"
"30004","375","2016","4","10","7","101","4","4.75","2.2","6.9"
"30004","375","2016","4","10","8","101","4","7.4","7.2","7.7"
"30004","375","2016","4","10","9","101","4","8.03","7.8","8.2"
"30004","375","2016","4","10","10","101","4","9.07","8.3","9.6"
"30004","375","2016","4","10","11","101","4","10.2","9.8","10.7"
"30004","375","2016","4","10","12","101","4","10.88","10.7","11"
"30004","375","2016","4","10","13","101","4","11.53","11","12"
"30004","375","2016","4","10","14","101","4","12.43","12.2","12.6"
"30004","375","2016","4","10","15","101","4","12.9","12.5","13.2"
"30004","375","2016","4","10","16","101","4","14.18","13.8","14.5"
"30004","375","2016","4","10","17","101","4","14.22","14","14.6"
"30004","375","2016","4","10","18","101","4","13.32","12.8","13.7"
"30004","375","2016","4","10","19","101","4","11.47","10.6","12.4"
"30004","375","2016","4","10","20","101","4","10.28","10.2","10.3"
"30004","375","2016","4","10","21","101","4","10","9.6","10.3"
"30004","375","2016","4","10","22","101","4","9.05","8.8","9.4"
"30004","375","2016","4","10","23","101","4","8.43","8.1","8.7"
"30004","375","2016","4","11","0","102","4","7.9","7.7","8.2"
"30004","375","2016","4","11","1","102","4","7.62","7.4","7.8"
"30004","375","2016","4","11","2","102","4","7.65","7.1","8.4"
"30004","375","2016","4","11","3","102","4","9.25","8.9","9.5"
"30004","375","2016","4","11","4","102","4","9.93","9.6","10.3"
"30004","375","2016","4","11","5","102","4","10.38","10.3","10.4"
"30004","375","2016","4","11","6","102","4","10.43","10.4","10.5"
"30004","375","2016","4","11","7","102","4","10.57","10.5","10.7"
"30004","375","2016","4","11","8","102","4","11.35","11","11.6"
"30004","375","2016","4","11","9","102","4","12.47","12.1","12.9"
"30004","375","2016","4","11","10","102","4","14","13.2","14.7"
"30004","375","2016","4","11","11","102","4","16.45","15.7","17.2"
"30004","375","2016","4","11","12","102","4","18.52","17.6","19.6"
"30004","375","2016","4","11","13","102","4","19.52","19.2","19.9"
"30004","375","2016","4","11","14","102","4","20.05","20","20.1"
"30004","375","2016","4","11","15","102","4","20.23","20","20.4"
"30004","375","2016","4","11","16","102","4","19.73","19.5","20.1"
"30004","375","2016","4","11","17","102","4","18.27","16.8","19.3"
"30004","375","2016","4","11","18","102","4","16.02","15.8","16.3"
"30004","375","2016","4","11","19","102","4","15.3","15","15.6"
"30004","375","2016","4","11","20","102","4","14.9","14.8","15"
"30004","375","2016","4","11","21","102","4","14.53","14.4","14.7"
"30004","375","2016","4","11","22","102","4","14.18","14.1","14.3"
"30004","375","2016","4","11","23","102","4","14.2","14.1","14.4"
"30004","375","2016","4","12","0","103","4","14.7","14.6","14.8"
"30004","375","2016","4","12","1","103","4","15.18","14.9","15.4"
"30004","375","2016","4","12","2","103","4","15.5","15.4","15.6"
"30004","375","2016","4","12","3","103","4","15.03","14.8","15.3"
"30004","375","2016","4","12","4","103","4","14.28","14.1","14.6"
"30004","375","2016","4","12","5","103","4","14.03","14","14.1"
"30004","375","2016","4","12","6","103","4","14.28","14.1","14.4"
"30004","375","2016","4","12","7","103","4","14.5","14.3","14.6"
"30004","375","2016","4","12","8","103","4","14.55","14.3","15"
"30004","375","2016","4","12","9","103","4","15.95","15.3","16.9"
"30004","375","2016","4","12","10","103","4","17.73","17.5","18"
"30004","375","2016","4","12","11","103","4","18.93","18.4","19.5"
"30004","375","2016","4","12","12","103","4","19.93","19.6","20.4"
"30004","375","2016","4","12","13","103","4","20.4","20","20.8"
"30004","375","2016","4","12","14","103","4","20.5","20","21.1"
"30004","375","2016","4","12","15","103","4","20.75","20.6","21"
"30004","375","2016","4","12","16","103","4","20.68","20.6","20.8"
"30004","375","2016","4","12","17","103","4","20","19.4","20.6"
"30004","375","2016","4","12","18","103","4","18.48","17.8","19"
"30004","375","2016","4","12","19","103","4","16.6","15.9","17.3"
"30004","375","2016","4","12","20","103","4","14.85","14.1","15.6"
"30004","375","2016","4","12","21","103","4","12.78","12","13.6"
"30004","375","2016","4","12","22","103","4","11.25","10.8","11.7"
"30004","375","2016","4","12","23","103","4","10.25","10","10.5"
"30004","375","2016","4","13","0","104","4","9.65","9.5","9.8"
"30004","375","2016","4","13","1","104","4","9.28","9.2","9.4"
"30004","375","2016","4","13","2","104","4","9.78","9.1","11.1"
"30004","375","2016","4","13","3","104","4","13.8","13","14.3"
"30004","375","2016","4","13","4","104","4","13.82","13.5","14.1"
"30004","375","2016","4","13","5","104","4","13.38","13.2","13.5"
"30004","375","2016","4","13","6","104","4","13","12.8","13.2"
"30004","375","2016","4","13","7","104","4","13.12","12.8","13.5"
"30004","375","2016","4","13","8","104","4","14.12","13.8","14.6"
"30004","375","2016","4","13","9","104","4","15.15","14.7","15.8"
"30004","375","2016","4","13","10","104","4","16.23","15.7","16.8"
"30004","375","2016","4","13","11","104","4","17.35","17.2","17.6"
"30004","375","2016","4","13","12","104","4","17.98","17.7","18.1"
"30004","375","2016","4","13","13","104","4","18.45","18.3","18.5"
"30004","375","2016","4","13","14","104","4","18.27","18.2","18.4"
"30004","375","2016","4","13","15","104","4","18.18","18","18.4"
"30004","375","2016","4","13","16","104","4","17.9","17.7","18"
"30004","375","2016","4","13","17","104","4","17.3","17","17.6"
"30004","375","2016","4","13","18","104","4","16.43","16.2","16.7"
"30004","375","2016","4","13","19","104","4","15.95","15.8","16.1"
"30004","375","2016","4","13","20","104","4","15.67","15.6","15.7"
"30004","375","2016","4","13","21","104","4","15.4","15.3","15.5"
"30004","375","2016","4","13","22","104","4","15.1","14.7","15.3"
"30004","375","2016","4","13","23","104","4","14.15","13.9","14.4"
"30004","375","2016","4","14","0","105","4","14.03","14","14.1"
"30004","375","2016","4","14","1","105","4","13.78","13.6","14"
"30004","375","2016","4","14","2","105","4","13.05","12.8","13.4"
"30004","375","2016","4","14","3","105","4","12.47","12.4","12.6"
"30004","375","2016","4","14","4","105","4","12.28","12.1","12.5"
"30004","375","2016","4","14","5","105","4","11.7","11.6","11.9"
"30004","375","2016","4","14","6","105","4","12.2","11.8","12.5"
"30004","375","2016","4","14","7","105","4","12.68","12.5","12.9"
"30004","375","2016","4","14","8","105","4","13.28","12.9","13.6"
"30004","375","2016","4","14","9","105","4","14.72","14.2","15.1"
"30004","375","2016","4","14","10","105","4","15.78","15.2","16.5"
"30004","375","2016","4","14","11","105","4","17.23","16.6","17.9"
"30004","375","2016","4","14","12","105","4","18.7","18.4","19.1"
"30004","375","2016","4","14","13","105","4","19.7","19.4","20"
"30004","375","2016","4","14","14","105","4","20.1","19.6","20.4"
"30004","375","2016","4","14","15","105","4","19.57","19.4","19.7"
"30004","375","2016","4","14","16","105","4","19.02","18.9","19.2"
"30004","375","2016","4","14","17","105","4","18.55","18.4","18.7"
"30004","375","2016","4","14","18","105","4","17.85","17.5","18.2"
"30004","375","2016","4","14","19","105","4","17.07","16.8","17.4"
"30004","375","2016","4","14","20","105","4","16.55","16.4","16.7"
"30004","375","2016","4","14","21","105","4","15.82","15.3","16.2"
"30004","375","2016","4","14","22","105","4","14.55","14.2","15"
"30004","375","2016","4","14","23","105","4","13.53","13.4","13.8"
"30004","375","2016","4","15","0","106","4","13.22","13.2","13.3"
"30004","375","2016","4","15","1","106","4","12.93","12.8","13"
"30004","375","2016","4","15","2","106","4","12.68","12.4","12.9"
"30004","375","2016","4","15","3","106","4","12.1","11.9","12.2"
"30004","375","2016","4","15","4","106","4","11.68","11.6","11.8"
"30004","375","2016","4","15","5","106","4","11.4","11.2","11.6"
"30004","375","2016","4","15","6","106","4","10.97","10.9","11.1"
"30004","375","2016","4","15","7","106","4","11.25","11","11.4"
"30004","375","2016","4","15","8","106","4","12.25","11.7","12.9"
"30004","375","2016","4","15","9","106","4","13.88","13.5","14.5"
"30004","375","2016","4","15","10","106","4","15.83","15.3","16.1"
"30004","375","2016","4","15","11","106","4","16.7","16.6","16.8"
"30004","375","2016","4","15","12","106","4","17.27","16.5","17.9"
"30004","375","2016","4","15","13","106","4","17.52","16.9","18.1"
"30004","375","2016","4","15","14","106","4","17.25","17.1","17.3"
"30004","375","2016","4","15","15","106","4","16.98","16.7","17.3"
"30004","375","2016","4","15","16","106","4","17.32","17.2","17.5"
"30004","375","2016","4","15","17","106","4","17.48","17.4","17.6"
"30004","375","2016","4","15","18","106","4","17.1","16.9","17.3"
"30004","375","2016","4","15","19","106","4","16.5","16.2","16.8"
"30004","375","2016","4","15","20","106","4","15.93","15.7","16.1"
"30004","375","2016","4","15","21","106","4","15.12","15","15.3"
"30004","375","2016","4","15","22","106","4","14.95","14.9","15"
"30004","375","2016","4","15","23","106","4","14.82","14.7","14.9"
"30004","375","2016","4","16","0","107","4","14.6","14.6","14.6"
"30004","375","2016","4","16","1","107","4","14.5","14.4","14.6"
"30004","375","2016","4","16","2","107","4","14.2","14","14.4"
"30004","375","2016","4","16","3","107","4","13.45","13.3","13.6"
"30004","375","2016","4","16","4","107","4","13.53","13.4","13.7"
"30004","375","2016","4","16","5","107","4","13.4","13.3","13.6"
"30004","375","2016","4","16","6","107","4","13.07","13","13.2"
"30004","375","2016","4","16","7","107","4","13.15","13","13.6"
"30004","375","2016","4","16","8","107","4","14.32","14.2","14.6"
"30004","375","2016","4","16","9","107","4","15.97","15.2","16.6"
"30004","375","2016","4","16","10","107","4","16.95","16.4","17.4"
"30004","375","2016","4","16","11","107","4","18.02","17.6","18.5"
"30004","375","2016","4","16","12","107","4","19.05","18.7","19.6"
"30004","375","2016","4","16","13","107","4","20.12","19.9","20.3"
"30004","375","2016","4","16","14","107","4","20.93","20.7","21.2"
"30004","375","2016","4","16","15","107","4","21.3","21.1","21.6"
"30004","375","2016","4","16","16","107","4","21.55","21.4","21.6"
"30004","375","2016","4","16","17","107","4","20.82","20.2","21.4"
"30004","375","2016","4","16","18","107","4","19.48","18.9","20"
"30004","375","2016","4","16","19","107","4","16.47","15.1","17.9"
"30004","375","2016","4","16","20","107","4","13.68","13.1","14.4"
"30004","375","2016","4","16","21","107","4","12.8","12.7","12.9"
"30004","375","2016","4","16","22","107","4","12.15","11.5","12.7"
"30004","375","2016","4","16","23","107","4","10.15","9.4","10.9"
"30004","375","2016","4","17","0","108","4","8.72","8.2","9.2"
"30004","375","2016","4","17","1","108","4","7.6","7.3","7.9"
"30004","375","2016","4","17","2","108","4","7.05","7","7.1"
"30004","375","2016","4","17","3","108","4","7.28","7.1","7.5"
"30004","375","2016","4","17","4","108","4","7.58","7.5","7.7"
"30004","375","2016","4","17","5","108","4","7.7","7.7","7.7"
"30004","375","2016","4","17","6","108","4","6.9","6.7","7.1"
"30004","375","2016","4","17","7","108","4","8.2","7.1","9.7"
"30004","375","2016","4","17","8","108","4","13.4","11.6","15.1"
"30004","375","2016","4","17","9","108","4","17.52","16.3","18.4"
"30004","375","2016","4","17","10","108","4","19.3","18.7","20"
"30004","375","2016","4","17","11","108","4","20.52","20.1","20.9"
"30004","375","2016","4","17","12","108","4","21.15","21","21.4"
"30004","375","2016","4","17","13","108","4","22.12","21.8","22.6"
"30004","375","2016","4","17","14","108","4","23.1","22.6","23.5"
"30004","375","2016","4","17","15","108","4","23.32","23.2","23.5"
"30004","375","2016","4","17","16","108","4","23.52","23.4","23.6"
"30004","375","2016","4","17","17","108","4","22.93","22.1","23.6"
"30004","375","2016","4","17","18","108","4","21.07","20.2","21.9"
"30004","375","2016","4","17","19","108","4","17.5","16","19.1"
"30004","375","2016","4","17","20","108","4","14.42","13.6","15.2"
"30004","375","2016","4","17","21","108","4","12.6","12","13.2"
"30004","375","2016","4","17","22","108","4","11.12","10.7","11.7"
"30004","375","2016","4","17","23","108","4","10.05","9.7","10.4"
"30004","375","2016","4","18","0","109","4","9.12","8.9","9.4"
"30004","375","2016","4","18","1","109","4","8.47","8.2","8.7"
"30004","375","2016","4","18","2","109","4","7.78","7.5","8"
"30004","375","2016","4","18","3","109","4","7.17","7","7.4"
"30004","375","2016","4","18","4","109","4","6.58","6.4","6.8"
"30004","375","2016","4","18","5","109","4","6.17","6","6.4"
"30004","375","2016","4","18","6","109","4","6","5.9","6.2"
"30004","375","2016","4","18","7","109","4","7.67","6.6","8.8"
"30004","375","2016","4","18","8","109","4","12.6","10","15.6"
"30004","375","2016","4","18","9","109","4","19.73","17.5","21.6"
"30004","375","2016","4","18","10","109","4","22.73","21.5","23.9"
"30004","375","2016","4","18","11","109","4","24.2","24","24.5"
"30004","375","2016","4","18","12","109","4","25.43","25.1","25.8"
"30004","375","2016","4","18","13","109","4","26.52","26","27"
"30004","375","2016","4","18","14","109","4","26.35","25.6","27"
"30004","375","2016","4","18","15","109","4","27.18","27","27.4"
"30004","375","2016","4","18","16","109","4","27.23","27.1","27.5"
"30004","375","2016","4","18","17","109","4","26.23","25.5","26.9"
"30004","375","2016","4","18","18","109","4","23.68","22.1","25"
"30004","375","2016","4","18","19","109","4","19.5","18.3","20.9"
"30004","375","2016","4","18","20","109","4","16.83","16.1","17.5"
"30004","375","2016","4","18","21","109","4","15.18","14.7","15.7"
"30004","375","2016","4","18","22","109","4","13.65","13.2","14.2"
"30004","375","2016","4","18","23","109","4","12.5","12.1","13"
"30004","375","2016","4","19","0","110","4","11.55","11.3","11.8"
"30004","375","2016","4","19","1","110","4","10.7","10.4","11"
"30004","375","2016","4","19","2","110","4","9.97","9.7","10.2"
"30004","375","2016","4","19","3","110","4","9.43","9.2","9.6"
"30004","375","2016","4","19","4","110","4","8.97","8.9","9.1"
"30004","375","2016","4","19","5","110","4","8.7","8.6","8.8"
"30004","375","2016","4","19","6","110","4","8.68","8.5","8.9"
"30004","375","2016","4","19","7","110","4","9.9","9.1","10.8"
"30004","375","2016","4","19","8","110","4","14.43","11.8","17.6"
"30004","375","2016","4","19","9","110","4","21.73","19.6","23.4"
"30004","375","2016","4","19","10","110","4","24.55","23.8","25.1"
"30004","375","2016","4","19","11","110","4","25.8","25.4","26.1"
"30004","375","2016","4","19","12","110","4","26.5","26.3","26.7"
"30004","375","2016","4","19","13","110","4","26.93","26.6","27.2"
"30004","375","2016","4","19","14","110","4","26.82","26.7","27"
"30004","375","2016","4","19","15","110","4","27.82","27.1","28.5"
"30004","375","2016","4","19","16","110","4","27.52","27.3","28"
"30004","375","2016","4","19","17","110","4","26.15","25.5","26.9"
"30004","375","2016","4","19","18","110","4","24.6","24.1","25.1"
"30004","375","2016","4","19","19","110","4","21.93","20.7","23.3"
"30004","375","2016","4","19","20","110","4","19.62","19.2","20.1"
"30004","375","2016","4","19","21","110","4","18.57","18.2","18.9"
"30004","375","2016","4","19","22","110","4","17.57","17.1","18"
"30004","375","2016","4","19","23","110","4","16.35","16","16.8"
"30004","375","2016","4","20","0","111","4","15.68","15.5","15.9"
"30004","375","2016","4","20","1","111","4","15.25","15.1","15.4"
"30004","375","2016","4","20","2","111","4","14.95","14.8","15.1"
"30004","375","2016","4","20","3","111","4","14.12","13.7","14.5"
"30004","375","2016","4","20","4","111","4","13.47","13.4","13.5"
"30004","375","2016","4","20","5","111","4","13.28","13.2","13.3"
"30004","375","2016","4","20","6","111","4","13.5","13.2","13.9"
"30004","375","2016","4","20","7","111","4","15.03","14.3","15.8"
"30004","375","2016","4","20","8","111","4","17.32","16.2","18.5"
"30004","375","2016","4","20","9","111","4","21.23","19.3","23"
"30004","375","2016","4","20","10","111","4","24.07","23.2","25"
"30004","375","2016","4","20","11","111","4","25.55","25.3","25.7"
"30004","375","2016","4","20","12","111","4","25.8","25.7","26"
"30004","375","2016","4","20","13","111","4","26.05","25.6","26.6"
"30004","375","2016","4","20","14","111","4","26.58","25.8","27.1"
"30004","375","2016","4","20","15","111","4","25.92","25.9","26"
"30004","375","2016","4","20","16","111","4","25.85","25.8","26"
"30004","375","2016","4","20","17","111","4","25.82","25.7","25.9"
"30004","375","2016","4","20","18","111","4","24.55","23.8","25.3"
"30004","375","2016","4","20","19","111","4","21.9","20.8","23.1"
"30004","375","2016","4","20","20","111","4","19.25","18.4","20.2"
"30004","375","2016","4","20","21","111","4","17.38","17.1","17.8"
"30004","375","2016","4","20","22","111","4","17.07","17","17.2"
"30004","375","2016","4","20","23","111","4","18.45","17.7","19"
"30004","375","2016","4","21","0","112","4","17.82","16.9","18.7"
"30004","375","2016","4","21","1","112","4","15.75","15.3","16.2"
"30004","375","2016","4","21","2","112","4","14.38","13.7","15"
"30004","375","2016","4","21","3","112","4","12.62","12.2","13.1"
"30004","375","2016","4","21","4","112","4","11.9","11.7","12"
"30004","375","2016","4","21","5","112","4","11.25","11.1","11.4"
"30004","375","2016","4","21","6","112","4","11.35","11.1","11.6"
"30004","375","2016","4","21","7","112","4","13.4","12.2","14.4"
"30004","375","2016","4","21","8","112","4","15.52","14.9","16.4"
"30004","375","2016","4","21","9","112","4","18.65","17.5","19.7"
"30004","375","2016","4","21","10","112","4","20.7","20.1","21.5"
"30004","375","2016","4","21","11","112","4","22.2","21.8","22.5"
"30004","375","2016","4","21","12","112","4","23.2","23","23.6"
"30004","375","2016","4","21","13","112","4","24.3","24","24.5"
"30004","375","2016","4","21","14","112","4","25.15","24.9","25.5"
"30004","375","2016","4","21","15","112","4","24.32","24","24.8"
"30004","375","2016","4","21","16","112","4","23","20","24.2"
"30004","375","2016","4","21","17","112","4","18.27","18","18.7"
"30004","375","2016","4","21","18","112","4","18.57","18.5","18.7"
"30004","375","2016","4","21","19","112","4","17.98","17.7","18.3"
"30004","375","2016","4","21","20","112","4","17.7","17.6","17.8"
"30004","375","2016","4","21","21","112","4","17.07","16.5","17.8"
"30004","375","2016","4","21","22","112","4","16.25","16.2","16.3"
"30004","375","2016","4","21","23","112","4","16.38","16.3","16.4"
"30004","375","2016","4","22","0","113","4","16.23","16.2","16.3"
"30004","375","2016","4","22","1","113","4","16.2","16.2","16.2"
"30004","375","2016","4","22","2","113","4","16.1","15.9","16.2"
"30004","375","2016","4","22","3","113","4","15.75","15.7","15.8"
"30004","375","2016","4","22","4","113","4","15.75","15.7","15.8"
"30004","375","2016","4","22","5","113","4","15.65","15.6","15.7"
"30004","375","2016","4","22","6","113","4","15.6","15.5","15.7"
"30004","375","2016","4","22","7","113","4","15.95","15.8","16.2"
"30004","375","2016","4","22","8","113","4","16.72","16.4","16.9"
"30004","375","2016","4","22","9","113","4","17.02","17","17.1"
"30004","375","2016","4","22","10","113","4","16.95","16.9","17"
"30004","375","2016","4","22","11","113","4","16.82","16.8","16.9"
"30004","375","2016","4","22","12","113","4","16.95","16.8","17.2"
"30004","375","2016","4","22","13","113","4","19.23","18","20.4"
"30004","375","2016","4","22","14","113","4","21.43","21.1","21.7"
"30004","375","2016","4","22","15","113","4","21.75","21.5","21.9"
"30004","375","2016","4","22","16","113","4","21.62","21.3","22.1"
"30004","375","2016","4","22","17","113","4","21.75","21.5","22.1"
"30004","375","2016","4","22","18","113","4","20.48","19.8","21.1"
"30004","375","2016","4","22","19","113","4","18.52","17.9","19.2"
"30004","375","2016","4","22","20","113","4","17.4","15.4","18.6"
"30004","375","2016","4","22","21","113","4","14.9","14.9","14.9"
"30004","375","2016","4","22","22","113","4","14.72","14.6","14.8"
"30004","375","2016","4","22","23","113","4","14.05","13.7","14.4"
"30004","375","2016","4","23","0","114","4","13.28","13.1","13.5"
"30004","375","2016","4","23","1","114","4","12.93","12.8","13"
"30004","375","2016","4","23","2","114","4","12.75","12.7","12.8"
"30004","375","2016","4","23","3","114","4","12.35","12","12.7"
"30004","375","2016","4","23","4","114","4","11.7","11.5","11.9"
"30004","375","2016","4","23","5","114","4","11.05","10.8","11.4"
"30004","375","2016","4","23","6","114","4","10.82","10.7","11"
"30004","375","2016","4","23","7","114","4","12.25","11.5","13"
"30004","375","2016","4","23","8","114","4","14.32","13.5","15.2"
"30004","375","2016","4","23","9","114","4","17.1","16.1","18"
"30004","375","2016","4","23","10","114","4","19.25","18.7","20"
"30004","375","2016","4","23","11","114","4","20.2","20","20.4"
"30004","375","2016","4","23","12","114","4","21.3","20.8","21.9"
"30004","375","2016","4","23","13","114","4","22.45","21.9","22.8"
"30004","375","2016","4","23","14","114","4","23.7","23.4","24.1"
"30004","375","2016","4","23","15","114","4","24.02","23.9","24.1"
"30004","375","2016","4","23","16","114","4","24.23","24.1","24.3"
"30004","375","2016","4","23","17","114","4","23.38","22.8","24"
"30004","375","2016","4","23","18","114","4","21.95","21.3","22.5"
"30004","375","2016","4","23","19","114","4","19.95","19","20.9"
"30004","375","2016","4","23","20","114","4","17.52","16.7","18.4"
"30004","375","2016","4","23","21","114","4","15.6","15.2","16.1"
"30004","375","2016","4","23","22","114","4","14.12","13.6","14.7"
"30004","375","2016","4","23","23","114","4","13.03","12.7","13.4"
"30004","375","2016","4","24","0","115","4","12.6","12.5","12.7"
"30004","375","2016","4","24","1","115","4","13.07","12.9","13.2"
"30004","375","2016","4","24","2","115","4","12.28","11.8","12.8"
"30004","375","2016","4","24","3","115","4","11.22","10.9","11.6"
"30004","375","2016","4","24","4","115","4","10.57","10.4","10.8"
"30004","375","2016","4","24","5","115","4","10","9.9","10.2"
"30004","375","2016","4","24","6","115","4","10.05","9.8","10.4"
"30004","375","2016","4","24","7","115","4","12.6","10.9","14.6"
"30004","375","2016","4","24","8","115","4","16.2","15.3","17.2"
"30004","375","2016","4","24","9","115","4","19.12","18.3","19.8"
"30004","375","2016","4","24","10","115","4","21","20.3","21.5"
"30004","375","2016","4","24","11","115","4","22.3","21.8","22.7"
"30004","375","2016","4","24","12","115","4","23.27","22.8","23.9"
"30004","375","2016","4","24","13","115","4","24.38","24.1","24.8"
"30004","375","2016","4","24","14","115","4","25.4","25.1","25.6"
"30004","375","2016","4","24","15","115","4","25.85","25.5","26.1"
"30004","375","2016","4","24","16","115","4","26.12","26.1","26.2"
"30004","375","2016","4","24","17","115","4","25.35","24.6","26.1"
"30004","375","2016","4","24","18","115","4","23.43","22.4","24.3"
"30004","375","2016","4","24","19","115","4","20.48","19.2","21.8"
"30004","375","2016","4","24","20","115","4","18.02","17.4","18.7"
"30004","375","2016","4","24","21","115","4","16.8","16.5","17.1"
"30004","375","2016","4","24","22","115","4","16.1","15.8","16.4"
"30004","375","2016","4","24","23","115","4","15.25","14.9","15.6"
"30004","375","2016","4","25","0","116","4","14.43","14.2","14.7"
"30004","375","2016","4","25","1","116","4","13.75","13.5","14"
"30004","375","2016","4","25","2","116","4","13.73","13.4","14.3"
"30004","375","2016","4","25","3","116","4","14.88","14.7","15"
"30004","375","2016","4","25","4","116","4","14.9","14.9","14.9"
"30004","375","2016","4","25","5","116","4","15","14.9","15.2"
"30004","375","2016","4","25","6","116","4","15.45","15.2","15.8"
"30004","375","2016","4","25","7","116","4","16.57","16.1","17.1"
"30004","375","2016","4","25","8","116","4","18.18","17.4","19.1"
"30004","375","2016","4","25","9","116","4","20.7","19.8","21.5"
"30004","375","2016","4","25","10","116","4","23.07","22.3","24"
"30004","375","2016","4","25","11","116","4","24.6","24.5","24.9"
"30004","375","2016","4","25","12","116","4","24.95","24.6","25.2"
"30004","375","2016","4","25","13","116","4","25.5","25.2","25.8"
"30004","375","2016","4","25","14","116","4","26.32","25.8","26.6"
"30004","375","2016","4","25","15","116","4","25.68","25.4","26"
"30004","375","2016","4","25","16","116","4","26.52","26.1","27"
"30004","375","2016","4","25","17","116","4","25.5","24.9","25.9"
"30004","375","2016","4","25","18","116","4","24.05","23.6","24.5"
"30004","375","2016","4","25","19","116","4","22.05","21","23.1"
"30004","375","2016","4","25","20","116","4","19.65","19.1","20.4"
"30004","375","2016","4","25","21","116","4","19","19","19"
"30004","375","2016","4","25","22","116","4","18.35","18","18.8"
"30004","375","2016","4","25","23","116","4","17.5","17.2","17.8"
"30004","375","2016","4","26","0","117","4","16.75","16.5","17"
"30004","375","2016","4","26","1","117","4","16.3","16.2","16.5"
"30004","375","2016","4","26","2","117","4","15.93","15.7","16.1"
"30004","375","2016","4","26","3","117","4","15.4","15.2","15.6"
"30004","375","2016","4","26","4","117","4","15.12","15","15.2"
"30004","375","2016","4","26","5","117","4","15.05","14.9","15.2"
"30004","375","2016","4","26","6","117","4","15.3","15.2","15.4"
"30004","375","2016","4","26","7","117","4","16.62","15.6","17.8"
"30004","375","2016","4","26","8","117","4","19.15","18.3","20.3"
"30004","375","2016","4","26","9","117","4","22.23","21.4","22.8"
"30004","375","2016","4","26","10","117","4","23.82","23.2","24.3"
"30004","375","2016","4","26","11","117","4","25","24.8","25.3"
"30004","375","2016","4","26","12","117","4","25.07","24.8","25.5"
"30004","375","2016","4","26","13","117","4","26.18","25.5","26.6"
"30004","375","2016","4","26","14","117","4","26.88","26.7","27.1"
"30004","375","2016","4","26","15","117","4","27.42","27.2","27.7"
"30004","375","2016","4","26","16","117","4","27.77","27.5","28"
"30004","375","2016","4","26","17","117","4","27.3","26.9","27.6"
"30004","375","2016","4","26","18","117","4","25.88","25.3","26.5"
"30004","375","2016","4","26","19","117","4","23.95","22.9","24.9"
"30004","375","2016","4","26","20","117","4","21.3","20.5","22.1"
"30004","375","2016","4","26","21","117","4","19.57","19.1","20.1"
"30004","375","2016","4","26","22","117","4","18.55","18.1","19"
"30004","375","2016","4","26","23","117","4","17.38","17","17.8"
"30004","375","2016","4","27","0","118","4","16.5","16.2","16.8"
"30004","375","2016","4","27","1","118","4","15.8","15.6","16"
"30004","375","2016","4","27","2","118","4","15.43","15.2","15.6"
"30004","375","2016","4","27","3","118","4","14.97","14.9","15.1"
"30004","375","2016","4","27","4","118","4","14.72","14.7","14.8"
"30004","375","2016","4","27","5","118","4","14.4","14.3","14.6"
"30004","375","2016","4","27","6","118","4","14.4","14.3","14.6"
"30004","375","2016","4","27","7","118","4","16.07","14.9","17.7"
"30004","375","2016","4","27","8","118","4","20.38","19.1","21.8"
"30004","375","2016","4","27","9","118","4","23.82","22.8","24.5"
"30004","375","2016","4","27","10","118","4","24.95","24.7","25.4"
"30004","375","2016","4","27","11","118","4","25.98","25.5","26.4"
"30004","375","2016","4","27","12","118","4","26.45","26.1","26.8"
"30004","375","2016","4","27","13","118","4","27.35","26.9","27.6"
"30004","375","2016","4","27","14","118","4","27.9","27.8","28"
"30004","375","2016","4","27","15","118","4","28.05","27.9","28.2"
"30004","375","2016","4","27","16","118","4","27.62","27.4","28.1"
"30004","375","2016","4","27","17","118","4","26.48","26","27"
"30004","375","2016","4","27","18","118","4","25.3","24.8","25.7"
"30004","375","2016","4","27","19","118","4","23.4","22.4","24.3"
"30004","375","2016","4","27","20","118","4","21.82","21.8","21.9"
"30004","375","2016","4","27","21","118","4","21.98","21.4","22.8"
"30004","375","2016","4","27","22","118","4","22.27","22","22.5"
"30004","375","2016","4","27","23","118","4","21.3","21","21.6"
"30004","375","2016","4","28","0","119","4","20.45","20.1","20.8"
"30004","375","2016","4","28","1","119","4","19.5","19.2","19.9"
"30004","375","2016","4","28","2","119","4","19.27","19.2","19.3"
"30004","375","2016","4","28","3","119","4","18.92","18.9","19"
"30004","375","2016","4","28","4","119","4","19.18","19","19.4"
"30004","375","2016","4","28","5","119","4","19.38","19.2","19.5"
"30004","375","2016","4","28","6","119","4","19.35","19.2","19.5"
"30004","375","2016","4","28","7","119","4","19.9","19.6","20.2"
"30004","375","2016","4","28","8","119","4","20.55","20.2","21"
"30004","375","2016","4","28","9","119","4","21.98","21.4","22.5"
"30004","375","2016","4","28","10","119","4","23.65","22.9","24.6"
"30004","375","2016","4","28","11","119","4","25.2","24.6","25.5"
"30004","375","2016","4","28","12","119","4","26.07","25.7","26.6"
"30004","375","2016","4","28","13","119","4","27","26.8","27.4"
"30004","375","2016","4","28","14","119","4","27.77","27.6","28"
"30004","375","2016","4","28","15","119","4","28.43","28.2","28.6"
"30004","375","2016","4","28","16","119","4","28.07","27.7","28.4"
"30004","375","2016","4","28","17","119","4","27.8","27.4","28.3"
"30004","375","2016","4","28","18","119","4","26.77","26.1","27.3"
"30004","375","2016","4","28","19","119","4","23.85","22.4","25.3"
"30004","375","2016","4","28","20","119","4","20.8","20.1","21.6"
"30004","375","2016","4","28","21","119","4","19.2","18.7","19.7"
"30004","375","2016","4","28","22","119","4","18.07","17.7","18.4"
"30004","375","2016","4","28","23","119","4","17.12","16.9","17.4"
"30004","375","2016","4","29","0","120","4","16.62","16.5","16.8"
"30004","375","2016","4","29","1","120","4","15.9","15.6","16.2"
"30004","375","2016","4","29","2","120","4","15.12","14.9","15.4"
"30004","375","2016","4","29","3","120","4","14.43","14.2","14.7"
"30004","375","2016","4","29","4","120","4","13.82","13.6","14"
"30004","375","2016","4","29","5","120","4","13.25","13","13.5"
"30004","375","2016","4","29","6","120","4","13.05","13","13.2"
"30004","375","2016","4","29","7","120","4","14.95","13.7","16.3"
"30004","375","2016","4","29","8","120","4","19.15","17.4","21"
"30004","375","2016","4","29","9","120","4","24.2","22.9","25.1"
"30004","375","2016","4","29","10","120","4","26.38","25.7","26.8"
"30004","375","2016","4","29","11","120","4","27.75","27.3","28.1"
"30004","375","2016","4","29","12","120","4","28.23","27.9","28.6"
"30004","375","2016","4","29","13","120","4","29.12","28.8","29.4"
"30004","375","2016","4","29","14","120","4","29.57","29.1","29.8"
"30004","375","2016","4","29","15","120","4","29.62","29.2","29.9"
"30004","375","2016","4","29","16","120","4","29.48","29.2","29.7"
"30004","375","2016","4","29","17","120","4","27.95","26.8","29.2"
"30004","375","2016","4","29","18","120","4","24.9","24","26"
"30004","375","2016","4","29","19","120","4","22.8","22.3","23.4"
"30004","375","2016","4","29","20","120","4","21.4","20.8","22"
"30004","375","2016","4","29","21","120","4","20.2","19.9","20.5"
"30004","375","2016","4","29","22","120","4","19.55","19.3","19.8"
"30004","375","2016","4","29","23","120","4","19","18.8","19.2"
"30004","375","2016","4","30","0","121","4","18.95","18.7","19.1"
"30004","375","2016","4","30","1","121","4","18.55","18.2","18.9"
"30004","375","2016","4","30","2","121","4","18.05","17.9","18.2"
"30004","375","2016","4","30","3","121","4","18.23","18.1","18.3"
"30004","375","2016","4","30","4","121","4","17.93","17.8","18"
"30004","375","2016","4","30","5","121","4","17.32","17.2","17.5"
"30004","375","2016","4","30","6","121","4","17.32","17.2","17.5"
"30004","375","2016","4","30","7","121","4","18.95","17.9","19.9"
"30004","375","2016","4","30","8","121","4","20.73","19.9","22.1"
"30004","375","2016","4","30","9","121","4","24.02","22.5","25.5"
"30004","375","2016","4","30","10","121","4","27.07","26.3","27.9"
"30004","375","2016","4","30","11","121","4","27.98","27.6","28.3"
"30004","375","2016","4","30","12","121","4","28.4","28","28.7"
"30004","375","2016","4","30","13","121","4","28.57","28.4","28.7"
"30004","375","2016","4","30","14","121","4","26.38","23.1","28.1"
"30004","375","2016","4","30","15","121","4","24.7","22.9","26.9"
"30004","375","2016","4","30","16","121","4","22.73","18.1","27.2"
"30004","375","2016","4","30","17","121","4","18.7","18.1","19.3"
"30004","375","2016","4","30","18","121","4","19.9","19.7","20"
"30004","375","2016","4","30","19","121","4","20.08","20","20.1"
"30004","375","2016","4","30","20","121","4","20","20","20"
"30004","375","2016","4","30","21","121","4","19.68","19.4","20"
"30004","375","2016","4","30","22","121","4","18.98","18.9","19.1"
"30004","375","2016","4","30","23","121","4","18.8","18.8","18.8"
"30004","375","2016","5","1","0","122","4","18.77","18.7","18.8"
"30004","375","2016","5","1","1","122","4","18.73","18.7","18.8"
"30004","375","2016","5","1","2","122","4","18.75","18.7","18.8"
"30004","375","2016","5","1","3","122","4","18.48","18.3","18.7"
"30004","375","2016","5","1","4","122","4","18.05","17.9","18.2"
"30004","375","2016","5","1","5","122","4","17.9","17.8","18"
"30004","375","2016","5","1","6","122","4","18.3","18.1","18.5"
"30004","375","2016","5","1","7","122","4","18.98","18.7","19.3"
"30004","375","2016","5","1","8","122","4","19.93","19.5","20.5"
"30004","375","2016","5","1","9","122","4","21.75","21","22.7"
"30004","375","2016","5","1","10","122","4","23.62","22.9","24"
"30004","375","2016","5","1","11","122","4","25.05","24.3","25.7"
"30004","375","2016","5","1","12","122","4","25.82","25.4","26.2"
"30004","375","2016","5","1","13","122","4","22.73","22.2","23.8"
"30004","375","2016","5","1","14","122","4","22.05","21.8","22.4"
"30004","375","2016","5","1","15","122","4","21.7","21.4","22.1"
"30004","375","2016","5","1","16","122","4","21.75","21.4","22.1"
"30004","375","2016","5","1","17","122","4","21.15","21.1","21.3"
"30004","375","2016","5","1","18","122","4","20.55","20.1","21"
"30004","375","2016","5","1","19","122","4","19.93","19.8","20"
"30004","375","2016","5","1","20","122","4","19.68","19.6","19.7"
"30004","375","2016","5","1","21","122","4","19.75","19.7","19.8"
"30004","375","2016","5","1","22","122","4","19.35","19.2","19.5"
"30004","375","2016","5","1","23","122","4","18.85","18.7","19.1"
"30004","375","2016","5","2","0","123","4","18.38","18.1","18.6"
"30004","375","2016","5","2","1","123","4","17.82","17.6","18"
"30004","375","2016","5","2","2","123","4","17.6","17.6","17.6"
"30004","375","2016","5","2","3","123","4","17.82","17.7","17.9"
"30004","375","2016","5","2","4","123","4","17.8","17.8","17.8"
"30004","375","2016","5","2","5","123","4","17.85","17.8","17.9"
"30004","375","2016","5","2","6","123","4","18.02","17.9","18.2"
"30004","375","2016","5","2","7","123","4","18.88","18.5","19.3"
"30004","375","2016","5","2","8","123","4","20.38","19.7","21.4"
"30004","375","2016","5","2","9","123","4","23.88","22.5","25"
"30004","375","2016","5","2","10","123","4","25.45","25.2","25.9"
"30004","375","2016","5","2","11","123","4","26.27","26.1","26.5"
"30004","375","2016","5","2","12","123","4","27.27","27","27.6"
"30004","375","2016","5","2","13","123","4","27.82","27.8","27.9"
"30004","375","2016","5","2","14","123","4","27.75","27.3","28.3"
"30004","375","2016","5","2","15","123","4","27","26.5","27.4"
"30004","375","2016","5","2","16","123","4","26.32","26.2","26.5"
"30004","375","2016","5","2","17","123","4","25.77","25.5","26.1"
"30004","375","2016","5","2","18","123","4","24.98","24.7","25.3"
"30004","375","2016","5","2","19","123","4","23.77","23.1","24.5"
"30004","375","2016","5","2","20","123","4","22.02","21","23.2"
"30004","375","2016","5","2","21","123","4","19.15","18.5","20.1"
"30004","375","2016","5","2","22","123","4","18.38","18.3","18.5"
"30004","375","2016","5","2","23","123","4","18.27","18.2","18.3"
"30004","375","2016","5","3","0","124","4","18.1","18.1","18.1"
"30004","375","2016","5","3","1","124","4","18.1","18.1","18.1"
"30004","375","2016","5","3","2","124","4","18.02","17.9","18.1"
"30004","375","2016","5","3","3","124","4","17.77","17.7","17.8"
"30004","375","2016","5","3","4","124","4","17.95","17.9","18"
"30004","375","2016","5","3","5","124","4","18","17.9","18.1"
"30004","375","2016","5","3","6","124","4","18.2","18.1","18.3"
"30004","375","2016","5","3","7","124","4","18.65","18.5","18.8"
"30004","375","2016","5","3","8","124","4","19.3","18.9","19.6"
"30004","375","2016","5","3","9","124","4","19.88","19.8","19.9"
"30004","375","2016","5","3","10","124","4","20.6","20","21.1"
"30004","375","2016","5","3","11","124","4","21.07","20.9","21.3"
"30004","375","2016","5","3","12","124","4","22.02","21.7","22.3"
"30004","375","2016","5","3","13","124","4","22.23","21.6","22.8"
"30004","375","2016","5","3","14","124","4","22.8","22.6","23"
"30004","375","2016","5","3","15","124","4","23.2","22.8","23.5"
"30004","375","2016","5","3","16","124","4","23.05","22.9","23.2"
"30004","375","2016","5","3","17","124","4","22.52","22.1","23"
"30004","375","2016","5","3","18","124","4","21.25","20.7","21.8"
"30004","375","2016","5","3","19","124","4","19.52","18.7","20.3"
"30004","375","2016","5","3","20","124","4","17.68","17.2","18.2"
"30004","375","2016","5","3","21","124","4","16.45","15.9","16.8"
"30004","375","2016","5","3","22","124","4","15.28","15","15.6"
"30004","375","2016","5","3","23","124","4","14.82","14.4","15.1"
"30004","375","2016","5","4","0","125","4","13.85","13.6","14.1"
"30004","375","2016","5","4","1","125","4","13.12","12.8","13.5"
"30004","375","2016","5","4","2","125","4","12.38","12.1","12.7"
"30004","375","2016","5","4","3","125","4","11.75","11.6","12"
"30004","375","2016","5","4","4","125","4","11.18","10.8","11.5"
"30004","375","2016","5","4","5","125","4","10.3","9.9","10.6"
"30004","375","2016","5","4","6","125","4","10.38","9.8","11.2"
"30004","375","2016","5","4","7","125","4","12.35","11.6","13.1"
"30004","375","2016","5","4","8","125","4","14.15","13.5","14.9"
"30004","375","2016","5","4","9","125","4","15.7","15.3","16"
"30004","375","2016","5","4","10","125","4","16.73","16.4","17"
"30004","375","2016","5","4","11","125","4","17.57","17.2","18"
"30004","375","2016","5","4","12","125","4","18.2","18","18.3"
"30004","375","2016","5","4","13","125","4","18.93","18.6","19.3"
"30004","375","2016","5","4","14","125","4","19.55","19.3","19.7"
"30004","375","2016","5","4","15","125","4","19.57","18.8","20"
"30004","375","2016","5","4","16","125","4","19.85","19.2","20.2"
"30004","375","2016","5","4","17","125","4","19.65","19.4","20.1"
"30004","375","2016","5","4","18","125","4","18.68","18.2","19"
"30004","375","2016","5","4","19","125","4","16.62","13.9","17.9"
"30004","375","2016","5","4","20","125","4","12.72","12.5","13.2"
"30004","375","2016","5","4","21","125","4","12.28","12.2","12.4"
"30004","375","2016","5","4","22","125","4","12.05","11.9","12.2"
"30004","375","2016","5","4","23","125","4","11.5","11.2","11.7"
"30004","375","2016","5","5","0","126","4","10.53","10.2","10.9"
"30004","375","2016","5","5","1","126","4","9.9","9.7","10.1"
"30004","375","2016","5","5","2","126","4","9.43","9.3","9.5"
"30004","375","2016","5","5","3","126","4","9.2","9.1","9.3"
"30004","375","2016","5","5","4","126","4","8.75","8.6","8.9"
"30004","375","2016","5","5","5","126","4","8.43","8.4","8.5"
"30004","375","2016","5","5","6","126","4","8.47","8.3","8.7"
"30004","375","2016","5","5","7","126","4","9.4","9","9.8"
"30004","375","2016","5","5","8","126","4","10.75","10.2","11.4"
"30004","375","2016","5","5","9","126","4","12.65","11.8","13.4"
"30004","375","2016","5","5","10","126","4","13.93","13.7","14.4"
"30004","375","2016","5","5","11","126","4","14.65","14.5","14.8"
"30004","375","2016","5","5","12","126","4","15.2","14.8","15.6"
"30004","375","2016","5","5","13","126","4","15.6","14.7","16.6"
"30004","375","2016","5","5","14","126","4","14.2","11.3","16.9"
"30004","375","2016","5","5","15","126","4","10.8","10","11.5"
"30004","375","2016","5","5","16","126","4","12.32","11.6","12.9"
"30004","375","2016","5","5","17","126","4","12.93","12.8","13"
"30004","375","2016","5","5","18","126","4","12.05","11.6","12.5"
"30004","375","2016","5","5","19","126","4","10.78","10.3","11.3"
"30004","375","2016","5","5","20","126","4","9.78","9.3","10.1"
"30004","375","2016","5","5","21","126","4","8.97","8.7","9.2"
"30004","375","2016","5","5","22","126","4","8.7","8.7","8.7"
"30004","375","2016","5","5","23","126","4","8.07","7.5","8.5"
"30004","375","2016","5","6","0","127","4","6.97","6.7","7.3"
"30004","375","2016","5","6","1","127","4","6.55","6.3","6.8"
"30004","375","2016","5","6","2","127","4","6.22","6.1","6.3"
"30004","375","2016","5","6","3","127","4","5.67","5.5","5.8"
"30004","375","2016","5","6","4","127","4","6.5","5.9","7"
"30004","375","2016","5","6","5","127","4","6.58","6.4","6.9"
"30004","375","2016","5","6","6","127","4","7.15","6.6","8.1"
"30004","375","2016","5","6","7","127","4","9.43","8.5","10.4"
"30004","375","2016","5","6","8","127","4","11.82","10.9","13"
"30004","375","2016","5","6","9","127","4","14.35","13.7","15"
"30004","375","2016","5","6","10","127","4","16.45","15.3","17.4"
"30004","375","2016","5","6","11","127","4","17.7","17.4","18"
"30004","375","2016","5","6","12","127","4","18.68","18.3","19.1"
"30004","375","2016","5","6","13","127","4","19.27","19.1","19.5"
"30004","375","2016","5","6","14","127","4","19.85","19.7","20.1"
"30004","375","2016","5","6","15","127","4","19.77","19.5","20"
"30004","375","2016","5","6","16","127","4","20.18","20","20.3"
"30004","375","2016","5","6","17","127","4","19.32","18.9","19.9"
"30004","375","2016","5","6","18","127","4","18.48","18.2","18.7"
"30004","375","2016","5","6","19","127","4","17.32","16.5","18"
"30004","375","2016","5","6","20","127","4","14.47","13.4","15.7"
"30004","375","2016","5","6","21","127","4","12.38","11.9","12.9"
"30004","375","2016","5","6","22","127","4","11","10.5","11.5"
"30004","375","2016","5","6","23","127","4","9.97","9.8","10.2"
"30004","375","2016","5","7","0","128","4","9.28","8.9","9.6"
"30004","375","2016","5","7","1","128","4","8.47","8.2","8.7"
"30004","375","2016","5","7","2","128","4","7.95","7.7","8.2"
"30004","375","2016","5","7","3","128","4","7.38","7.2","7.6"
"30004","375","2016","5","7","4","128","4","6.9","6.7","7.1"
"30004","375","2016","5","7","5","128","4","6.6","6.6","6.6"
"30004","375","2016","5","7","6","128","4","7.03","6.7","7.4"
"30004","375","2016","5","7","7","128","4","9.57","7.9","11.6"
"30004","375","2016","5","7","8","128","4","13.8","12.6","15.2"
"30004","375","2016","5","7","9","128","4","17.65","16.4","18.5"
"30004","375","2016","5","7","10","128","4","19.85","19.1","20.5"
"30004","375","2016","5","7","11","128","4","21.6","21","22.1"
"30004","375","2016","5","7","12","128","4","22.88","22.3","23.6"
"30004","375","2016","5","7","13","128","4","24.07","23.8","24.5"
"30004","375","2016","5","7","14","128","4","24.95","24.7","25.1"
"30004","375","2016","5","7","15","128","4","25.55","25.4","25.8"
"30004","375","2016","5","7","16","128","4","25.8","25.7","25.9"
"30004","375","2016","5","7","17","128","4","25.48","25.2","25.8"
"30004","375","2016","5","7","18","128","4","24.5","24","25"
"30004","375","2016","5","7","19","128","4","22.85","22.2","23.6"
"30004","375","2016","5","7","20","128","4","20.25","19.2","21.6"
"30004","375","2016","5","7","21","128","4","18.43","18","18.9"
"30004","375","2016","5","7","22","128","4","19.18","18.5","19.5"
"30004","375","2016","5","7","23","128","4","19.88","19.5","20.1"
"30004","375","2016","5","8","0","129","4","19.15","18.4","19.8"
"30004","375","2016","5","8","1","129","4","16.83","16.1","17.6"
"30004","375","2016","5","8","2","129","4","15.22","14.9","15.7"
"30004","375","2016","5","8","3","129","4","14.68","14.4","14.9"
"30004","375","2016","5","8","4","129","4","13.93","13.7","14.1"
"30004","375","2016","5","8","5","129","4","13.32","13.2","13.5"
"30004","375","2016","5","8","6","129","4","13.43","13.2","13.8"
"30004","375","2016","5","8","7","129","4","16.12","14.3","18"
"30004","375","2016","5","8","8","129","4","19.43","18.7","20.3"
"30004","375","2016","5","8","9","129","4","21.98","21","22.8"
"30004","375","2016","5","8","10","129","4","23.93","23.4","24.5"
"30004","375","2016","5","8","11","129","4","25.32","24.9","25.8"
"30004","375","2016","5","8","12","129","4","26.43","26","26.7"
"30004","375","2016","5","8","13","129","4","27.43","27","27.9"
"30004","375","2016","5","8","14","129","4","28.43","28.1","28.7"
"30004","375","2016","5","8","15","129","4","28.75","28.6","28.9"
"30004","375","2016","5","8","16","129","4","28.95","28.8","29.1"
"30004","375","2016","5","8","17","129","4","28.27","27.9","28.8"
"30004","375","2016","5","8","18","129","4","26.65","25.3","27.6"
"30004","375","2016","5","8","19","129","4","22.82","21.5","24.2"
"30004","375","2016","5","8","20","129","4","20.05","19.4","20.8"
"30004","375","2016","5","8","21","129","4","18.4","18","19"
"30004","375","2016","5","8","22","129","4","17.43","17","17.8"
"30004","375","2016","5","8","23","129","4","16.5","16.2","16.8"
"30004","375","2016","5","9","0","130","4","15.9","15.7","16.1"
"30004","375","2016","5","9","1","130","4","15.38","15.1","15.6"
"30004","375","2016","5","9","2","130","4","14.75","14.6","14.9"
"30004","375","2016","5","9","3","130","4","14.33","14.3","14.4"
"30004","375","2016","5","9","4","130","4","14.43","14.3","14.5"
"30004","375","2016","5","9","5","130","4","13.93","13.7","14.1"
"30004","375","2016","5","9","6","130","4","14.55","13.9","15.2"
"30004","375","2016","5","9","7","130","4","16.65","15.9","17.3"
"30004","375","2016","5","9","8","130","4","19.05","18.2","19.9"
"30004","375","2016","5","9","9","130","4","21.75","20.2","22.9"
"30004","375","2016","5","9","10","130","4","24.73","23.6","25.6"
"30004","375","2016","5","9","11","130","4","25.93","25.7","26.2"
"30004","375","2016","5","9","12","130","4","26.6","26.4","26.8"
"30004","375","2016","5","9","13","130","4","27","26.9","27.1"
"30004","375","2016","5","9","14","130","4","26.7","26.4","27"
"30004","375","2016","5","9","15","130","4","24.9","24.5","25.5"
"30004","375","2016","5","9","16","130","4","24.6","24.4","24.7"
"30004","375","2016","5","9","17","130","4","23.6","23.5","23.7"
"30004","375","2016","5","9","18","130","4","22.38","21.3","23.2"
"30004","375","2016","5","9","19","130","4","20.65","20.5","20.8"
"30004","375","2016","5","9","20","130","4","19.48","19","20.1"
"30004","375","2016","5","9","21","130","4","18.48","18.2","18.8"
"30004","375","2016","5","9","22","130","4","17.73","17.4","18"
"30004","375","2016","5","9","23","130","4","16.82","16.1","17.4"
"30004","375","2016","5","10","0","131","4","15.9","15.9","15.9"
"30004","375","2016","5","10","1","131","4","16.1","16.1","16.1"
"30004","375","2016","5","10","2","131","4","16.27","16.2","16.4"
"30004","375","2016","5","10","3","131","4","16.38","16.3","16.4"
"30004","375","2016","5","10","4","131","4","16.18","16.1","16.3"
"30004","375","2016","5","10","5","131","4","15.68","15.4","16.1"
"30004","375","2016","5","10","6","131","4","16","15.6","16.4"
"30004","375","2016","5","10","7","131","4","17.7","16.8","18.6"
"30004","375","2016","5","10","8","131","4","19.95","19.2","20.9"
"30004","375","2016","5","10","9","131","4","22.48","21.2","23.3"
"30004","375","2016","5","10","10","131","4","24.1","23.5","24.6"
"30004","375","2016","5","10","11","131","4","24.65","24.5","24.7"
"30004","375","2016","5","10","12","131","4","25.8","25.3","26"
"30004","375","2016","5","10","13","131","4","25.62","25.3","25.9"
"30004","375","2016","5","10","14","131","4","26.4","26.2","26.8"
"30004","375","2016","5","10","15","131","4","26.38","26","27"
"30004","375","2016","5","10","16","131","4","27.05","26.7","27.4"
"30004","375","2016","5","10","17","131","4","26.27","26","26.5"
"30004","375","2016","5","10","18","131","4","25.6","24.9","26.3"
"30004","375","2016","5","10","19","131","4","23.48","22.7","24.4"
"30004","375","2016","5","10","20","131","4","21.23","20.4","22.1"
"30004","375","2016","5","10","21","131","4","19.85","19.5","20.1"
"30004","375","2016","5","10","22","131","4","19.2","19","19.4"
"30004","375","2016","5","10","23","131","4","18.5","18.2","18.8"
"30004","375","2016","5","11","0","132","4","17.6","17.3","17.9"
"30004","375","2016","5","11","1","132","4","17.02","16.9","17.2"
"30004","375","2016","5","11","2","132","4","16.7","16.5","17"
"30004","375","2016","5","11","3","132","4","16.3","16.2","16.4"
"30004","375","2016","5","11","4","132","4","16.1","16.1","16.1"
"30004","375","2016","5","11","5","132","4","16.15","16.1","16.2"
"30004","375","2016","5","11","6","132","4","16.68","16.3","17.4"
"30004","375","2016","5","11","7","132","4","19.1","18.1","20.1"
"30004","375","2016","5","11","8","132","4","21.52","20.8","22.3"
"30004","375","2016","5","11","9","132","4","23.75","22.9","24.6"
"30004","375","2016","5","11","10","132","4","25.35","25.1","25.8"
"30004","375","2016","5","11","11","132","4","26.48","26.1","26.7"
"30004","375","2016","5","11","12","132","4","26.75","26.5","27.2"
"30004","375","2016","5","11","13","132","4","28.12","28","28.4"
"30004","375","2016","5","11","14","132","4","29.02","28.6","29.2"
"30004","375","2016","5","11","15","132","4","29.3","29","29.6"
"30004","375","2016","5","11","16","132","4","29.35","28.7","29.7"
"30004","375","2016","5","11","17","132","4","28.43","28.2","28.5"
"30004","375","2016","5","11","18","132","4","27.85","27.1","28.6"
"30004","375","2016","5","11","19","132","4","25.15","24","26.3"
"30004","375","2016","5","11","20","132","4","22.95","22.5","23.5"
"30004","375","2016","5","11","21","132","4","22.05","21.9","22.2"
"30004","375","2016","5","11","22","132","4","21.88","21.7","22"
"30004","375","2016","5","11","23","132","4","21.38","21.1","21.6"
"30004","375","2016","5","12","0","133","4","20.9","20.5","21.1"
"30004","375","2016","5","12","1","133","4","19.7","19.3","20.2"
"30004","375","2016","5","12","2","133","4","18.82","18.5","19.2"
"30004","375","2016","5","12","3","133","4","18.18","18","18.4"
"30004","375","2016","5","12","4","133","4","17.8","17.7","17.9"
"30004","375","2016","5","12","5","133","4","17.73","17.6","17.8"
"30004","375","2016","5","12","6","133","4","17.77","17.6","18"
"30004","375","2016","5","12","7","133","4","19.38","18.4","20.7"
"30004","375","2016","5","12","8","133","4","22.98","21.8","24"
"30004","375","2016","5","12","9","133","4","24.85","24.4","25.1"
"30004","375","2016","5","12","10","133","4","26.05","25.7","26.4"
"30004","375","2016","5","12","11","133","4","26.65","26.3","26.8"
"30004","375","2016","5","12","12","133","4","26.05","25.3","26.7"
"30004","375","2016","5","12","13","133","4","27.8","27.5","28"
"30004","375","2016","5","12","14","133","4","26.15","25.3","26.9"
"30004","375","2016","5","12","15","133","4","20.68","18.6","24.2"
"30004","375","2016","5","12","16","133","4","19.73","18.5","21"
"30004","375","2016","5","12","17","133","4","20.38","20.1","20.7"
"30004","375","2016","5","12","18","133","4","20.2","19.9","20.5"
"30004","375","2016","5","12","19","133","4","19.57","19.4","19.8"
"30004","375","2016","5","12","20","133","4","19.02","18.8","19.2"
"30004","375","2016","5","12","21","133","4","18.48","18.3","18.7"
"30004","375","2016","5","12","22","133","4","18.43","18.3","18.7"
"30004","375","2016","5","12","23","133","4","18.73","18.5","18.9"
"30004","375","2016","5","13","0","134","4","18.05","17.9","18.2"
"30004","375","2016","5","13","1","134","4","17.85","17.8","17.9"
"30004","375","2016","5","13","2","134","4","17.82","17.8","17.9"
"30004","375","2016","5","13","3","134","4","18.05","18","18.1"
"30004","375","2016","5","13","4","134","4","18","17.9","18.1"
"30004","375","2016","5","13","5","134","4","17.57","17.3","17.8"
"30004","375","2016","5","13","6","134","4","17.07","17","17.2"
"30004","375","2016","5","13","7","134","4","17.8","17.5","18.2"
"30004","375","2016","5","13","8","134","4","18.95","18.5","19.5"
"30004","375","2016","5","13","9","134","4","20.62","19.8","21.2"
"30004","375","2016","5","13","10","134","4","21.68","21.3","21.9"
"30004","375","2016","5","13","11","134","4","22.1","21.9","22.5"
"30004","375","2016","5","13","12","134","4","22.75","22.7","22.8"
"30004","375","2016","5","13","13","134","4","23.35","23.1","23.6"
"30004","375","2016","5","13","14","134","4","23.88","23.5","24.4"
"30004","375","2016","5","13","15","134","4","24.23","24.1","24.4"
"30004","375","2016","5","13","16","134","4","24.35","24.2","24.4"
"30004","375","2016","5","13","17","134","4","23.68","23.4","24.1"
"30004","375","2016","5","13","18","134","4","22.65","22","23.4"
"30004","375","2016","5","13","19","134","4","20.7","19.9","21.5"
"30004","375","2016","5","13","20","134","4","18.4","17.5","19.2"
"30004","375","2016","5","13","21","134","4","16.3","15.7","16.9"
"30004","375","2016","5","13","22","134","4","14.82","14.3","15.3"
"30004","375","2016","5","13","23","134","4","13.6","13.3","14.1"
"30004","375","2016","5","14","0","135","4","12.7","12.2","13.2"
"30004","375","2016","5","14","1","135","4","11.68","11.4","11.9"
"30004","375","2016","5","14","2","135","4","11.18","11.1","11.3"
"30004","375","2016","5","14","3","135","4","10.7","10.5","10.9"
"30004","375","2016","5","14","4","135","4","10.28","10.1","10.4"
"30004","375","2016","5","14","5","135","4","10.03","10","10.1"
"30004","375","2016","5","14","6","135","4","10.75","10.1","11.7"
"30004","375","2016","5","14","7","135","4","13.72","12.6","14.9"
"30004","375","2016","5","14","8","135","4","16.82","15.6","18.3"
"30004","375","2016","5","14","9","135","4","20.25","19.5","20.9"
"30004","375","2016","5","14","10","135","4","21.98","21.5","22.5"
"30004","375","2016","5","14","11","135","4","23.32","23","23.6"
"30004","375","2016","5","14","12","135","4","24","23.6","24.3"
"30004","375","2016","5","14","13","135","4","24.88","24.7","25.1"
"30004","375","2016","5","14","14","135","4","25.38","25","25.7"
"30004","375","2016","5","14","15","135","4","25.82","25.8","25.9"
"30004","375","2016","5","14","16","135","4","25.6","25.4","25.7"
"30004","375","2016","5","14","17","135","4","24.95","24.7","25.3"
"30004","375","2016","5","14","18","135","4","23.42","22.2","24.4"
"30004","375","2016","5","14","19","135","4","20.05","18.8","21.3"
"30004","375","2016","5","14","20","135","4","17.03","16.1","18.1"
"30004","375","2016","5","14","21","135","4","15.25","14.8","15.7"
"30004","375","2016","5","14","22","135","4","14.25","13.9","14.6"
"30004","375","2016","5","14","23","135","4","13.28","12.9","13.6"
"30004","375","2016","5","15","0","136","4","12.28","11.9","12.6"
"30004","375","2016","5","15","1","136","4","11.3","11","11.6"
"30004","375","2016","5","15","2","136","4","10.57","10.3","10.8"
"30004","375","2016","5","15","3","136","4","9.8","9.5","10.1"
"30004","375","2016","5","15","4","136","4","9","8.7","9.3"
"30004","375","2016","5","15","5","136","4","8.3","8","8.6"
"30004","375","2016","5","15","6","136","4","8.2","8","8.6"
"30004","375","2016","5","15","7","136","4","9.15","8.8","9.5"
"30004","375","2016","5","15","8","136","4","10.25","9.6","11"
"30004","375","2016","5","15","9","136","4","12.2","11.4","13.3"
"30004","375","2016","5","15","10","136","4","13.85","13.6","14.1"
"30004","375","2016","5","15","11","136","4","15.68","14.7","16.8"
"30004","375","2016","5","15","12","136","4","18","17.6","18.2"
"30004","375","2016","5","15","13","136","4","18.98","18.5","19.7"
"30004","375","2016","5","15","14","136","4","19.9","19.7","20.1"
"30004","375","2016","5","15","15","136","4","20.05","20","20.1"
"30004","375","2016","5","15","16","136","4","19.88","19.8","20.1"
"30004","375","2016","5","15","17","136","4","19.15","18.9","19.6"
"30004","375","2016","5","15","18","136","4","18.02","17.3","18.8"
"30004","375","2016","5","15","19","136","4","16.2","15.6","16.9"
"30004","375","2016","5","15","20","136","4","14.62","14.1","15.2"
"30004","375","2016","5","15","21","136","4","13.55","12.7","14.2"
"30004","375","2016","5","15","22","136","4","11.78","11","12.4"
"30004","375","2016","5","15","23","136","4","10.28","9.8","10.6"
"30004","375","2016","5","16","0","137","4","9.03","8.8","9.4"
"30004","375","2016","5","16","1","137","4","8.68","8.6","8.8"
"30004","375","2016","5","16","2","137","4","8.38","8.2","8.5"
"30004","375","2016","5","16","3","137","4","7.9","7.7","8.1"
"30004","375","2016","5","16","4","137","4","7.38","7.2","7.6"
"30004","375","2016","5","16","5","137","4","7.12","7.1","7.2"
"30004","375","2016","5","16","6","137","4","7.97","7.3","8.8"
"30004","375","2016","5","16","7","137","4","11.18","9.6","12.7"
"30004","375","2016","5","16","8","137","4","14","13.3","14.7"
"30004","375","2016","5","16","9","137","4","16.38","15.5","17"
"30004","375","2016","5","16","10","137","4","18.12","17.6","18.5"
"30004","375","2016","5","16","11","137","4","19.62","19","20"
"30004","375","2016","5","16","12","137","4","20.43","20.2","20.7"
"30004","375","2016","5","16","13","137","4","21.3","21.1","21.5"
"30004","375","2016","5","16","14","137","4","22.57","22","23"
"30004","375","2016","5","16","15","137","4","23.52","23.3","23.7"
"30004","375","2016","5","16","16","137","4","23.85","23.7","24"
"30004","375","2016","5","16","17","137","4","23.12","22.2","24.1"
"30004","375","2016","5","16","18","137","4","21.88","21.2","22.3"
"30004","375","2016","5","16","19","137","4","20.05","19.6","20.6"
"30004","375","2016","5","16","20","137","4","19.12","18.9","19.4"
"30004","375","2016","5","16","21","137","4","18.62","18.5","18.8"
"30004","375","2016","5","16","22","137","4","18.5","18.5","18.5"
"30004","375","2016","5","16","23","137","4","18.35","18.2","18.5"
"30004","375","2016","5","17","0","138","4","17.98","17.9","18.1"
"30004","375","2016","5","17","1","138","4","17.7","17.6","17.8"
"30004","375","2016","5","17","2","138","4","17.55","17.5","17.6"
"30004","375","2016","5","17","3","138","4","17.25","17.2","17.3"
"30004","375","2016","5","17","4","138","4","16.5","15.5","17.3"
"30004","375","2016","5","17","5","138","4","15.4","15.4","15.4"
"30004","375","2016","5","17","6","138","4","15.25","15","15.4"
"30004","375","2016","5","17","7","138","4","15","14.8","15.3"
"30004","375","2016","5","17","8","138","4","15.9","15.5","16.3"
"30004","375","2016","5","17","9","138","4","16.95","16.5","17.6"
"30004","375","2016","5","17","10","138","4","18.12","17.7","18.5"
"30004","375","2016","5","17","11","138","4","19.62","18.9","20.3"
"30004","375","2016","5","17","12","138","4","20.8","20.6","20.9"
"30004","375","2016","5","17","13","138","4","21.4","21.2","21.7"
"30004","375","2016","5","17","14","138","4","22.25","22.2","22.3"
"30004","375","2016","5","17","15","138","4","22.52","22.2","23"
"30004","375","2016","5","17","16","138","4","22.62","22.4","22.9"
"30004","375","2016","5","17","17","138","4","22.17","21.9","22.4"
"30004","375","2016","5","17","18","138","4","21.43","21","21.8"
"30004","375","2016","5","17","19","138","4","20.25","20","20.6"
"30004","375","2016","5","17","20","138","4","19.7","19.5","19.9"
"30004","375","2016","5","17","21","138","4","19.2","19","19.4"
"30004","375","2016","5","17","22","138","4","18.93","18.8","19"
"30004","375","2016","5","17","23","138","4","18.7","18.7","18.7"
"30004","375","2016","5","18","0","139","4","18.68","18.6","18.8"
"30004","375","2016","5","18","1","139","4","18.45","18.4","18.5"
"30004","375","2016","5","18","2","139","4","18.18","18.1","18.3"
"30004","375","2016","5","18","3","139","4","18.05","18","18.1"
"30004","375","2016","5","18","4","139","4","18.05","18","18.1"
"30004","375","2016","5","18","5","139","4","18.18","18.1","18.2"
"30004","375","2016","5","18","6","139","4","18.55","18.3","18.9"
"30004","375","2016","5","18","7","139","4","19.35","19.1","19.7"
"30004","375","2016","5","18","8","139","4","20.45","20","21.1"
"30004","375","2016","5","18","9","139","4","21.8","21.7","22"
"30004","375","2016","5","18","10","139","4","23.3","22.2","24"
"30004","375","2016","5","18","11","139","4","23.7","23.3","24.1"
"30004","375","2016","5","18","12","139","4","23.62","23.1","24.6"
"30004","375","2016","5","18","13","139","4","24.93","24.4","25.5"
"30004","375","2016","5","18","14","139","4","25.3","24.6","26.3"
"30004","375","2016","5","18","15","139","4","26.05","25.2","26.6"
"30004","375","2016","5","18","16","139","4","26.98","26.2","27.5"
"30004","375","2016","5","18","17","139","4","27","26.5","27.3"
"30004","375","2016","5","18","18","139","4","24.68","23.6","26.1"
"30004","375","2016","5","18","19","139","4","22.98","22.5","23.4"
"30004","375","2016","5","18","20","139","4","22.27","22.2","22.4"
"30004","375","2016","5","18","21","139","4","21.52","20.9","22.2"
"30004","375","2016","5","18","22","139","4","20.27","20","20.5"
"30004","375","2016","5","18","23","139","4","20.12","20.1","20.2"
"30004","375","2016","5","19","0","140","4","20.27","20.2","20.3"
"30004","375","2016","5","19","1","140","4","19.8","19.5","20.1"
"30004","375","2016","5","19","2","140","4","18.95","18.6","19.3"
"30004","375","2016","5","19","3","140","4","17.88","17.4","18.3"
"30004","375","2016","5","19","4","140","4","17.2","17.1","17.3"
"30004","375","2016","5","19","5","140","4","16.85","16.7","17"
"30004","375","2016","5","19","6","140","4","16.8","16.8","16.8"
"30004","375","2016","5","19","7","140","4","17.32","17","17.7"
"30004","375","2016","5","19","8","140","4","18.75","18.4","19"
"30004","375","2016","5","19","9","140","4","20.15","19.4","20.9"
"30004","375","2016","5","19","10","140","4","21.12","20.8","21.3"
"30004","375","2016","5","19","11","140","4","21.22","20.9","21.4"
"30004","375","2016","5","19","12","140","4","21.27","21.1","21.5"
"30004","375","2016","5","19","13","140","4","21.85","21.5","22.4"
"30004","375","2016","5","19","14","140","4","23.4","22.9","23.8"
"30004","375","2016","5","19","15","140","4","23.27","22.9","23.8"
"30004","375","2016","5","19","16","140","4","22.77","22","23.2"
"30004","375","2016","5","19","17","140","4","20.95","20.5","21.5"
"30004","375","2016","5","19","18","140","4","19.85","19.6","20.2"
"30004","375","2016","5","19","19","140","4","19.12","18.8","19.4"
"30004","375","2016","5","19","20","140","4","18.38","18.1","18.6"
"30004","375","2016","5","19","21","140","4","17.7","17.5","17.9"
"30004","375","2016","5","19","22","140","4","17.12","17","17.4"
"30004","375","2016","5","19","23","140","4","16.8","16.6","17"
"30004","375","2016","5","20","0","141","4","16.4","16.2","16.5"
"30004","375","2016","5","20","1","141","4","16.12","16.1","16.2"
"30004","375","2016","5","20","2","141","4","16.05","16","16.1"
"30004","375","2016","5","20","3","141","4","15.85","15.7","16"
"30004","375","2016","5","20","4","141","4","15.43","15.2","15.6"
"30004","375","2016","5","20","5","141","4","15.2","15.2","15.2"
"30004","375","2016","5","20","6","141","4","15.22","15.2","15.3"
"30004","375","2016","5","20","7","141","4","15.43","15.3","15.6"
"30004","375","2016","5","20","8","141","4","15.6","15.5","15.7"
"30004","375","2016","5","20","9","141","4","15.93","15.8","16"
"30004","375","2016","5","20","10","141","4","15.9","15.8","16"
"30004","375","2016","5","20","11","141","4","15.8","15.7","15.9"
"30004","375","2016","5","20","12","141","4","15.9","15.9","15.9"
"30004","375","2016","5","20","13","141","4","15.88","15.8","16"
"30004","375","2016","5","20","14","141","4","16.18","16.1","16.2"
"30004","375","2016","5","20","15","141","4","16.27","16.2","16.4"
"30004","375","2016","5","20","16","141","4","16.57","16.5","16.7"
"30004","375","2016","5","20","17","141","4","16.62","16.5","16.7"
"30004","375","2016","5","20","18","141","4","16.32","16.2","16.5"
"30004","375","2016","5","20","19","141","4","16.05","15.9","16.2"
"30004","375","2016","5","20","20","141","4","15.75","15.7","15.9"
"30004","375","2016","5","20","21","141","4","15.67","15.6","15.7"
"30004","375","2016","5","20","22","141","4","15.7","15.7","15.7"
"30004","375","2016","5","20","23","141","4","15.6","15.5","15.7"
"30004","375","2016","5","21","0","142","4","15.5","15.4","15.6"
"30004","375","2016","5","21","1","142","4","15.32","15.2","15.4"
"30004","375","2016","5","21","2","142","4","15.12","15.1","15.2"
"30004","375","2016","5","21","3","142","4","15.1","15.1","15.1"
"30004","375","2016","5","21","4","142","4","15.15","15.1","15.2"
"30004","375","2016","5","21","5","142","4","15.2","15.2","15.2"
"30004","375","2016","5","21","6","142","4","15.43","15.3","15.5"
"30004","375","2016","5","21","7","142","4","15.75","15.6","15.9"
"30004","375","2016","5","21","8","142","4","16.23","15.9","16.8"
"30004","375","2016","5","21","9","142","4","17.7","17.1","18.3"
"30004","375","2016","5","21","10","142","4","18.45","18.4","18.6"
"30004","375","2016","5","21","11","142","4","20.32","19.5","20.9"
"30004","375","2016","5","21","12","142","4","22.08","21.5","22.6"
"30004","375","2016","5","21","13","142","4","23.32","22.9","23.6"
"30004","375","2016","5","21","14","142","4","24.25","24","24.5"
"30004","375","2016","5","21","15","142","4","23.93","23.4","24.3"
"30004","375","2016","5","21","16","142","4","24.12","24","24.5"
"30004","375","2016","5","21","17","142","4","23.82","23.5","24"
"30004","375","2016","5","21","18","142","4","22.68","22","23.1"
"30004","375","2016","5","21","19","142","4","20.93","20.4","21.6"
"30004","375","2016","5","21","20","142","4","19.77","19.4","20.1"
"30004","375","2016","5","21","21","142","4","18.55","18.1","19.1"
"30004","375","2016","5","21","22","142","4","17.25","16.6","17.8"
"30004","375","2016","5","21","23","142","4","15.95","15.7","16.2"
"30004","375","2016","5","22","0","143","4","15.25","14.9","15.5"
"30004","375","2016","5","22","1","143","4","14.43","14.1","14.7"
"30004","375","2016","5","22","2","143","4","13.62","13.5","13.8"
"30004","375","2016","5","22","3","143","4","13.22","13.1","13.4"
"30004","375","2016","5","22","4","143","4","13.17","13.1","13.2"
"30004","375","2016","5","22","5","143","4","13.05","13","13.1"
"30004","375","2016","5","22","6","143","4","13.32","13","13.7"
"30004","375","2016","5","22","7","143","4","14.78","14.1","15.4"
"30004","375","2016","5","22","8","143","4","16.27","15.8","17"
"30004","375","2016","5","22","9","143","4","18.23","17.5","18.9"
"30004","375","2016","5","22","10","143","4","20.18","19.3","20.8"
"30004","375","2016","5","22","11","143","4","21.6","21.1","22.1"
"30004","375","2016","5","22","12","143","4","22.62","22.2","23"
"30004","375","2016","5","22","13","143","4","23.8","23.5","24.1"
"30004","375","2016","5","22","14","143","4","24.2","24.1","24.3"
"30004","375","2016","5","22","15","143","4","24.2","24","24.4"
"30004","375","2016","5","22","16","143","4","24.12","24.1","24.2"
"30004","375","2016","5","22","17","143","4","23.7","23.4","24.2"
"30004","375","2016","5","22","18","143","4","22.7","22.1","23.1"
"30004","375","2016","5","22","19","143","4","20.5","19.2","21.5"
"30004","375","2016","5","22","20","143","4","17.35","16.5","18.4"
"30004","375","2016","5","22","21","143","4","15.62","15.1","16.2"
"30004","375","2016","5","22","22","143","4","14.6","14.3","14.9"
"30004","375","2016","5","22","23","143","4","13.8","13.5","14.1"
"30004","375","2016","5","23","0","144","4","12.72","12.4","13.1"
"30004","375","2016","5","23","1","144","4","11.97","11.8","12.1"
"30004","375","2016","5","23","2","144","4","11.32","11.2","11.5"
"30004","375","2016","5","23","3","144","4","10.88","10.8","11"
"30004","375","2016","5","23","4","144","4","10.38","10.2","10.6"
"30004","375","2016","5","23","5","144","4","10.05","10","10.1"
"30004","375","2016","5","23","6","144","4","10.68","10.2","11.3"
"30004","375","2016","5","23","7","144","4","13.7","12","15.7"
"30004","375","2016","5","23","8","144","4","18.55","17","20.2"
"30004","375","2016","5","23","9","144","4","22.23","21.3","23"
"30004","375","2016","5","23","10","144","4","23.75","23.3","24"
"30004","375","2016","5","23","11","144","4","24.6","24.4","24.8"
"30004","375","2016","5","23","12","144","4","25.15","25","25.3"
"30004","375","2016","5","23","13","144","4","25.52","25.3","25.8"
"30004","375","2016","5","23","14","144","4","26.1","25.9","26.3"
"30004","375","2016","5","23","15","144","4","26.27","26","26.7"
"30004","375","2016","5","23","16","144","4","26.65","26.4","26.9"
"30004","375","2016","5","23","17","144","4","26.38","26.2","26.5"
"30004","375","2016","5","23","18","144","4","25.4","24.6","26"
"30004","375","2016","5","23","19","144","4","21.68","20","23.5"
"30004","375","2016","5","23","20","144","4","18.18","17.4","19.1"
"30004","375","2016","5","23","21","144","4","16.68","16.3","17.1"
"30004","375","2016","5","23","22","144","4","15.8","15.4","16.2"
"30004","375","2016","5","23","23","144","4","14.93","14.7","15.2"
"30004","375","2016","5","24","0","145","4","14.65","14.4","15"
"30004","375","2016","5","24","1","145","4","15","14.9","15.1"
"30004","375","2016","5","24","2","145","4","14.6","14.5","14.8"
"30004","375","2016","5","24","3","145","4","14.38","14.1","14.6"
"30004","375","2016","5","24","4","145","4","13.88","13.8","14"
"30004","375","2016","5","24","5","145","4","13.45","13.2","13.7"
"30004","375","2016","5","24","6","145","4","13.38","13.1","13.9"
"30004","375","2016","5","24","7","145","4","15.43","14.4","16.8"
"30004","375","2016","5","24","8","145","4","18.48","17.6","19.4"
"30004","375","2016","5","24","9","145","4","21.62","20.4","22.6"
"30004","375","2016","5","24","10","145","4","23.82","23.2","24.6"
"30004","375","2016","5","24","11","145","4","25.4","24.7","25.9"
"30004","375","2016","5","24","12","145","4","26.38","26.2","26.5"
"30004","375","2016","5","24","13","145","4","27.07","27","27.2"
"30004","375","2016","5","24","14","145","4","27.62","27.3","28.2"
"30004","375","2016","5","24","15","145","4","27.85","27.6","28.1"
"30004","375","2016","5","24","16","145","4","27.95","27.8","28.1"
"30004","375","2016","5","24","17","145","4","27.93","27.8","28"
"30004","375","2016","5","24","18","145","4","26.77","25.5","27.6"
"30004","375","2016","5","24","19","145","4","23.1","21.8","24.4"
"30004","375","2016","5","24","20","145","4","20.12","19.4","21"
"30004","375","2016","5","24","21","145","4","18.48","18","19"
"30004","375","2016","5","24","22","145","4","17.38","17","17.8"
"30004","375","2016","5","24","23","145","4","16.6","16.5","16.8"
"30004","375","2016","5","25","0","146","4","16.12","15.9","16.4"
"30004","375","2016","5","25","1","146","4","15.53","15.3","15.8"
"30004","375","2016","5","25","2","146","4","14.95","14.8","15.1"
"30004","375","2016","5","25","3","146","4","14.57","14.4","14.7"
"30004","375","2016","5","25","4","146","4","14.22","14.1","14.3"
"30004","375","2016","5","25","5","146","4","13.93","13.9","14"
"30004","375","2016","5","25","6","146","4","14.3","13.9","14.8"
"30004","375","2016","5","25","7","146","4","16.68","15.4","18.3"
"30004","375","2016","5","25","8","146","4","20.77","19.2","22.4"
"30004","375","2016","5","25","9","146","4","24.62","23.6","25.7"
"30004","375","2016","5","25","10","146","4","26.95","26.5","27.7"
"30004","375","2016","5","25","11","146","4","28.17","27.9","28.4"
"30004","375","2016","5","25","12","146","4","28.6","28.4","28.9"
"30004","375","2016","5","25","13","146","4","29.43","29.1","29.7"
"30004","375","2016","5","25","14","146","4","29.75","29.3","30.3"
"30004","375","2016","5","25","15","146","4","30.25","30.1","30.4"
"30004","375","2016","5","25","16","146","4","29.95","29.7","30.2"
"30004","375","2016","5","25","17","146","4","29.35","29","29.8"
"30004","375","2016","5","25","18","146","4","28.02","26.7","29.2"
"30004","375","2016","5","25","19","146","4","25.15","24.3","26"
"30004","375","2016","5","25","20","146","4","23.05","22.3","23.9"
"30004","375","2016","5","25","21","146","4","21.5","21","21.9"
"30004","375","2016","5","25","22","146","4","20.2","19.7","20.7"
"30004","375","2016","5","25","23","146","4","19.15","18.8","19.5"
"30004","375","2016","5","26","0","147","4","18.4","18.1","18.7"
"30004","375","2016","5","26","1","147","4","18.02","17.9","18.2"
"30004","375","2016","5","26","2","147","4","18.27","18.2","18.3"
"30004","375","2016","5","26","3","147","4","18.48","18.3","18.6"
"30004","375","2016","5","26","4","147","4","18.25","18.1","18.5"
"30004","375","2016","5","26","5","147","4","18.18","18.1","18.3"
"30004","375","2016","5","26","6","147","4","18.6","18.4","18.9"
"30004","375","2016","5","26","7","147","4","20.4","19.5","21"
"30004","375","2016","5","26","8","147","4","22.05","21.4","22.7"
"30004","375","2016","5","26","9","147","4","23.07","22.7","23.4"
"30004","375","2016","5","26","10","147","4","24.3","23.6","25"
"30004","375","2016","5","26","11","147","4","26.98","25.5","27.7"
"30004","375","2016","5","26","12","147","4","27.65","27.5","27.8"
"30004","375","2016","5","26","13","147","4","28.98","28.5","29.4"
"30004","375","2016","5","26","14","147","4","29.38","29.1","29.7"
"30004","375","2016","5","26","15","147","4","29.27","28.2","30.2"
"30004","375","2016","5","26","16","147","4","30.52","30.2","31"
"30004","375","2016","5","26","17","147","4","28.88","27.6","30.1"
"30004","375","2016","5","26","18","147","4","27","26.9","27.1"
"30004","375","2016","5","26","19","147","4","26.3","25.5","26.9"
"30004","375","2016","5","26","20","147","4","24.35","23.9","24.9"
"30004","375","2016","5","26","21","147","4","23.4","23.3","23.5"
"30004","375","2016","5","26","22","147","4","22.95","22.8","23.1"
"30004","375","2016","5","26","23","147","4","22.38","22","22.7"
"30004","375","2016","5","27","0","148","4","21.6","21.4","21.8"
"30004","375","2016","5","27","1","148","4","21.25","20.9","21.5"
"30004","375","2016","5","27","2","148","4","20.38","20.2","20.7"
"30004","375","2016","5","27","3","148","4","20.68","20.5","21"
"30004","375","2016","5","27","4","148","4","20.88","20.6","21.1"
"30004","375","2016","5","27","5","148","4","19.85","19.3","20.4"
"30004","375","2016","5","27","6","148","4","19.25","19.2","19.4"
"30004","375","2016","5","27","7","148","4","20.23","19.5","21"
"30004","375","2016","5","27","8","148","4","21.65","21.4","22"
"30004","375","2016","5","27","9","148","4","22.75","22.3","23.3"
"30004","375","2016","5","27","10","148","4","23.85","23.6","24"
"30004","375","2016","5","27","11","148","4","24.85","24.3","25.2"
"30004","375","2016","5","27","12","148","4","26.48","25.4","27.1"
"30004","375","2016","5","27","13","148","4","28.25","27.9","28.4"
"30004","375","2016","5","27","14","148","4","28.7","28.5","28.9"
"30004","375","2016","5","27","15","148","4","28.75","28.5","29"
"30004","375","2016","5","27","16","148","4","28.07","27.4","28.6"
"30004","375","2016","5","27","17","148","4","27.52","27.3","27.9"
"30004","375","2016","5","27","18","148","4","26.85","26.3","27.4"
"30004","375","2016","5","27","19","148","4","25.12","24.4","25.8"
"30004","375","2016","5","27","20","148","4","22.93","22.1","23.8"
"30004","375","2016","5","27","21","148","4","21.07","20.6","21.6"
"30004","375","2016","5","27","22","148","4","20.07","19.7","20.4"
"30004","375","2016","5","27","23","148","4","19.25","19.1","19.5"
"30004","375","2016","5","28","0","149","4","20.3","19.3","21.4"
"30004","375","2016","5","28","1","149","4","20.98","20.8","21.1"
"30004","375","2016","5","28","2","149","4","20.45","20","20.9"
"30004","375","2016","5","28","3","149","4","19.55","19.4","19.7"
"30004","375","2016","5","28","4","149","4","19.35","18.8","19.7"
"30004","375","2016","5","28","5","149","4","17.73","17.3","18.3"
"30004","375","2016","5","28","6","149","4","17.68","17.4","18.1"
"30004","375","2016","5","28","7","149","4","19.17","18.5","19.9"
"30004","375","2016","5","28","8","149","4","21.32","20.5","22.2"
"30004","375","2016","5","28","9","149","4","24.15","23.1","24.9"
"30004","375","2016","5","28","10","149","4","25.93","25.3","26.4"
"30004","375","2016","5","28","11","149","4","26.68","26.3","27"
"30004","375","2016","5","28","12","149","4","26.95","26.9","27"
"30004","375","2016","5","28","13","149","4","27.4","27.1","27.8"
"30004","375","2016","5","28","14","149","4","27.85","27.6","28.3"
"30004","375","2016","5","28","15","149","4","28.6","28.5","28.7"
"30004","375","2016","5","28","16","149","4","28.48","28.1","28.7"
"30004","375","2016","5","28","17","149","4","28.05","27.9","28.1"
"30004","375","2016","5","28","18","149","4","27.55","26.7","28"
"30004","375","2016","5","28","19","149","4","25.12","24.1","26"
"30004","375","2016","5","28","20","149","4","22.48","21.9","23.1"
"30004","375","2016","5","28","21","149","4","21.23","20.9","21.6"
"30004","375","2016","5","28","22","149","4","20.9","20.8","21"
"30004","375","2016","5","28","23","149","4","20.95","20.8","21.1"
"30004","375","2016","5","29","0","150","4","20.3","19.8","20.7"
"30004","375","2016","5","29","1","150","4","19.5","19.4","19.6"
"30004","375","2016","5","29","2","150","4","19.18","19.1","19.2"
"30004","375","2016","5","29","3","150","4","18.77","18.6","19"
"30004","375","2016","5","29","4","150","4","18.23","18","18.4"
"30004","375","2016","5","29","5","150","4","18.05","17.9","18.2"
"30004","375","2016","5","29","6","150","4","18.52","18.2","18.9"
"30004","375","2016","5","29","7","150","4","19.77","19.2","20.5"
"30004","375","2016","5","29","8","150","4","22.55","21.2","23.6"
"30004","375","2016","5","29","9","150","4","24.48","23.9","24.8"
"30004","375","2016","5","29","10","150","4","25.82","24.9","26.8"
"30004","375","2016","5","29","11","150","4","28.2","27.9","28.4"
"30004","375","2016","5","29","12","150","4","28.77","28.5","29.1"
"30004","375","2016","5","29","13","150","4","29.2","29","29.4"
"30004","375","2016","5","29","14","150","4","29.02","28.6","29.7"
"30004","375","2016","5","29","15","150","4","30.25","29.9","30.7"
"30004","375","2016","5","29","16","150","4","30.45","30.3","30.5"
"30004","375","2016","5","29","17","150","4","27.93","27.3","29"
"30004","375","2016","5","29","18","150","4","25.38","24.7","26.2"
"30004","375","2016","5","29","19","150","4","24.23","23.5","24.7"
"30004","375","2016","5","29","20","150","4","22.1","21.6","22.8"
"30004","375","2016","5","29","21","150","4","21.1","20.8","21.4"
"30004","375","2016","5","29","22","150","4","20.3","20","20.6"
"30004","375","2016","5","29","23","150","4","19.62","19.4","19.9"
"30004","375","2016","5","30","0","151","4","19.2","19.1","19.3"
"30004","375","2016","5","30","1","151","4","18.93","18.8","19"
"30004","375","2016","5","30","2","151","4","18.55","18.4","18.7"
"30004","375","2016","5","30","3","151","4","18.15","18","18.3"
"30004","375","2016","5","30","4","151","4","17.75","17.6","17.9"
"30004","375","2016","5","30","5","151","4","17.38","17.3","17.5"
"30004","375","2016","5","30","6","151","4","17.52","17.3","17.9"
"30004","375","2016","5","30","7","151","4","19.33","18.3","20.6"
"30004","375","2016","5","30","8","151","4","22.48","21.4","23.8"
"30004","375","2016","5","30","9","151","4","26.15","25","27.1"
"30004","375","2016","5","30","10","151","4","28","27.3","28.5"
"30004","375","2016","5","30","11","151","4","29.12","28.6","29.8"
"30004","375","2016","5","30","12","151","4","29.7","29.5","29.9"
"30004","375","2016","5","30","13","151","4","30.5","30.2","30.8"
"30004","375","2016","5","30","14","151","4","31","30.2","31.4"
"30004","375","2016","5","30","15","151","4","30.93","30.1","31.4"
"30004","375","2016","5","30","16","151","4","31.8","31.6","31.9"
"30004","375","2016","5","30","17","151","4","30.95","30.7","31.4"
"30004","375","2016","5","30","18","151","4","29.38","28.3","30.4"
"30004","375","2016","5","30","19","151","4","26.7","25.9","27.6"
"30004","375","2016","5","30","20","151","4","24.18","23.5","25.1"
"30004","375","2016","5","30","21","151","4","22.5","22","23.1"
"30004","375","2016","5","30","22","151","4","21.4","21","21.8"
"30004","375","2016","5","30","23","151","4","20.12","19.6","20.6"
"30004","375","2016","5","31","0","152","4","19.18","19","19.4"
"30004","375","2016","5","31","1","152","4","18.65","18.4","18.9"
"30004","375","2016","5","31","2","152","4","18.02","17.8","18.2"
"30004","375","2016","5","31","3","152","4","17.68","17.5","17.8"
"30004","375","2016","5","31","4","152","4","17.25","17.1","17.4"
"30004","375","2016","5","31","5","152","4","16.95","16.9","17"
"30004","375","2016","5","31","6","152","4","17.38","17","17.9"
"30004","375","2016","5","31","7","152","4","19.62","18.4","21"
"30004","375","2016","5","31","8","152","4","23.3","22","24.6"
"30004","375","2016","5","31","9","152","4","26.68","25.7","27.5"
"30004","375","2016","5","31","10","152","4","28.38","27.7","29.2"
"30004","375","2016","5","31","11","152","4","29.12","28.7","29.5"
"30004","375","2016","5","31","12","152","4","29.75","29.5","30.1"
"30004","375","2016","5","31","13","152","4","30.2","29.6","30.7"
"30004","375","2016","5","31","14","152","4","30.82","29.9","31.6"
"30004","375","2016","5","31","15","152","4","31.95","31.7","32.2"
"30004","375","2016","5","31","16","152","4","32.1","32","32.2"
"30004","375","2016","5","31","17","152","4","31.88","31.6","32.1"
"30004","375","2016","5","31","18","152","4","30.7","29.5","31.7"
"30004","375","2016","5","31","19","152","4","26.55","25.2","28.1"
"30004","375","2016","5","31","20","152","4","24.65","24.4","24.8"
"30004","375","2016","5","31","21","152","4","24.25","24.1","24.3"
"30004","375","2016","5","31","22","152","4","23.27","22.7","23.8"
"30004","375","2016","5","31","23","152","4","22.8","22.5","23"
"30004","375","2016","6","1","0","153","4","22.62","22.3","23"
"30004","375","2016","6","1","1","153","4","22","21.5","22.3"
"30004","375","2016","6","1","2","153","4","21.05","20.9","21.2"
"30004","375","2016","6","1","3","153","4","20.4","20.2","20.6"
"30004","375","2016","6","1","4","153","4","19.77","19.5","20.1"
"30004","375","2016","6","1","5","153","4","19.05","19","19.2"
"30004","375","2016","6","1","6","153","4","19.55","19","20.1"
"30004","375","2016","6","1","7","153","4","21.82","20.9","22.6"
"30004","375","2016","6","1","8","153","4","23.93","23.1","24.9"
"30004","375","2016","6","1","9","153","4","27.2","26.2","28.1"
"30004","375","2016","6","1","10","153","4","29.12","28.3","30"
"30004","375","2016","6","1","11","153","4","30.18","29.8","30.4"
"30004","375","2016","6","1","12","153","4","31.18","31","31.4"
"30004","375","2016","6","1","13","153","4","31.75","31.7","31.8"
"30004","375","2016","6","1","14","153","4","30.57","29.9","31.7"
"30004","375","2016","6","1","15","153","4","29.38","29.3","29.5"
"30004","375","2016","6","1","16","153","4","28.43","26.6","29.3"
"30004","375","2016","6","1","17","153","4","25.12","24.5","25.9"
"30004","375","2016","6","1","18","153","4","24.57","24.2","24.7"
"30004","375","2016","6","1","19","153","4","22.5","22","23.3"
"30004","375","2016","6","1","20","153","4","21.95","21.9","22"
"30004","375","2016","6","1","21","153","4","21.88","21.8","21.9"
"30004","375","2016","6","1","22","153","4","21.43","21.2","21.7"
"30004","375","2016","6","1","23","153","4","20.77","20.5","21"
"30004","375","2016","6","2","0","154","4","19.98","19.8","20.2"
"30004","375","2016","6","2","1","154","4","20.02","20","20.1"
"30004","375","2016","6","2","2","154","4","19.85","19.7","20"
"30004","375","2016","6","2","3","154","4","19.65","19.6","19.7"
"30004","375","2016","6","2","4","154","4","19.3","19.1","19.5"
"30004","375","2016","6","2","5","154","4","18.95","18.9","19"
"30004","375","2016","6","2","6","154","4","19","18.9","19.2"
"30004","375","2016","6","2","7","154","4","20.32","19.6","21.2"
"30004","375","2016","6","2","8","154","4","22.82","21.7","23.6"
"30004","375","2016","6","2","9","154","4","25.15","24","26.1"
"30004","375","2016","6","2","10","154","4","27.32","26.6","28.2"
"30004","375","2016","6","2","11","154","4","29.15","28.7","29.5"
"30004","375","2016","6","2","12","154","4","29.75","29.5","30"
"30004","375","2016","6","2","13","154","4","30.12","29.9","30.7"
"30004","375","2016","6","2","14","154","4","25.52","22.6","29.6"
"30004","375","2016","6","2","15","154","4","24.55","24.2","25"
"30004","375","2016","6","2","16","154","4","24.95","24.5","25.7"
"30004","375","2016","6","2","17","154","4","25.1","25","25.3"
"30004","375","2016","6","2","18","154","4","25.07","24.5","25.4"
"30004","375","2016","6","2","19","154","4","23.82","23.5","24.2"
"30004","375","2016","6","2","20","154","4","22.82","22.5","23.2"
"30004","375","2016","6","2","21","154","4","22.07","21.7","22.4"
"30004","375","2016","6","2","22","154","4","21.75","21.6","21.8"
"30004","375","2016","6","2","23","154","4","21.35","21.1","21.7"
"30004","375","2016","6","3","0","155","4","20.73","20.5","20.9"
"30004","375","2016","6","3","1","155","4","20.25","20.1","20.4"
"30004","375","2016","6","3","2","155","4","19.77","19.6","20"
"30004","375","2016","6","3","3","155","4","19.43","19.3","19.5"
"30004","375","2016","6","3","4","155","4","19.05","18.9","19.2"
"30004","375","2016","6","3","5","155","4","18.73","18.7","18.8"
"30004","375","2016","6","3","6","155","4","18.95","18.7","19.3"
"30004","375","2016","6","3","7","155","4","20.4","19.7","21.2"
"30004","375","2016","6","3","8","155","4","23.2","22.1","24.5"
"30004","375","2016","6","3","9","155","4","26.77","25.5","27.7"
"30004","375","2016","6","3","10","155","4","28.98","28.2","29.7"
"30004","375","2016","6","3","11","155","4","29.7","29.5","29.9"
"30004","375","2016","6","3","12","155","4","29.95","29.3","30.6"
"30004","375","2016","6","3","13","155","4","31.02","30.7","31.5"
"30004","375","2016","6","3","14","155","4","31.82","31.7","32"
"30004","375","2016","6","3","15","155","4","32.08","31.8","32.3"
"30004","375","2016","6","3","16","155","4","30.73","30.5","31.4"
"30004","375","2016","6","3","17","155","4","30.43","29.8","30.8"
"30004","375","2016","6","3","18","155","4","28.55","28.4","28.9"
"30004","375","2016","6","3","19","155","4","26.8","25.9","27.6"
"30004","375","2016","6","3","20","155","4","24.85","24.3","25.4"
"30004","375","2016","6","3","21","155","4","23.68","23.3","24"
"30004","375","2016","6","3","22","155","4","22.75","22.4","23.1"
"30004","375","2016","6","3","23","155","4","22.07","22","22.2"
"30004","375","2016","6","4","0","156","4","21.62","21.5","21.8"
"30004","375","2016","6","4","1","156","4","21.32","21.2","21.5"
"30004","375","2016","6","4","2","156","4","21.55","21.4","21.7"
"30004","375","2016","6","4","3","156","4","21.27","21.2","21.4"
"30004","375","2016","6","4","4","156","4","20.98","20.8","21.1"
"30004","375","2016","6","4","5","156","4","20.58","20.5","20.6"
"30004","375","2016","6","4","6","156","4","21","20.8","21.1"
"30004","375","2016","6","4","7","156","4","22.45","21.4","23.4"
"30004","375","2016","6","4","8","156","4","25.2","24.3","25.7"
"30004","375","2016","6","4","9","156","4","27.93","26.8","28.6"
"30004","375","2016","6","4","10","156","4","29.5","28.9","29.9"
"30004","375","2016","6","4","11","156","4","29.07","28.5","29.5"
"30004","375","2016","6","4","12","156","4","27.73","27.1","28.9"
"30004","375","2016","6","4","13","156","4","30.18","29.7","30.6"
"30004","375","2016","6","4","14","156","4","27.27","25.7","29.8"
"30004","375","2016","6","4","15","156","4","26.6","26.4","26.8"
"30004","375","2016","6","4","16","156","4","28.32","27.5","29.1"
"30004","375","2016","6","4","17","156","4","28.95","28.4","29.5"
"30004","375","2016","6","4","18","156","4","28.25","27.6","28.6"
"30004","375","2016","6","4","19","156","4","26.6","26.3","27.2"
"30004","375","2016","6","4","20","156","4","25.93","25.5","26.2"
"30004","375","2016","6","4","21","156","4","24.9","24","25.6"
"30004","375","2016","6","4","22","156","4","22.7","22.4","23.1"
"30004","375","2016","6","4","23","156","4","22.07","21.9","22.3"
"30004","375","2016","6","5","0","157","4","21.27","21.1","21.5"
"30004","375","2016","6","5","1","157","4","21.08","21","21.1"
"30004","375","2016","6","5","2","157","4","21.1","21.1","21.1"
"30004","375","2016","6","5","3","157","4","21.12","21.1","21.2"
"30004","375","2016","6","5","4","157","4","21.08","21","21.1"
"30004","375","2016","6","5","5","157","4","20.85","20.8","20.9"
"30004","375","2016","6","5","6","157","4","20.98","20.9","21.1"
"30004","375","2016","6","5","7","157","4","21.77","21.4","22.1"
"30004","375","2016","6","5","8","157","4","22.35","22.1","22.5"
"30004","375","2016","6","5","9","157","4","22.95","22.7","23.3"
"30004","375","2016","6","5","10","157","4","23.7","23.5","23.8"
"30004","375","2016","6","5","11","157","4","24.23","23.7","24.8"
"30004","375","2016","6","5","12","157","4","25.07","24.7","25.7"
"30004","375","2016","6","5","13","157","4","26.12","25.7","26.5"
"30004","375","2016","6","5","14","157","4","26.57","26","27"
"30004","375","2016","6","5","15","157","4","25.1","23.9","25.9"
"30004","375","2016","6","5","16","157","4","24.27","24.1","24.5"
"30004","375","2016","6","5","17","157","4","25.62","24.7","26.3"
"30004","375","2016","6","5","18","157","4","24.2","22.1","25.4"
"30004","375","2016","6","5","19","157","4","21.62","21.5","21.7"
"30004","375","2016","6","5","20","157","4","21.45","21.4","21.5"
"30004","375","2016","6","5","21","157","4","21.35","21.3","21.4"
"30004","375","2016","6","5","22","157","4","21.05","20.9","21.2"
"30004","375","2016","6","5","23","157","4","20.7","20.6","20.8"
"30004","375","2016","6","6","0","158","4","20.5","20.4","20.6"
"30004","375","2016","6","6","1","158","4","20.4","20.4","20.4"
"30004","375","2016","6","6","2","158","4","20.27","20.2","20.3"
"30004","375","2016","6","6","3","158","4","20.12","20.1","20.2"
"30004","375","2016","6","6","4","158","4","19.93","19.8","20"
"30004","375","2016","6","6","5","158","4","19.7","19.6","19.8"
"30004","375","2016","6","6","6","158","4","20.15","19.8","20.6"
"30004","375","2016","6","6","7","158","4","21.57","21","22.1"
"30004","375","2016","6","6","8","158","4","22.75","22.3","23.3"
"30004","375","2016","6","6","9","158","4","23.7","23.5","23.9"
"30004","375","2016","6","6","10","158","4","24.15","23.8","24.4"
"30004","375","2016","6","6","11","158","4","24.68","24.4","25.1"
"30004","375","2016","6","6","12","158","4","24.95","24.5","25.5"
"30004","375","2016","6","6","13","158","4","25.93","25.8","26.1"
"30004","375","2016","6","6","14","158","4","26.02","25.8","26.2"
"30004","375","2016","6","6","15","158","4","25.75","25.7","25.8"
"30004","375","2016","6","6","16","158","4","25.68","24.9","26.1"
"30004","375","2016","6","6","17","158","4","25.02","24.9","25.1"
"30004","375","2016","6","6","18","158","4","24.15","23.6","24.6"
"30004","375","2016","6","6","19","158","4","22.15","21.5","23.1"
"30004","375","2016","6","6","20","158","4","21.27","21.2","21.3"
"30004","375","2016","6","6","21","158","4","20.92","20.9","21"
"30004","375","2016","6","6","22","158","4","20.7","20.6","20.8"
"30004","375","2016","6","6","23","158","4","20.58","20.5","20.6"
"30004","375","2016","6","7","0","159","4","20.45","20.4","20.5"
"30004","375","2016","6","7","1","159","4","20.2","20","20.4"
"30004","375","2016","6","7","2","159","4","19.65","19.5","19.8"
"30004","375","2016","6","7","3","159","4","19.15","18.9","19.4"
"30004","375","2016","6","7","4","159","4","18.57","18.4","18.8"
"30004","375","2016","6","7","5","159","4","18.7","18.2","19"
"30004","375","2016","6","7","6","159","4","18.9","18.8","19"
"30004","375","2016","6","7","7","159","4","19.65","19.2","20.2"
"30004","375","2016","6","7","8","159","4","21.7","20.7","22.8"
"30004","375","2016","6","7","9","159","4","24.77","23.8","25.7"
"30004","375","2016","6","7","10","159","4","26.77","26.1","27.4"
"30004","375","2016","6","7","11","159","4","27.7","27.6","28"
"30004","375","2016","6","7","12","159","4","28.73","28.3","29.2"
"30004","375","2016","6","7","13","159","4","30.02","29.6","30.4"
"30004","375","2016","6","7","14","159","4","30.2","29.9","30.5"
"30004","375","2016","6","7","15","159","4","30.18","29.8","30.7"
"30004","375","2016","6","7","16","159","4","30.12","29.7","30.7"
"30004","375","2016","6","7","17","159","4","30.15","29.8","30.3"
"30004","375","2016","6","7","18","159","4","29.3","28.8","29.7"
"30004","375","2016","6","7","19","159","4","27.27","26.5","28"
"30004","375","2016","6","7","20","159","4","24.25","23.3","25.3"
"30004","375","2016","6","7","21","159","4","21.77","20.9","22.6"
"30004","375","2016","6","7","22","159","4","19.88","19.2","20.5"
"30004","375","2016","6","7","23","159","4","18.3","17.8","18.8"
"30004","375","2016","6","8","0","160","4","17.02","16.6","17.5"
"30004","375","2016","6","8","1","160","4","16.05","15.7","16.3"
"30004","375","2016","6","8","2","160","4","15.15","14.7","15.6"
"30004","375","2016","6","8","3","160","4","14.1","13.8","14.4"
"30004","375","2016","6","8","4","160","4","13.38","13.1","13.6"
"30004","375","2016","6","8","5","160","4","12.8","12.7","13"
"30004","375","2016","6","8","6","160","4","13.05","12.7","13.6"
"30004","375","2016","6","8","7","160","4","16.25","14.4","18.1"
"30004","375","2016","6","8","8","160","4","19.68","18.6","20.7"
"30004","375","2016","6","8","9","160","4","22.17","21.5","22.9"
"30004","375","2016","6","8","10","160","4","23.93","23.1","24.6"
"30004","375","2016","6","8","11","160","4","25.35","25","25.6"
"30004","375","2016","6","8","12","160","4","26.07","25.6","26.4"
"30004","375","2016","6","8","13","160","4","27.2","26.6","27.8"
"30004","375","2016","6","8","14","160","4","27.6","27.2","27.8"
"30004","375","2016","6","8","15","160","4","28.07","27.8","28.4"
"30004","375","2016","6","8","16","160","4","28.1","28","28.2"
"30004","375","2016","6","8","17","160","4","27.77","27.6","28"
"30004","375","2016","6","8","18","160","4","26.88","26.4","27.3"
"30004","375","2016","6","8","19","160","4","24.65","23.5","25.7"
"30004","375","2016","6","8","20","160","4","21.32","20.5","22.4"
"30004","375","2016","6","8","21","160","4","19.35","18.7","20.1"
"30004","375","2016","6","8","22","160","4","17.62","17.1","18.2"
"30004","375","2016","6","8","23","160","4","16.4","16","16.9"
"30004","375","2016","6","9","0","161","4","15.3","15","15.6"
"30004","375","2016","6","9","1","161","4","14.45","14.1","14.8"
"30004","375","2016","6","9","2","161","4","13.75","13.5","14"
"30004","375","2016","6","9","3","161","4","13.35","13.2","13.5"
"30004","375","2016","6","9","4","161","4","13.03","13","13.1"
"30004","375","2016","6","9","5","161","4","12.9","12.8","13"
"30004","375","2016","6","9","6","161","4","13.53","13.1","14.1"
"30004","375","2016","6","9","7","161","4","16.73","14.8","18.7"
"30004","375","2016","6","9","8","161","4","20.48","19.5","21.6"
"30004","375","2016","6","9","9","161","4","23.57","22.7","24.3"
"30004","375","2016","6","9","10","161","4","25.25","24.8","25.7"
"30004","375","2016","6","9","11","161","4","26.57","26.3","26.9"
"30004","375","2016","6","9","12","161","4","27.23","27.1","27.4"
"30004","375","2016","6","9","13","161","4","28.23","27.9","28.7"
"30004","375","2016","6","9","14","161","4","28.82","28.6","29"
"30004","375","2016","6","9","15","161","4","29.3","28.9","29.8"
"30004","375","2016","6","9","16","161","4","29.77","29.7","29.9"
"30004","375","2016","6","9","17","161","4","29.38","28.9","29.8"
"30004","375","2016","6","9","18","161","4","28.4","28.2","28.7"
"30004","375","2016","6","9","19","161","4","25.38","23.7","27.1"
"30004","375","2016","6","9","20","161","4","21.93","21","22.9"
"30004","375","2016","6","9","21","161","4","19.9","19.4","20.5"
"30004","375","2016","6","9","22","161","4","18.8","18.4","19.2"
"30004","375","2016","6","9","23","161","4","17.88","17.6","18.1"
"30004","375","2016","6","10","0","162","4","17.18","17","17.4"
"30004","375","2016","6","10","1","162","4","16.73","16.5","16.9"
"30004","375","2016","6","10","2","162","4","16","15.8","16.3"
"30004","375","2016","6","10","3","162","4","15.65","15.6","15.7"
"30004","375","2016","6","10","4","162","4","15.47","15.4","15.5"
"30004","375","2016","6","10","5","162","4","15.55","15.4","15.7"
"30004","375","2016","6","10","6","162","4","16.12","15.9","16.5"
"30004","375","2016","6","10","7","162","4","17.92","16.9","19.2"
"30004","375","2016","6","10","8","162","4","22.23","20.4","24.1"
"30004","375","2016","6","10","9","162","4","26.9","25.4","28.3"
"30004","375","2016","6","10","10","162","4","29.38","28.3","30.5"
"30004","375","2016","6","10","11","162","4","30.27","30.1","30.5"
"30004","375","2016","6","10","12","162","4","31.1","30.8","31.4"
"30004","375","2016","6","10","13","162","4","31.93","31.7","32.2"
"30004","375","2016","6","10","14","162","4","32.35","32.1","32.6"
"30004","375","2016","6","10","15","162","4","33.05","32.9","33.2"
"30004","375","2016","6","10","16","162","4","32.62","32.3","33"
"30004","375","2016","6","10","17","162","4","32.08","31.9","32.2"
"30004","375","2016","6","10","18","162","4","31.35","30.7","31.8"
"30004","375","2016","6","10","19","162","4","28","26.4","29.7"
"30004","375","2016","6","10","20","162","4","24.65","23.8","25.6"
"30004","375","2016","6","10","21","162","4","23.15","22.8","23.5"
"30004","375","2016","6","10","22","162","4","22.18","21.9","22.5"
"30004","375","2016","6","10","23","162","4","21.62","21.4","21.8"
"30004","375","2016","6","11","0","163","4","20.73","20.4","21.1"
"30004","375","2016","6","11","1","163","4","19.82","19.5","20.2"
"30004","375","2016","6","11","2","163","4","19.1","18.9","19.3"
"30004","375","2016","6","11","3","163","4","18.62","18.4","18.8"
"30004","375","2016","6","11","4","163","4","18.32","18.2","18.4"
"30004","375","2016","6","11","5","163","4","17.88","17.8","18"
"30004","375","2016","6","11","6","163","4","18.18","17.8","18.8"
"30004","375","2016","6","11","7","163","4","20.38","19.4","21.5"
"30004","375","2016","6","11","8","163","4","24.38","22.6","26.2"
"30004","375","2016","6","11","9","163","4","28.68","27.6","29.5"
"30004","375","2016","6","11","10","163","4","30.7","30","31.3"
"30004","375","2016","6","11","11","163","4","32.18","31.8","32.5"
"30004","375","2016","6","11","12","163","4","32.8","32.5","33"
"30004","375","2016","6","11","13","163","4","32.83","32.5","33.3"
"30004","375","2016","6","11","14","163","4","33.22","32.8","33.4"
"30004","375","2016","6","11","15","163","4","33.62","33.2","33.9"
"30004","375","2016","6","11","16","163","4","33.15","32.6","33.6"
"30004","375","2016","6","11","17","163","4","33.25","33","33.5"
"30004","375","2016","6","11","18","163","4","32.45","31.9","32.9"
"30004","375","2016","6","11","19","163","4","29.07","27.7","30.7"
"30004","375","2016","6","11","20","163","4","26.4","25.8","27.1"
"30004","375","2016","6","11","21","163","4","25.1","24.7","25.5"
"30004","375","2016","6","11","22","163","4","24.07","23.8","24.4"
"30004","375","2016","6","11","23","163","4","23.93","23.8","24.1"
"30004","375","2016","6","12","0","164","4","24.07","23.9","24.2"
"30004","375","2016","6","12","1","164","4","23.93","23.5","24.4"
"30004","375","2016","6","12","2","164","4","24.27","24.1","24.5"
"30004","375","2016","6","12","3","164","4","23.25","22.9","23.8"
"30004","375","2016","6","12","4","164","4","22.52","22.4","22.7"
"30004","375","2016","6","12","5","164","4","22.2","22.1","22.3"
"30004","375","2016","6","12","6","164","4","23","22.4","23.6"
"30004","375","2016","6","12","7","164","4","24.5","24","24.9"
"30004","375","2016","6","12","8","164","4","26.05","25.3","26.8"
"30004","375","2016","6","12","9","164","4","28.38","27.6","29"
"30004","375","2016","6","12","10","164","4","29.77","29.4","30.4"
"30004","375","2016","6","12","11","164","4","30.5","30.2","31"
"30004","375","2016","6","12","12","164","4","31.5","31.2","31.8"
"30004","375","2016","6","12","13","164","4","31.32","30.9","31.6"
"30004","375","2016","6","12","14","164","4","29.05","27.8","30.4"
"30004","375","2016","6","12","15","164","4","31.73","30.6","32.3"
"30004","375","2016","6","12","16","164","4","31.38","30.6","31.9"
"30004","375","2016","6","12","17","164","4","31.88","31.4","32.2"
"30004","375","2016","6","12","18","164","4","30.95","30.5","31.3"
"30004","375","2016","6","12","19","164","4","29.32","28.7","30"
"30004","375","2016","6","12","20","164","4","27.1","26.1","28.1"
"30004","375","2016","6","12","21","164","4","24.95","24.4","25.5"
"30004","375","2016","6","12","22","164","4","23.85","23.6","24.2"
"30004","375","2016","6","12","23","164","4","23.15","22.9","23.4"
"30004","375","2016","6","13","0","165","4","22.57","22.4","22.8"
"30004","375","2016","6","13","1","165","4","22.18","22","22.3"
"30004","375","2016","6","13","2","165","4","21.75","21.6","21.9"
"30004","375","2016","6","13","3","165","4","21.43","21.3","21.5"
"30004","375","2016","6","13","4","165","4","21.15","21","21.3"
"30004","375","2016","6","13","5","165","4","20.77","20.7","20.9"
"30004","375","2016","6","13","6","165","4","20.98","20.7","21.4"
"30004","375","2016","6","13","7","165","4","23.05","22.1","24.2"
"30004","375","2016","6","13","8","165","4","26.27","25.1","27.5"
"30004","375","2016","6","13","9","165","4","29.1","28.4","29.7"
"30004","375","2016","6","13","10","165","4","30.62","30.1","31.2"
"30004","375","2016","6","13","11","165","4","31.95","31.4","32.4"
"30004","375","2016","6","13","12","165","4","32.62","32.4","32.8"
"30004","375","2016","6","13","13","165","4","33.02","32.6","33.4"
"30004","375","2016","6","13","14","165","4","33.8","33.6","34"
"30004","375","2016","6","13","15","165","4","33.95","33.9","34.1"
"30004","375","2016","6","13","16","165","4","33.52","33.3","33.9"
"30004","375","2016","6","13","17","165","4","33.9","33.8","34"
"30004","375","2016","6","13","18","165","4","33.02","32","33.6"
"30004","375","2016","6","13","19","165","4","29.68","28.4","31.1"
"30004","375","2016","6","13","20","165","4","27.15","26.5","27.8"
"30004","375","2016","6","13","21","165","4","25.82","25.5","26.2"
"30004","375","2016","6","13","22","165","4","25.1","24.9","25.3"
"30004","375","2016","6","13","23","165","4","24.6","24.5","24.8"
"30004","375","2016","6","14","0","166","4","24.12","23.8","24.5"
"30004","375","2016","6","14","1","166","4","23.5","23.3","23.7"
"30004","375","2016","6","14","2","166","4","22.9","22.7","23.1"
"30004","375","2016","6","14","3","166","4","22.38","22.3","22.5"
"30004","375","2016","6","14","4","166","4","22.15","22.1","22.2"
"30004","375","2016","6","14","5","166","4","21.95","21.9","22"
"30004","375","2016","6","14","6","166","4","22.43","22","23.1"
"30004","375","2016","6","14","7","166","4","24.57","23.9","25.2"
"30004","375","2016","6","14","8","166","4","26.75","25.8","27.7"
"30004","375","2016","6","14","9","166","4","29.65","28.6","30.7"
"30004","375","2016","6","14","10","166","4","31.85","31","32.7"
"30004","375","2016","6","14","11","166","4","33.05","32.9","33.5"
"30004","375","2016","6","14","12","166","4","31.27","30.2","32"
"30004","375","2016","6","14","13","166","4","27.8","25.9","30.9"
"30004","375","2016","6","14","14","166","4","25.45","25.1","25.7"
"30004","375","2016","6","14","15","166","4","23.68","23.1","24.4"
"30004","375","2016","6","14","16","166","4","25.8","25.6","26"
"30004","375","2016","6","14","17","166","4","25.75","25.6","25.8"
"30004","375","2016","6","14","18","166","4","25.75","25.4","26"
"30004","375","2016","6","14","19","166","4","24.85","24.3","25.3"
"30004","375","2016","6","14","20","166","4","23.82","23.6","24.1"
"30004","375","2016","6","14","21","166","4","23.55","23.5","23.6"
"30004","375","2016","6","14","22","166","4","23.23","23","23.4"
"30004","375","2016","6","14","23","166","4","22.65","22.5","22.9"
"30004","375","2016","6","15","0","167","4","22.77","22.7","22.8"
"30004","375","2016","6","15","1","167","4","22.65","22.6","22.7"
"30004","375","2016","6","15","2","167","4","22.52","22.4","22.6"
"30004","375","2016","6","15","3","167","4","21.95","21.7","22.2"
"30004","375","2016","6","15","4","167","4","21.57","21.5","21.7"
"30004","375","2016","6","15","5","167","4","21.42","21.4","21.5"
"30004","375","2016","6","15","6","167","4","21.9","21.5","22.4"
"30004","375","2016","6","15","7","167","4","23.27","22.8","23.8"
"30004","375","2016","6","15","8","167","4","24.7","24.3","25.1"
"30004","375","2016","6","15","9","167","4","26.15","25.3","27.1"
"30004","375","2016","6","15","10","167","4","27.35","26.9","27.6"
"30004","375","2016","6","15","11","167","4","27.9","27.6","28.1"
"30004","375","2016","6","15","12","167","4","26.82","25.8","28.5"
"30004","375","2016","6","15","13","167","4","28.68","28.1","29.1"
"30004","375","2016","6","15","14","167","4","28.48","27.5","29"
"30004","375","2016","6","15","15","167","4","29.5","29.2","30.1"
"30004","375","2016","6","15","16","167","4","30.02","29.9","30.2"
"30004","375","2016","6","15","17","167","4","29.68","29.5","30"
"30004","375","2016","6","15","18","167","4","29.8","29.7","29.9"
"30004","375","2016","6","15","19","167","4","28.5","27.9","29.1"
"30004","375","2016","6","15","20","167","4","27","26.8","27.5"
"30004","375","2016","6","15","21","167","4","26.02","24.5","27"
"30004","375","2016","6","15","22","167","4","23.1","22.8","23.7"
"30004","375","2016","6","15","23","167","4","22.27","22","22.6"
"30004","375","2016","6","16","0","168","4","21.98","21.9","22"
"30004","375","2016","6","16","1","168","4","21.68","21.5","21.9"
"30004","375","2016","6","16","2","168","4","21","20.8","21.3"
"30004","375","2016","6","16","3","168","4","20.77","20.7","20.8"
"30004","375","2016","6","16","4","168","4","20.43","20.3","20.6"
"30004","375","2016","6","16","5","168","4","20.48","20.4","20.5"
"30004","375","2016","6","16","6","168","4","20.8","20.5","21.2"
"30004","375","2016","6","16","7","168","4","22.07","21.6","22.6"
"30004","375","2016","6","16","8","168","4","23.93","23.1","24.9"
"30004","375","2016","6","16","9","168","4","26.52","25.7","27.2"
"30004","375","2016","6","16","10","168","4","28","27.5","28.6"
"30004","375","2016","6","16","11","168","4","29.85","29.4","30.4"
"30004","375","2016","6","16","12","168","4","31","30.6","31.6"
"30004","375","2016","6","16","13","168","4","32.05","31.8","32.2"
"30004","375","2016","6","16","14","168","4","32.55","32.2","32.9"
"30004","375","2016","6","16","15","168","4","33.33","33.2","33.4"
"30004","375","2016","6","16","16","168","4","33.58","33.3","33.8"
"30004","375","2016","6","16","17","168","4","33.38","33.2","33.6"
"30004","375","2016","6","16","18","168","4","32.7","32.3","33"
"30004","375","2016","6","16","19","168","4","30.32","29.1","31.6"
"30004","375","2016","6","16","20","168","4","27.8","27.5","28.3"
"30004","375","2016","6","16","21","168","4","27.25","26.8","27.7"
"30004","375","2016","6","16","22","168","4","25.95","25.7","26.3"
"30004","375","2016","6","16","23","168","4","25.57","25.4","25.7"
"30004","375","2016","6","17","0","169","4","24.98","24.8","25.1"
"30004","375","2016","6","17","1","169","4","24.45","24","24.8"
"30004","375","2016","6","17","2","169","4","23.7","23.6","23.8"
"30004","375","2016","6","17","3","169","4","23.77","23.6","23.9"
"30004","375","2016","6","17","4","169","4","23.32","23.2","23.4"
"30004","375","2016","6","17","5","169","4","23.65","23.5","23.8"
"30004","375","2016","6","17","6","169","4","23.95","23.8","24.2"
"30004","375","2016","6","17","7","169","4","24.82","24.4","25.4"
"30004","375","2016","6","17","8","169","4","26.95","26","27.9"
"30004","375","2016","6","17","9","169","4","29.33","28.6","30.1"
"30004","375","2016","6","17","10","169","4","30.68","30.3","30.9"
"30004","375","2016","6","17","11","169","4","31.45","31.2","31.9"
"30004","375","2016","6","17","12","169","4","28.05","21.9","31.8"
"30004","375","2016","6","17","13","169","4","21.4","21","21.9"
"30004","375","2016","6","17","14","169","4","22.48","22","23.3"
"30004","375","2016","6","17","15","169","4","25.88","24.5","27"
"30004","375","2016","6","17","16","169","4","28.1","27.3","28.6"
"30004","375","2016","6","17","17","169","4","27.8","27.2","28.7"
"30004","375","2016","6","17","18","169","4","26.43","25.9","27.1"
"30004","375","2016","6","17","19","169","4","25.3","24.9","25.6"
"30004","375","2016","6","17","20","169","4","23.95","23.4","24.6"
"30004","375","2016","6","17","21","169","4","22.88","22.7","23.1"
"30004","375","2016","6","17","22","169","4","22.48","22.3","22.8"
"30004","375","2016","6","17","23","169","4","22.2","22.2","22.2"
"30004","375","2016","6","18","0","170","4","22.5","22.2","23.2"
"30004","375","2016","6","18","1","170","4","23.88","23.8","24"
"30004","375","2016","6","18","2","170","4","23.38","23","23.7"
"30004","375","2016","6","18","3","170","4","22.43","22.3","22.6"
"30004","375","2016","6","18","4","170","4","21.6","21.4","22"
"30004","375","2016","6","18","5","170","4","21.27","21.1","21.5"
"30004","375","2016","6","18","6","170","4","20.98","20.9","21"
"30004","375","2016","6","18","7","170","4","21.68","21.2","22.1"
"30004","375","2016","6","18","8","170","4","22.25","22.2","22.3"
"30004","375","2016","6","18","9","170","4","22.65","22.2","23.6"
"30004","375","2016","6","18","10","170","4","24.1","23.8","24.6"
"30004","375","2016","6","18","11","170","4","24.9","24.6","25.1"
"30004","375","2016","6","18","12","170","4","25.43","25.2","25.6"
"30004","375","2016","6","18","13","170","4","25.73","25.4","26.1"
"30004","375","2016","6","18","14","170","4","25.52","25.2","25.8"
"30004","375","2016","6","18","15","170","4","26.35","26","26.5"
"30004","375","2016","6","18","16","170","4","25.95","25.6","26.2"
"30004","375","2016","6","18","17","170","4","25.9","25.9","25.9"
"30004","375","2016","6","18","18","170","4","25.73","25.5","25.9"
"30004","375","2016","6","18","19","170","4","24.98","24.7","25.2"
"30004","375","2016","6","18","20","170","4","24.32","24.1","24.5"
"30004","375","2016","6","18","21","170","4","23.8","23.6","24"
"30004","375","2016","6","18","22","170","4","23.18","22.8","23.6"
"30004","375","2016","6","18","23","170","4","22.7","22.6","22.8"
"30004","375","2016","6","19","0","171","4","22.07","21.8","22.4"
"30004","375","2016","6","19","1","171","4","21.32","20.9","21.7"
"30004","375","2016","6","19","2","171","4","20.12","20","20.4"
"30004","375","2016","6","19","3","171","4","19.82","19.6","20"
"30004","375","2016","6","19","4","171","4","19.02","18.8","19.3"
"30004","375","2016","6","19","5","171","4","18.73","18.6","18.8"
"30004","375","2016","6","19","6","171","4","18.77","18.6","19.1"
"30004","375","2016","6","19","7","171","4","19.73","19.3","20.2"
"30004","375","2016","6","19","8","171","4","21.12","20.5","21.9"
"30004","375","2016","6","19","9","171","4","23.05","22.6","23.7"
"30004","375","2016","6","19","10","171","4","24.15","23.8","24.4"
"30004","375","2016","6","19","11","171","4","25.65","25.5","25.9"
"30004","375","2016","6","19","12","171","4","26.1","25.8","26.4"
"30004","375","2016","6","19","13","171","4","26.95","26.6","27.3"
"30004","375","2016","6","19","14","171","4","27.52","26.9","27.9"
"30004","375","2016","6","19","15","171","4","28.15","27.5","28.6"
"30004","375","2016","6","19","16","171","4","28.55","28.4","28.7"
"30004","375","2016","6","19","17","171","4","28.43","28.3","28.5"
"30004","375","2016","6","19","18","171","4","27.75","27.4","28.2"
"30004","375","2016","6","19","19","171","4","25.32","24.2","26.6"
"30004","375","2016","6","19","20","171","4","22.05","20.9","23.3"
"30004","375","2016","6","19","21","171","4","19.88","19.4","20.4"
"30004","375","2016","6","19","22","171","4","18.73","18.4","19.1"
"30004","375","2016","6","19","23","171","4","17.82","17.5","18.1"
"30004","375","2016","6","20","0","172","4","16.93","16.6","17.3"
"30004","375","2016","6","20","1","172","4","16.25","15.9","16.5"
"30004","375","2016","6","20","2","172","4","15.47","15.2","15.7"
"30004","375","2016","6","20","3","172","4","14.95","14.7","15.1"
"30004","375","2016","6","20","4","172","4","14.45","14.3","14.6"
"30004","375","2016","6","20","5","172","4","14.1","14","14.2"
"30004","375","2016","6","20","6","172","4","14.6","14.1","15.2"
"30004","375","2016","6","20","7","172","4","17.18","16.1","18.7"
"30004","375","2016","6","20","8","172","4","21.27","20.2","22.3"
"30004","375","2016","6","20","9","172","4","24.4","23.5","25.1"
"30004","375","2016","6","20","10","172","4","26.23","25.6","27"
"30004","375","2016","6","20","11","172","4","27.5","27.3","27.8"
"30004","375","2016","6","20","12","172","4","28.5","28.1","28.9"
"30004","375","2016","6","20","13","172","4","28.75","28.3","29.1"
"30004","375","2016","6","20","14","172","4","28.12","27.5","29.1"
"30004","375","2016","6","20","15","172","4","29.82","29.1","30.4"
"30004","375","2016","6","20","16","172","4","28.58","28.3","28.8"
"30004","375","2016","6","20","17","172","4","26.93","25.8","28"
"30004","375","2016","6","20","18","172","4","26.93","25.7","27.7"
"30004","375","2016","6","20","19","172","4","25.27","23.6","26.9"
"30004","375","2016","6","20","20","172","4","22.4","22","23"
"30004","375","2016","6","20","21","172","4","21.57","21.5","21.8"
"30004","375","2016","6","20","22","172","4","20.88","20.5","21.3"
"30004","375","2016","6","20","23","172","4","19.98","19.7","20.2"
"30004","375","2016","6","21","0","173","4","19.35","19.1","19.6"
"30004","375","2016","6","21","1","173","4","18.73","18.6","19"
"30004","375","2016","6","21","2","173","4","18.07","17.9","18.3"
"30004","375","2016","6","21","3","173","4","17.7","17.5","17.9"
"30004","375","2016","6","21","4","173","4","17.3","17.2","17.4"
"30004","375","2016","6","21","5","173","4","17.3","17.3","17.3"
"30004","375","2016","6","21","6","173","4","17.65","17.5","17.8"
"30004","375","2016","6","21","7","173","4","19.83","18.3","21.6"
"30004","375","2016","6","21","8","173","4","23.8","22.4","25.1"
"30004","375","2016","6","21","9","173","4","26.85","25.9","27.6"
"30004","375","2016","6","21","10","173","4","28.8","28","29.4"
"30004","375","2016","6","21","11","173","4","29.98","29.3","30.4"
"30004","375","2016","6","21","12","173","4","30.62","30.3","30.9"
"30004","375","2016","6","21","13","173","4","30.93","30.5","31.2"
"30004","375","2016","6","21","14","173","4","31.45","31.1","31.9"
"30004","375","2016","6","21","15","173","4","32.02","31.8","32.2"
"30004","375","2016","6","21","16","173","4","31.7","31.4","32"
"30004","375","2016","6","21","17","173","4","31.55","31.4","31.9"
"30004","375","2016","6","21","18","173","4","30.38","29.8","31.1"
"30004","375","2016","6","21","19","173","4","29.25","28.8","29.7"
"30004","375","2016","6","21","20","173","4","28.4","28.1","28.5"
"30004","375","2016","6","21","21","173","4","27.27","26.5","27.8"
"30004","375","2016","6","21","22","173","4","25.88","25.7","26.1"
"30004","375","2016","6","21","23","173","4","25.35","25.1","25.7"
"30004","375","2016","6","22","0","174","4","24.48","24.1","24.8"
"30004","375","2016","6","22","1","174","4","23.25","22.9","23.7"
"30004","375","2016","6","22","2","174","4","22.52","22.2","22.8"
"30004","375","2016","6","22","3","174","4","22.05","21.8","22.2"
"30004","375","2016","6","22","4","174","4","21.4","21.2","21.6"
"30004","375","2016","6","22","5","174","4","21.3","21.2","21.4"
"30004","375","2016","6","22","6","174","4","22","21.4","22.9"
"30004","375","2016","6","22","7","174","4","24.18","23.7","24.6"
"30004","375","2016","6","22","8","174","4","25.6","25.1","26.1"
"30004","375","2016","6","22","9","174","4","27.43","26.8","28.2"
"30004","375","2016","6","22","10","174","4","29","28.4","29.4"
"30004","375","2016","6","22","11","174","4","30.1","29.8","30.5"
"30004","375","2016","6","22","12","174","4","30.95","30.8","31.1"
"30004","375","2016","6","22","13","174","4","31.6","31.3","31.8"
"30004","375","2016","6","22","14","174","4","32.25","31.9","32.4"
"30004","375","2016","6","22","15","174","4","32.92","32.6","33.3"
"30004","375","2016","6","22","16","174","4","32.75","32.7","32.8"
"30004","375","2016","6","22","17","174","4","32.67","32.5","32.8"
"30004","375","2016","6","22","18","174","4","31.88","31.4","32.3"
"30004","375","2016","6","22","19","174","4","30.02","29.2","30.9"
"30004","375","2016","6","22","20","174","4","28.4","28.1","28.6"
"30004","375","2016","6","22","21","174","4","26.85","26","27.8"
"30004","375","2016","6","22","22","174","4","25.05","24.6","25.5"
"30004","375","2016","6","22","23","174","4","23.85","23.4","24.3"
"30004","375","2016","6","23","0","175","4","23.18","23.1","23.3"
"30004","375","2016","6","23","1","175","4","22.93","22.7","23.2"
"30004","375","2016","6","23","2","175","4","22.05","21.8","22.4"
"30004","375","2016","6","23","3","175","4","21.25","20.9","21.6"
"30004","375","2016","6","23","4","175","4","20.43","20.2","20.7"
"30004","375","2016","6","23","5","175","4","19.68","19.4","20"
"30004","375","2016","6","23","6","175","4","19.7","19.5","20.1"
"30004","375","2016","6","23","7","175","4","22.23","20.5","24.2"
"30004","375","2016","6","23","8","175","4","26.12","25.3","26.9"
"30004","375","2016","6","23","9","175","4","28.1","27.6","28.6"
"30004","375","2016","6","23","10","175","4","29.32","28.9","29.7"
"30004","375","2016","6","23","11","175","4","30.48","30.1","30.7"
"30004","375","2016","6","23","12","175","4","31.23","30.9","31.6"
"30004","375","2016","6","23","13","175","4","32.12","31.9","32.5"
"30004","375","2016","6","23","14","175","4","32.52","32.2","32.8"
"30004","375","2016","6","23","15","175","4","32.7","32.4","33"
"30004","375","2016","6","23","16","175","4","33.02","32.9","33.2"
"30004","375","2016","6","23","17","175","4","32.62","32.4","32.8"
"30004","375","2016","6","23","18","175","4","32.07","31.7","32.4"
"30004","375","2016","6","23","19","175","4","30.6","30","31.1"
"30004","375","2016","6","23","20","175","4","29.18","28.5","29.6"
"30004","375","2016","6","23","21","175","4","27.9","27.6","28.2"
"30004","375","2016","6","23","22","175","4","27.58","27.5","27.6"
"30004","375","2016","6","23","23","175","4","27.15","26.9","27.4"
"30004","375","2016","6","24","0","176","4","26.7","26.5","26.9"
"30004","375","2016","6","24","1","176","4","26.15","25.8","26.4"
"30004","375","2016","6","24","2","176","4","25.43","25.2","25.7"
"30004","375","2016","6","24","3","176","4","25.23","25.1","25.3"
"30004","375","2016","6","24","4","176","4","24.68","24.5","25"
"30004","375","2016","6","24","5","176","4","24.25","24.1","24.5"
"30004","375","2016","6","24","6","176","4","24.45","24.4","24.5"
"30004","375","2016","6","24","7","176","4","25","24.7","25.3"
"30004","375","2016","6","24","8","176","4","25.7","25.4","26.2"
"30004","375","2016","6","24","9","176","4","28.12","27","28.8"
"30004","375","2016","6","24","10","176","4","29.65","29.1","30"
"30004","375","2016","6","24","11","176","4","30.6","30","31.6"
"30004","375","2016","6","24","12","176","4","32.25","32.1","32.4"
"30004","375","2016","6","24","13","176","4","32.92","32.5","33.3"
"30004","375","2016","6","24","14","176","4","33.4","33","33.7"
"30004","375","2016","6","24","15","176","4","32.83","32.7","33"
"30004","375","2016","6","24","16","176","4","32.95","32.8","33.2"
"30004","375","2016","6","24","17","176","4","32.35","32.3","32.4"
"30004","375","2016","6","24","18","176","4","32.02","31.8","32.3"
"30004","375","2016","6","24","19","176","4","29.98","28.8","31.2"
"30004","375","2016","6","24","20","176","4","27.2","26.5","28"
"30004","375","2016","6","24","21","176","4","25.93","25.6","26.3"
"30004","375","2016","6","24","22","176","4","25.4","25.3","25.5"
"30004","375","2016","6","24","23","176","4","24.77","24.4","25.2"
"30004","375","2016","6","25","0","177","4","23.93","23.6","24.2"
"30004","375","2016","6","25","1","177","4","23.18","23","23.4"
"30004","375","2016","6","25","2","177","4","22.7","22.5","22.9"
"30004","375","2016","6","25","3","177","4","22.25","22.1","22.4"
"30004","375","2016","6","25","4","177","4","21.85","21.7","22"
"30004","375","2016","6","25","5","177","4","21.48","21.4","21.6"
"30004","375","2016","6","25","6","177","4","21.65","21.4","22"
"30004","375","2016","6","25","7","177","4","24.38","22.9","25.7"
"30004","375","2016","6","25","8","177","4","27.6","26.4","28.8"
"30004","375","2016","6","25","9","177","4","29.98","29.4","30.6"
"30004","375","2016","6","25","10","177","4","31.4","31.1","31.5"
"30004","375","2016","6","25","11","177","4","32.2","31.9","32.7"
"30004","375","2016","6","25","12","177","4","33.42","32.9","33.8"
"30004","375","2016","6","25","13","177","4","34.22","33.8","34.5"
"30004","375","2016","6","25","14","177","4","34.9","34.6","35.1"
"30004","375","2016","6","25","15","177","4","35.5","35.1","35.9"
"30004","375","2016","6","25","16","177","4","35.8","35.7","35.9"
"30004","375","2016","6","25","17","177","4","35.45","35.2","35.6"
"30004","375","2016","6","25","18","177","4","34.58","33.9","35.1"
"30004","375","2016","6","25","19","177","4","31.55","30","33.1"
"30004","375","2016","6","25","20","177","4","28.27","27.4","29.2"
"30004","375","2016","6","25","21","177","4","26.95","26.7","27.2"
"30004","375","2016","6","25","22","177","4","25.95","25.5","26.5"
"30004","375","2016","6","25","23","177","4","25.4","25.1","25.8"
"30004","375","2016","6","26","0","178","4","26.43","26.1","26.6"
"30004","375","2016","6","26","1","178","4","25.93","25.7","26.2"
"30004","375","2016","6","26","2","178","4","25.4","25.1","25.7"
"30004","375","2016","6","26","3","178","4","24.48","24.2","24.8"
"30004","375","2016","6","26","4","178","4","23.98","23.8","24.2"
"30004","375","2016","6","26","5","178","4","23.4","23.3","23.6"
"30004","375","2016","6","26","6","178","4","23.73","23.6","23.9"
"30004","375","2016","6","26","7","178","4","24.38","24.1","24.7"
"30004","375","2016","6","26","8","178","4","25.68","25","26.3"
"30004","375","2016","6","26","9","178","4","27.68","26.8","28.3"
"30004","375","2016","6","26","10","178","4","29.1","28.5","29.7"
"30004","375","2016","6","26","11","178","4","29.85","29.7","29.9"
"30004","375","2016","6","26","12","178","4","30.83","30.1","31.5"
"30004","375","2016","6","26","13","178","4","31.23","30.8","31.8"
"30004","375","2016","6","26","14","178","4","30.3","29.4","31.7"
"30004","375","2016","6","26","15","178","4","31.5","30.7","32.4"
"30004","375","2016","6","26","16","178","4","33.05","33","33.1"
"30004","375","2016","6","26","17","178","4","31.85","31.1","32.9"
"30004","375","2016","6","26","18","178","4","30.27","29.8","30.8"
"30004","375","2016","6","26","19","178","4","27.85","27.1","28.7"
"30004","375","2016","6","26","20","178","4","25.85","25.3","26.5"
"30004","375","2016","6","26","21","178","4","24.77","24.3","25.3"
"30004","375","2016","6","26","22","178","4","23.82","23.6","24"
"30004","375","2016","6","26","23","178","4","23.18","23","23.5"
"30004","375","2016","6","27","0","179","4","22.8","22.7","22.9"
"30004","375","2016","6","27","1","179","4","22.93","22.8","23.1"
"30004","375","2016","6","27","2","179","4","22.43","22.3","22.6"
"30004","375","2016","6","27","3","179","4","22.35","22.3","22.5"
"30004","375","2016","6","27","4","179","4","22.1","21.9","22.2"
"30004","375","2016","6","27","5","179","4","21.57","21.4","21.8"
"30004","375","2016","6","27","6","179","4","21.75","21.4","22.3"
"30004","375","2016","6","27","7","179","4","23.98","23.1","24.7"
"30004","375","2016","6","27","8","179","4","25.85","25.2","26.6"
"30004","375","2016","6","27","9","179","4","28.3","27.5","28.7"
"30004","375","2016","6","27","10","179","4","29.55","28.9","30"
"30004","375","2016","6","27","11","179","4","30.93","30.6","31.1"
"30004","375","2016","6","27","12","179","4","31.92","31.4","32.4"
"30004","375","2016","6","27","13","179","4","32.85","32.4","33.2"
"30004","375","2016","6","27","14","179","4","32.92","32.5","33.1"
"30004","375","2016","6","27","15","179","4","33.83","33.6","34"
"30004","375","2016","6","27","16","179","4","33.58","33.4","33.8"
"30004","375","2016","6","27","17","179","4","33.52","33","33.8"
"30004","375","2016","6","27","18","179","4","32.6","31","33.4"
"30004","375","2016","6","27","19","179","4","28.85","27.8","29.8"
"30004","375","2016","6","27","20","179","4","24.73","23.4","27"
"30004","375","2016","6","27","21","179","4","23.02","22.9","23.2"
"30004","375","2016","6","27","22","179","4","22.85","22.7","23"
"30004","375","2016","6","27","23","179","4","22.55","22.4","22.6"
"30004","375","2016","6","28","0","180","4","22.12","22","22.2"
"30004","375","2016","6","28","1","180","4","21.95","21.8","22.1"
"30004","375","2016","6","28","2","180","4","21.95","21.8","22"
"30004","375","2016","6","28","3","180","4","21.68","21.4","21.9"
"30004","375","2016","6","28","4","180","4","21.23","21.2","21.3"
"30004","375","2016","6","28","5","180","4","21.25","21.2","21.3"
"30004","375","2016","6","28","6","180","4","21.68","21.4","22"
"30004","375","2016","6","28","7","180","4","22.93","22.3","23.5"
"30004","375","2016","6","28","8","180","4","24.85","23.9","25.8"
"30004","375","2016","6","28","9","180","4","26.75","26.3","27.5"
"30004","375","2016","6","28","10","180","4","28.45","28.3","28.6"
"30004","375","2016","6","28","11","180","4","29.25","28.9","29.5"
"30004","375","2016","6","28","12","180","4","29.2","29.1","29.4"
"30004","375","2016","6","28","13","180","4","29.88","29.3","30.3"
"30004","375","2016","6","28","14","180","4","29.6","29.2","29.9"
"30004","375","2016","6","28","15","180","4","27.23","26.7","28.1"
"30004","375","2016","6","28","16","180","4","27.2","26.8","27.5"
"30004","375","2016","6","28","17","180","4","28.12","27.6","28.6"
"30004","375","2016","6","28","18","180","4","28.52","28.4","28.6"
"30004","375","2016","6","28","19","180","4","27.1","26.5","27.8"
"30004","375","2016","6","28","20","180","4","25.6","25.1","26.1"
"30004","375","2016","6","28","21","180","4","24.12","23.6","24.7"
"30004","375","2016","6","28","22","180","4","23.07","22.7","23.5"
"30004","375","2016","6","28","23","180","4","22.12","21.8","22.5"
"30004","375","2016","6","29","0","181","4","21.32","21.1","21.6"
"30004","375","2016","6","29","1","181","4","20.75","20.5","21"
"30004","375","2016","6","29","2","181","4","20.38","20.3","20.5"
"30004","375","2016","6","29","3","181","4","20.05","19.9","20.2"
"30004","375","2016","6","29","4","181","4","19.65","19.5","19.8"
"30004","375","2016","6","29","5","181","4","19.42","19.4","19.5"
"30004","375","2016","6","29","6","181","4","19.8","19.5","20.2"
"30004","375","2016","6","29","7","181","4","21.85","20.7","23.2"
"30004","375","2016","6","29","8","181","4","25.4","24.3","26.5"
"30004","375","2016","6","29","9","181","4","28.42","27.4","29.4"
"30004","375","2016","6","29","10","181","4","30.38","30","30.7"
"30004","375","2016","6","29","11","181","4","31.27","30.7","31.8"
"30004","375","2016","6","29","12","181","4","31.88","31.6","32.2"
"30004","375","2016","6","29","13","181","4","32.92","32.5","33.4"
"30004","375","2016","6","29","14","181","4","33.38","32.9","33.7"
"30004","375","2016","6","29","15","181","4","33.52","33.2","34"
"30004","375","2016","6","29","16","181","4","33.67","33.4","33.9"
"30004","375","2016","6","29","17","181","4","33.08","32.5","33.6"
"30004","375","2016","6","29","18","181","4","31.65","30.9","32.1"
"30004","375","2016","6","29","19","181","4","28.68","27.4","30.1"
"30004","375","2016","6","29","20","181","4","26.2","25.6","26.9"
"30004","375","2016","6","29","21","181","4","24.9","24.5","25.3"
"30004","375","2016","6","29","22","181","4","24.32","24.3","24.4"
"30004","375","2016","6","29","23","181","4","23.62","23.1","24.1"
"30004","375","2016","6","30","0","182","4","22.88","22.8","22.9"
"30004","375","2016","6","30","1","182","4","22.5","22.3","22.7"
"30004","375","2016","6","30","2","182","4","22.1","22","22.2"
"30004","375","2016","6","30","3","182","4","21.65","21.5","21.8"
"30004","375","2016","6","30","4","182","4","21.35","21","21.6"
"30004","375","2016","6","30","5","182","4","20.65","20.6","20.8"
"30004","375","2016","6","30","6","182","4","21.07","20.7","21.5"
"30004","375","2016","6","30","7","182","4","22.73","22","23.4"
"30004","375","2016","6","30","8","182","4","24.73","24","25.6"
"30004","375","2016","6","30","9","182","4","28.05","26.7","29"
"30004","375","2016","6","30","10","182","4","28.75","28.3","29"
"30004","375","2016","6","30","11","182","4","30.45","28.9","31"
"30004","375","2016","6","30","12","182","4","31.55","31.4","31.8"
"30004","375","2016","6","30","13","182","4","31.7","31.5","32"
"30004","375","2016","6","30","14","182","4","31.18","30.5","31.5"
"30004","375","2016","6","30","15","182","4","31.12","30.2","31.9"
"30004","375","2016","6","30","16","182","4","31.52","31.1","32.1"
"30004","375","2016","6","30","17","182","4","32.3","31.6","32.9"
"30004","375","2016","6","30","18","182","4","30.75","30.5","31.3"
"30004","375","2016","6","30","19","182","4","28.18","27.3","29.3"
"30004","375","2016","6","30","20","182","4","26.62","26.3","27"
"30004","375","2016","6","30","21","182","4","26.02","25.9","26.2"
"30004","375","2016","6","30","22","182","4","25.27","24.9","25.6"
"30004","375","2016","6","30","23","182","4","24","23.5","24.5"
"30004","375","2016","7","1","0","183","4","22.85","22.5","23.2"
"30004","375","2016","7","1","1","183","4","22.2","22.1","22.3"
"30004","375","2016","7","1","2","183","4","22.23","22.2","22.3"
"30004","375","2016","7","1","3","183","4","22.12","22","22.2"
"30004","375","2016","7","1","4","183","4","22","21.8","22.1"
"30004","375","2016","7","1","5","183","4","21.7","21.7","21.7"
"30004","375","2016","7","1","6","183","4","22.1","21.7","22.6"
"30004","375","2016","7","1","7","183","4","23.93","23.4","24.2"
"30004","375","2016","7","1","8","183","4","24.75","24.2","25.5"
"30004","375","2016","7","1","9","183","4","27.3","26.2","28.2"
"30004","375","2016","7","1","10","183","4","29.57","28.8","30.3"
"30004","375","2016","7","1","11","183","4","31.05","30.9","31.2"
"30004","375","2016","7","1","12","183","4","31.77","31.4","32"
"30004","375","2016","7","1","13","183","4","32.3","32.1","32.7"
"30004","375","2016","7","1","14","183","4","33.4","33","33.8"
"30004","375","2016","7","1","15","183","4","33.95","33.8","34"
"30004","375","2016","7","1","16","183","4","33.88","33.6","34.1"
"30004","375","2016","7","1","17","183","4","33.17","33","33.3"
"30004","375","2016","7","1","18","183","4","32.85","32.4","33.3"
"30004","375","2016","7","1","19","183","4","30.7","29.4","31.8"
"30004","375","2016","7","1","20","183","4","27.32","26.3","28.5"
"30004","375","2016","7","1","21","183","4","25.07","24.5","25.7"
"30004","375","2016","7","1","22","183","4","23.77","23.4","24.2"
"30004","375","2016","7","1","23","183","4","22.77","22.4","23.1"
"30004","375","2016","7","2","0","184","4","22.07","21.9","22.2"
"30004","375","2016","7","2","1","184","4","21.45","21.2","21.7"
"30004","375","2016","7","2","2","184","4","21.1","21","21.2"
"30004","375","2016","7","2","3","184","4","20.65","20.4","20.9"
"30004","375","2016","7","2","4","184","4","20.27","20.1","20.4"
"30004","375","2016","7","2","5","184","4","19.75","19.6","19.9"
"30004","375","2016","7","2","6","184","4","20","19.6","20.5"
"30004","375","2016","7","2","7","184","4","22.27","21","23.6"
"30004","375","2016","7","2","8","184","4","26.07","24.6","27.5"
"30004","375","2016","7","2","9","184","4","30.05","28.8","30.9"
"30004","375","2016","7","2","10","184","4","31.4","31.1","31.8"
"30004","375","2016","7","2","11","184","4","31.77","31.5","32.2"
"30004","375","2016","7","2","12","184","4","32.55","31.8","33.2"
"30004","375","2016","7","2","13","184","4","33.73","33.1","34.3"
"30004","375","2016","7","2","14","184","4","34.58","34.5","34.7"
"30004","375","2016","7","2","15","184","4","34.75","34.5","35"
"30004","375","2016","7","2","16","184","4","34.42","34.2","34.6"
"30004","375","2016","7","2","17","184","4","34.45","34.1","34.6"
"30004","375","2016","7","2","18","184","4","33.35","33.1","33.7"
"30004","375","2016","7","2","19","184","4","30.48","29","32.1"
"30004","375","2016","7","2","20","184","4","27.12","26.3","28.1"
"30004","375","2016","7","2","21","184","4","25.45","25","25.9"
"30004","375","2016","7","2","22","184","4","24.4","24","24.8"
"30004","375","2016","7","2","23","184","4","23.7","23.3","24"
"30004","375","2016","7","3","0","185","4","22.98","22.7","23.2"
"30004","375","2016","7","3","1","185","4","22.12","21.9","22.4"
"30004","375","2016","7","3","2","185","4","21.43","21.2","21.7"
"30004","375","2016","7","3","3","185","4","20.8","20.6","21"
"30004","375","2016","7","3","4","185","4","20.35","20.2","20.5"
"30004","375","2016","7","3","5","185","4","19.93","19.8","20.1"
"30004","375","2016","7","3","6","185","4","20.2","19.8","20.7"
"30004","375","2016","7","3","7","185","4","22.88","21.3","24.3"
"30004","375","2016","7","3","8","185","4","26.52","25.3","27.9"
"30004","375","2016","7","3","9","185","4","30.75","29.4","31.7"
"30004","375","2016","7","3","10","185","4","32.42","32","32.9"
"30004","375","2016","7","3","11","185","4","33.55","33.2","33.9"
"30004","375","2016","7","3","12","185","4","33.85","33.6","34.1"
"30004","375","2016","7","3","13","185","4","34.02","33.5","34.6"
"30004","375","2016","7","3","14","185","4","35.1","34.9","35.4"
"30004","375","2016","7","3","15","185","4","34.73","34.1","35"
"30004","375","2016","7","3","16","185","4","34.38","34.1","34.6"
"30004","375","2016","7","3","17","185","4","31.52","24.9","34.8"
"30004","375","2016","7","3","18","185","4","23.75","23.5","23.9"
"30004","375","2016","7","3","19","185","4","24.15","24","24.2"
"30004","375","2016","7","3","20","185","4","24.25","24.2","24.3"
"30004","375","2016","7","3","21","185","4","24.23","24.2","24.3"
"30004","375","2016","7","3","22","185","4","23.98","23.8","24.2"
"30004","375","2016","7","3","23","185","4","23.48","23.3","23.7"
"30004","375","2016","7","4","0","186","4","23.12","23","23.2"
"30004","375","2016","7","4","1","186","4","22.92","22.9","23"
"30004","375","2016","7","4","2","186","4","22.82","22.8","22.9"
"30004","375","2016","7","4","3","186","4","22.55","22.4","22.7"
"30004","375","2016","7","4","4","186","4","22.25","22.2","22.3"
"30004","375","2016","7","4","5","186","4","22.07","22","22.2"
"30004","375","2016","7","4","6","186","4","22.32","22","22.7"
"30004","375","2016","7","4","7","186","4","23.95","23.1","24.7"
"30004","375","2016","7","4","8","186","4","25.93","25.2","26.6"
"30004","375","2016","7","4","9","186","4","28.62","27.3","29.8"
"30004","375","2016","7","4","10","186","4","30.85","30.3","31.2"
"30004","375","2016","7","4","11","186","4","31.7","31.1","32.1"
"30004","375","2016","7","4","12","186","4","32.52","32","32.8"
"30004","375","2016","7","4","13","186","4","32.97","32.8","33.3"
"30004","375","2016","7","4","14","186","4","33.23","32.7","33.5"
"30004","375","2016","7","4","15","186","4","33.7","33.5","34"
"30004","375","2016","7","4","16","186","4","33.92","33.5","34.5"
"30004","375","2016","7","4","17","186","4","33.05","32.9","33.2"
"30004","375","2016","7","4","18","186","4","32.1","31.8","32.5"
"30004","375","2016","7","4","19","186","4","30.73","30","31.6"
"30004","375","2016","7","4","20","186","4","29","28.5","29.6"
"30004","375","2016","7","4","21","186","4","27.32","26.7","28"
"30004","375","2016","7","4","22","186","4","27.12","26.5","28.1"
"30004","375","2016","7","4","23","186","4","27.85","27.6","28.1"
"30004","375","2016","7","5","0","187","4","27.35","27.2","27.5"
"30004","375","2016","7","5","1","187","4","26.88","26.6","27.1"
"30004","375","2016","7","5","2","187","4","26.15","25.9","26.5"
"30004","375","2016","7","5","3","187","4","25.62","25.4","25.8"
"30004","375","2016","7","5","4","187","4","25.12","25","25.3"
"30004","375","2016","7","5","5","187","4","24.85","24.8","25"
"30004","375","2016","7","5","6","187","4","25.15","24.8","25.5"
"30004","375","2016","7","5","7","187","4","26.3","25.8","26.8"
"30004","375","2016","7","5","8","187","4","27.57","27.1","28"
"30004","375","2016","7","5","9","187","4","28.48","28.3","28.9"
"30004","375","2016","7","5","10","187","4","28.1","25","29.4"
"30004","375","2016","7","5","11","187","4","23.82","23.4","24.8"
"30004","375","2016","7","5","12","187","4","27.27","26.5","27.9"
"30004","375","2016","7","5","13","187","4","27.73","26.9","28.1"
"30004","375","2016","7","5","14","187","4","25.88","25.4","26.2"
"30004","375","2016","7","5","15","187","4","25.77","25","26.4"
"30004","375","2016","7","5","16","187","4","26.47","26.4","26.7"
"30004","375","2016","7","5","17","187","4","25.95","25.9","26.1"
"30004","375","2016","7","5","18","187","4","26","25.9","26.1"
"30004","375","2016","7","5","19","187","4","25.52","25.1","25.9"
"30004","375","2016","7","5","20","187","4","24.4","24","24.9"
"30004","375","2016","7","5","21","187","4","23.85","23.7","24"
"30004","375","2016","7","5","22","187","4","23.75","23.6","23.9"
"30004","375","2016","7","5","23","187","4","23.73","23.6","23.8"
"30004","375","2016","7","6","0","188","4","23.32","23.2","23.4"
"30004","375","2016","7","6","1","188","4","23.4","23.3","23.5"
"30004","375","2016","7","6","2","188","4","23.1","22.9","23.3"
"30004","375","2016","7","6","3","188","4","22.65","22.5","22.8"
"30004","375","2016","7","6","4","188","4","22.5","22.5","22.5"
"30004","375","2016","7","6","5","188","4","22.48","22.4","22.5"
"30004","375","2016","7","6","6","188","4","22.7","22.5","23.1"
"30004","375","2016","7","6","7","188","4","24.1","23.7","24.4"
"30004","375","2016","7","6","8","188","4","25.65","24.9","26.5"
"30004","375","2016","7","6","9","188","4","27.15","26.9","27.5"
"30004","375","2016","7","6","10","188","4","28","27.8","28.5"
"30004","375","2016","7","6","11","188","4","27.07","21.9","29.9"
"30004","375","2016","7","6","12","188","4","21.32","21.2","21.4"
"30004","375","2016","7","6","13","188","4","21.65","21.4","21.9"
"30004","375","2016","7","6","14","188","4","23.32","22.4","24.1"
"30004","375","2016","7","6","15","188","4","24.73","24.5","25.1"
"30004","375","2016","7","6","16","188","4","26.45","25.8","27.1"
"30004","375","2016","7","6","17","188","4","27.77","27.5","27.9"
"30004","375","2016","7","6","18","188","4","26.65","26.1","27.1"
"30004","375","2016","7","6","19","188","4","24.75","24.1","25.5"
"30004","375","2016","7","6","20","188","4","23.4","22.8","23.9"
"30004","375","2016","7","6","21","188","4","23.27","22.7","24.1"
"30004","375","2016","7","6","22","188","4","23.38","22.8","23.9"
"30004","375","2016","7","6","23","188","4","21.98","21.6","22.4"
"30004","375","2016","7","7","0","189","4","21.18","20.9","21.4"
"30004","375","2016","7","7","1","189","4","21.23","20.8","21.9"
"30004","375","2016","7","7","2","189","4","22.02","21.9","22.1"
"30004","375","2016","7","7","3","189","4","21.85","21.8","21.9"
"30004","375","2016","7","7","4","189","4","21.55","21.4","21.7"
"30004","375","2016","7","7","5","189","4","21.25","21.2","21.4"
"30004","375","2016","7","7","6","189","4","21.7","21.3","22.4"
"30004","375","2016","7","7","7","189","4","23.62","23","24.3"
"30004","375","2016","7","7","8","189","4","25.5","24.9","26.1"
"30004","375","2016","7","7","9","189","4","27.25","26.7","27.8"
"30004","375","2016","7","7","10","189","4","28.88","28.3","29.4"
"30004","375","2016","7","7","11","189","4","30.15","29.7","30.6"
"30004","375","2016","7","7","12","189","4","31.18","31","31.3"
"30004","375","2016","7","7","13","189","4","31.72","31.4","32.4"
"30004","375","2016","7","7","14","189","4","32.67","32.5","32.9"
"30004","375","2016","7","7","15","189","4","33.15","33","33.3"
"30004","375","2016","7","7","16","189","4","33.17","32.6","33.5"
"30004","375","2016","7","7","17","189","4","32.45","32.2","32.6"
"30004","375","2016","7","7","18","189","4","31.93","31.7","32.1"
"30004","375","2016","7","7","19","189","4","30.98","30.3","31.5"
"30004","375","2016","7","7","20","189","4","28.35","27.2","29.6"
"30004","375","2016","7","7","21","189","4","26.48","25.8","27.1"
"30004","375","2016","7","7","22","189","4","24.9","24.5","25.4"
"30004","375","2016","7","7","23","189","4","24.15","24","24.4"
"30004","375","2016","7","8","0","190","4","23.77","23.7","23.9"
"30004","375","2016","7","8","1","190","4","23.68","23.5","24.1"
"30004","375","2016","7","8","2","190","4","23.93","23.7","24.1"
"30004","375","2016","7","8","3","190","4","23.23","23","23.5"
"30004","375","2016","7","8","4","190","4","22.95","22.9","23"
"30004","375","2016","7","8","5","190","4","22.93","22.8","23"
"30004","375","2016","7","8","6","190","4","23.7","22.9","25"
"30004","375","2016","7","8","7","190","4","26.25","25.6","27.2"
"30004","375","2016","7","8","8","190","4","27.75","27.3","28.3"
"30004","375","2016","7","8","9","190","4","29.65","28.9","30.3"
"30004","375","2016","7","8","10","190","4","30.9","30.5","31.2"
"30004","375","2016","7","8","11","190","4","31.6","31.3","31.9"
"30004","375","2016","7","8","12","190","4","32.6","32.2","32.8"
"30004","375","2016","7","8","13","190","4","33.25","33.1","33.7"
"30004","375","2016","7","8","14","190","4","33.48","33.4","33.6"
"30004","375","2016","7","8","15","190","4","33.65","33.4","33.9"
"30004","375","2016","7","8","16","190","4","34.08","34","34.1"
"30004","375","2016","7","8","17","190","4","33.95","33.7","34.3"
"30004","375","2016","7","8","18","190","4","32.83","32.4","33.6"
"30004","375","2016","7","8","19","190","4","30.62","29.7","31.9"
"30004","375","2016","7","8","20","190","4","28.82","27.9","29.6"
"30004","375","2016","7","8","21","190","4","27.12","26.7","27.6"
"30004","375","2016","7","8","22","190","4","26.4","26.1","26.7"
"30004","375","2016","7","8","23","190","4","25.77","25.6","25.9"
"30004","375","2016","7","9","0","191","4","27.43","26.4","27.9"
"30004","375","2016","7","9","1","191","4","27.32","26.9","27.6"
"30004","375","2016","7","9","2","191","4","25.82","25.2","26.5"
"30004","375","2016","7","9","3","191","4","24.05","23.6","24.6"
"30004","375","2016","7","9","4","191","4","23.02","22.9","23.3"
"30004","375","2016","7","9","5","191","4","22.5","22","23"
"30004","375","2016","7","9","6","191","4","22.38","22","22.8"
"30004","375","2016","7","9","7","191","4","24.75","23.7","25.6"
"30004","375","2016","7","9","8","191","4","26.18","25.9","26.5"
"30004","375","2016","7","9","9","191","4","27.8","27","28.5"
"30004","375","2016","7","9","10","191","4","28.55","28.3","28.8"
"30004","375","2016","7","9","11","191","4","30.05","29.2","30.7"
"30004","375","2016","7","9","12","191","4","30.5","30","31"
"30004","375","2016","7","9","13","191","4","31.35","31.2","31.5"
"30004","375","2016","7","9","14","191","4","32.02","31.6","32.3"
"30004","375","2016","7","9","15","191","4","30.98","30.8","31.1"
"30004","375","2016","7","9","16","191","4","30.98","30.7","31.1"
"30004","375","2016","7","9","17","191","4","30.62","30.4","31.1"
"30004","375","2016","7","9","18","191","4","29.52","29","30.2"
"30004","375","2016","7","9","19","191","4","28.27","28","28.6"
"30004","375","2016","7","9","20","191","4","27.7","27.6","27.8"
"30004","375","2016","7","9","21","191","4","27.32","27","27.6"
"30004","375","2016","7","9","22","191","4","26.4","26","26.8"
"30004","375","2016","7","9","23","191","4","25.35","24.9","25.8"
"30004","375","2016","7","10","0","192","4","24.08","23.6","24.6"
"30004","375","2016","7","10","1","192","4","23.2","22.9","23.5"
"30004","375","2016","7","10","2","192","4","22.5","22.2","22.8"
"30004","375","2016","7","10","3","192","4","22.05","22","22.2"
"30004","375","2016","7","10","4","192","4","22.07","21.9","22.2"
"30004","375","2016","7","10","5","192","4","21.73","21.6","21.9"
"30004","375","2016","7","10","6","192","4","21.9","21.7","22.2"
"30004","375","2016","7","10","7","192","4","23","22.5","23.3"
"30004","375","2016","7","10","8","192","4","23.88","23.5","24.3"
"30004","375","2016","7","10","9","192","4","25.52","24.9","26.1"
"30004","375","2016","7","10","10","192","4","27.23","26.5","28.3"
"30004","375","2016","7","10","11","192","4","30.25","29.1","31"
"30004","375","2016","7","10","12","192","4","31.1","30.8","31.3"
"30004","375","2016","7","10","13","192","4","31.4","31","32"
"30004","375","2016","7","10","14","192","4","32.35","32.2","32.5"
"30004","375","2016","7","10","15","192","4","32.27","32.1","32.6"
"30004","375","2016","7","10","16","192","4","32","31.8","32.2"
"30004","375","2016","7","10","17","192","4","32.15","31.9","32.3"
"30004","375","2016","7","10","18","192","4","31.47","30.9","31.9"
"30004","375","2016","7","10","19","192","4","28.55","27.3","29.9"
"30004","375","2016","7","10","20","192","4","26.25","25.7","26.8"
"30004","375","2016","7","10","21","192","4","25","24.6","25.4"
"30004","375","2016","7","10","22","192","4","24.8","24.3","25.6"
"30004","375","2016","7","10","23","192","4","25.7","25.5","25.8"
"30004","375","2016","7","11","0","193","4","24.77","24.2","25.3"
"30004","375","2016","7","11","1","193","4","23.45","23","23.8"
"30004","375","2016","7","11","2","193","4","22.6","22.5","22.8"
"30004","375","2016","7","11","3","193","4","22.18","22","22.4"
"30004","375","2016","7","11","4","193","4","21.57","21.4","21.8"
"30004","375","2016","7","11","5","193","4","21.45","21.4","21.5"
"30004","375","2016","7","11","6","193","4","22.02","21.5","22.6"
"30004","375","2016","7","11","7","193","4","23.5","22.9","24.1"
"30004","375","2016","7","11","8","193","4","24.9","24.3","25.4"
"30004","375","2016","7","11","9","193","4","25.9","25.6","26.3"
"30004","375","2016","7","11","10","193","4","27.75","26.8","28.3"
"30004","375","2016","7","11","11","193","4","29.1","28.5","29.6"
"30004","375","2016","7","11","12","193","4","29.83","29.3","30.3"
"30004","375","2016","7","11","13","193","4","30.85","30.6","31.1"
"30004","375","2016","7","11","14","193","4","31.52","31.2","31.8"
"30004","375","2016","7","11","15","193","4","31","30.9","31.2"
"30004","375","2016","7","11","16","193","4","31.28","31.1","31.6"
"30004","375","2016","7","11","17","193","4","27.73","22.1","31.3"
"30004","375","2016","7","11","18","193","4","21.3","21.2","21.5"
"30004","375","2016","7","11","19","193","4","21.57","21.4","21.7"
"30004","375","2016","7","11","20","193","4","21.75","21.7","21.8"
"30004","375","2016","7","11","21","193","4","21.75","21.6","21.9"
"30004","375","2016","7","11","22","193","4","21.92","21.9","22"
"30004","375","2016","7","11","23","193","4","21.68","21.5","21.8"
"30004","375","2016","7","12","0","194","4","21.32","21.1","21.5"
"30004","375","2016","7","12","1","194","4","20.95","20.8","21.1"
"30004","375","2016","7","12","2","194","4","20.8","20.7","20.9"
"30004","375","2016","7","12","3","194","4","20.92","20.9","21"
"30004","375","2016","7","12","4","194","4","20.82","20.8","20.9"
"30004","375","2016","7","12","5","194","4","20.73","20.6","20.8"
"30004","375","2016","7","12","6","194","4","20.7","20.6","20.9"
"30004","375","2016","7","12","7","194","4","21.4","21.1","21.8"
"30004","375","2016","7","12","8","194","4","22.73","22.2","23.3"
"30004","375","2016","7","12","9","194","4","25.32","24.2","26.2"
"30004","375","2016","7","12","10","194","4","27.5","26.7","28.3"
"30004","375","2016","7","12","11","194","4","28.95","28.3","29.5"
"30004","375","2016","7","12","12","194","4","30.18","29.8","30.5"
"30004","375","2016","7","12","13","194","4","31.07","30.8","31.4"
"30004","375","2016","7","12","14","194","4","31.95","31.6","32.2"
"30004","375","2016","7","12","15","194","4","32.15","32","32.4"
"30004","375","2016","7","12","16","194","4","32.62","32.4","32.9"
"30004","375","2016","7","12","17","194","4","32.52","32.4","32.7"
"30004","375","2016","7","12","18","194","4","31.67","31","32.3"
"30004","375","2016","7","12","19","194","4","28.98","27.7","30.3"
"30004","375","2016","7","12","20","194","4","28.05","27","28.6"
"30004","375","2016","7","12","21","194","4","25.8","25.1","26.4"
"30004","375","2016","7","12","22","194","4","24.15","24","24.6"
"30004","375","2016","7","12","23","194","4","23.48","23","23.9"
"30004","375","2016","7","13","0","195","4","22.8","22.6","22.9"
"30004","375","2016","7","13","1","195","4","21.9","21.5","22.3"
"30004","375","2016","7","13","2","195","4","21.35","21.3","21.4"
"30004","375","2016","7","13","3","195","4","21.35","21.2","21.5"
"30004","375","2016","7","13","4","195","4","21.1","21","21.2"
"30004","375","2016","7","13","5","195","4","21.48","21.3","21.7"
"30004","375","2016","7","13","6","195","4","22.1","21.9","22.2"
"30004","375","2016","7","13","7","195","4","22.73","22.3","23.1"
"30004","375","2016","7","13","8","195","4","24.15","23.2","25.3"
"30004","375","2016","7","13","9","195","4","26.7","26","27.2"
"30004","375","2016","7","13","10","195","4","28.27","28","28.7"
"30004","375","2016","7","13","11","195","4","29.65","29.1","30"
"30004","375","2016","7","13","12","195","4","30.58","30.1","31.1"
"30004","375","2016","7","13","13","195","4","31.6","31.5","31.7"
"30004","375","2016","7","13","14","195","4","32.02","31.8","32.2"
"30004","375","2016","7","13","15","195","4","32.42","32.2","32.5"
"30004","375","2016","7","13","16","195","4","32.7","32.5","33"
"30004","375","2016","7","13","17","195","4","32.73","32.7","32.8"
"30004","375","2016","7","13","18","195","4","32.2","31.6","32.6"
"30004","375","2016","7","13","19","195","4","29.32","27.8","30.9"
"30004","375","2016","7","13","20","195","4","26.27","25.6","27.1"
"30004","375","2016","7","13","21","195","4","25","24.8","25.3"
"30004","375","2016","7","13","22","195","4","24.52","24.3","24.7"
"30004","375","2016","7","13","23","195","4","24.43","24.2","24.6"
"30004","375","2016","7","14","0","196","4","23.77","23.4","24.2"
"30004","375","2016","7","14","1","196","4","22.82","22.6","23.1"
"30004","375","2016","7","14","2","196","4","22.5","22.3","22.6"
"30004","375","2016","7","14","3","196","4","22.02","21.9","22.2"
"30004","375","2016","7","14","4","196","4","21.45","21.3","21.6"
"30004","375","2016","7","14","5","196","4","21.3","21.2","21.4"
"30004","375","2016","7","14","6","196","4","21.6","21.2","22.2"
"30004","375","2016","7","14","7","196","4","23.55","22.9","24.2"
"30004","375","2016","7","14","8","196","4","25.27","24.6","26.1"
"30004","375","2016","7","14","9","196","4","27.83","26.8","28.6"
"30004","375","2016","7","14","10","196","4","30","29.2","30.7"
"30004","375","2016","7","14","11","196","4","31.55","31.5","31.6"
"30004","375","2016","7","14","12","196","4","32.48","32","32.9"
"30004","375","2016","7","14","13","196","4","32.98","32.8","33.2"
"30004","375","2016","7","14","14","196","4","33.3","33","33.6"
"30004","375","2016","7","14","15","196","4","33.73","33.5","33.9"
"30004","375","2016","7","14","16","196","4","33.65","33.6","33.7"
"30004","375","2016","7","14","17","196","4","33.75","33.7","33.8"
"30004","375","2016","7","14","18","196","4","32.95","32","33.7"
"30004","375","2016","7","14","19","196","4","29.43","28.3","30.9"
"30004","375","2016","7","14","20","196","4","26.8","25.8","27.8"
"30004","375","2016","7","14","21","196","4","25.7","25.2","26"
"30004","375","2016","7","14","22","196","4","25.35","25.1","25.6"
"30004","375","2016","7","14","23","196","4","24.68","24","25.3"
"30004","375","2016","7","15","0","197","4","23.48","23.2","23.7"
"30004","375","2016","7","15","1","197","4","23.52","23.4","23.6"
"30004","375","2016","7","15","2","197","4","23.05","22.8","23.3"
"30004","375","2016","7","15","3","197","4","22.27","21.8","22.8"
"30004","375","2016","7","15","4","197","4","21.38","21.2","21.6"
"30004","375","2016","7","15","5","197","4","21.15","21.1","21.2"
"30004","375","2016","7","15","6","197","4","21.38","21.1","21.8"
"30004","375","2016","7","15","7","197","4","23.65","22.3","24.9"
"30004","375","2016","7","15","8","197","4","25.3","24.9","26"
"30004","375","2016","7","15","9","197","4","26.85","26.8","27"
"30004","375","2016","7","15","10","197","4","27.12","26.9","27.6"
"30004","375","2016","7","15","11","197","4","28.8","27.9","29.4"
"30004","375","2016","7","15","12","197","4","30.25","30","30.6"
"30004","375","2016","7","15","13","197","4","29.98","29.7","30.3"
"30004","375","2016","7","15","14","197","4","31.02","30.7","31.4"
"30004","375","2016","7","15","15","197","4","31.35","30.9","31.7"
"30004","375","2016","7","15","16","197","4","31.65","31.2","31.9"
"30004","375","2016","7","15","17","197","4","31.8","31.7","31.9"
"30004","375","2016","7","15","18","197","4","31.3","30.8","31.7"
"30004","375","2016","7","15","19","197","4","29.3","28.2","30.2"
"30004","375","2016","7","15","20","197","4","26.55","25.8","27.5"
"30004","375","2016","7","15","21","197","4","25.23","25","25.5"
"30004","375","2016","7","15","22","197","4","24.45","24.2","24.7"
"30004","375","2016","7","15","23","197","4","23.62","23.3","24"
"30004","375","2016","7","16","0","198","4","23","22.8","23.2"
"30004","375","2016","7","16","1","198","4","22.4","22.2","22.6"
"30004","375","2016","7","16","2","198","4","22.35","22.1","22.7"
"30004","375","2016","7","16","3","198","4","22.4","22","22.7"
"30004","375","2016","7","16","4","198","4","21.55","21.3","21.8"
"30004","375","2016","7","16","5","198","4","21.15","21","21.3"
"30004","375","2016","7","16","6","198","4","21.3","21.1","21.6"
"30004","375","2016","7","16","7","198","4","22.95","22","24.1"
"30004","375","2016","7","16","8","198","4","25.48","24.5","26.6"
"30004","375","2016","7","16","9","198","4","27.05","26.7","27.5"
"30004","375","2016","7","16","10","198","4","28.3","28.1","28.7"
"30004","375","2016","7","16","11","198","4","30","29.2","30.7"
"30004","375","2016","7","16","12","198","4","27.38","26","30"
"30004","375","2016","7","16","13","198","4","30.02","29.4","30.6"
"30004","375","2016","7","16","14","198","4","27.9","25.9","29.6"
"30004","375","2016","7","16","15","198","4","27.43","25.8","28.4"
"30004","375","2016","7","16","16","198","4","29.3","28.6","29.7"
"30004","375","2016","7","16","17","198","4","27.52","26.5","28.5"
"30004","375","2016","7","16","18","198","4","24.1","22.3","25.8"
"30004","375","2016","7","16","19","198","4","21.82","21.8","21.9"
"30004","375","2016","7","16","20","198","4","21.73","21.7","21.8"
"30004","375","2016","7","16","21","198","4","21.52","21.5","21.6"
"30004","375","2016","7","16","22","198","4","21.5","21.5","21.5"
"30004","375","2016","7","16","23","198","4","21.43","21.3","21.5"
"30004","375","2016","7","17","0","199","4","21.2","21.2","21.2"
"30004","375","2016","7","17","1","199","4","21","20.9","21.1"
"30004","375","2016","7","17","2","199","4","20.9","20.9","20.9"
"30004","375","2016","7","17","3","199","4","20.88","20.8","20.9"
"30004","375","2016","7","17","4","199","4","20.55","20.4","20.7"
"30004","375","2016","7","17","5","199","4","20.2","20.1","20.3"
"30004","375","2016","7","17","6","199","4","20.27","20.1","20.5"
"30004","375","2016","7","17","7","199","4","21.27","20.8","21.8"
"30004","375","2016","7","17","8","199","4","23.02","22.3","23.8"
"30004","375","2016","7","17","9","199","4","25.55","24.5","26.8"
"30004","375","2016","7","17","10","199","4","28.12","27.5","28.8"
"30004","375","2016","7","17","11","199","4","29.9","29.8","30"
"30004","375","2016","7","17","12","199","4","30.85","30.2","31.6"
"30004","375","2016","7","17","13","199","4","31.95","31.7","32.1"
"30004","375","2016","7","17","14","199","4","32.25","31.9","32.5"
"30004","375","2016","7","17","15","199","4","32.4","31.8","32.9"
"30004","375","2016","7","17","16","199","4","33.08","32.7","33.6"
"30004","375","2016","7","17","17","199","4","30.8","30","32.5"
"30004","375","2016","7","17","18","199","4","29.02","28.6","29.5"
"30004","375","2016","7","17","19","199","4","27.5","27","28.1"
"30004","375","2016","7","17","20","199","4","26.23","25.8","26.7"
"30004","375","2016","7","17","21","199","4","25.5","25.2","25.8"
"30004","375","2016","7","17","22","199","4","24.88","24.8","25"
"30004","375","2016","7","17","23","199","4","24.27","24","24.6"
"30004","375","2016","7","18","0","200","4","23.2","22.8","23.7"
"30004","375","2016","7","18","1","200","4","22.52","22.3","22.7"
"30004","375","2016","7","18","2","200","4","22.07","22","22.2"
"30004","375","2016","7","18","3","200","4","21.82","21.7","21.9"
"30004","375","2016","7","18","4","200","4","21.48","21.4","21.6"
"30004","375","2016","7","18","5","200","4","21.25","21.2","21.3"
"30004","375","2016","7","18","6","200","4","21.45","21.2","21.8"
"30004","375","2016","7","18","7","200","4","23.45","22.4","24.4"
"30004","375","2016","7","18","8","200","4","25.27","24.9","25.7"
"30004","375","2016","7","18","9","200","4","27.88","26.7","28.8"
"30004","375","2016","7","18","10","200","4","30.2","29.4","30.9"
"30004","375","2016","7","18","11","200","4","31.68","31.1","32.1"
"30004","375","2016","7","18","12","200","4","32.32","31.9","32.8"
"30004","375","2016","7","18","13","200","4","32.05","31.7","32.3"
"30004","375","2016","7","18","14","200","4","31.5","31.3","31.8"
"30004","375","2016","7","18","15","200","4","29.18","28","31.5"
"30004","375","2016","7","18","16","200","4","27.7","27.3","28.3"
"30004","375","2016","7","18","17","200","4","28.85","28.5","29"
"30004","375","2016","7","18","18","200","4","28.55","27.9","29.1"
"30004","375","2016","7","18","19","200","4","27.43","26.9","27.8"
"30004","375","2016","7","18","20","200","4","25.88","25.4","26.4"
"30004","375","2016","7","18","21","200","4","24.8","24.5","25.1"
"30004","375","2016","7","18","22","200","4","23.95","23.7","24.2"
"30004","375","2016","7","18","23","200","4","23.65","23.6","23.7"
"30004","375","2016","7","19","0","201","4","23.25","23.1","23.4"
"30004","375","2016","7","19","1","201","4","23","22.9","23.1"
"30004","375","2016","7","19","2","201","4","22.82","22.7","22.9"
"30004","375","2016","7","19","3","201","4","22.48","22.3","22.6"
"30004","375","2016","7","19","4","201","4","22.25","22.2","22.3"
"30004","375","2016","7","19","5","201","4","22.07","22","22.2"
"30004","375","2016","7","19","6","201","4","22.35","22","22.8"
"30004","375","2016","7","19","7","201","4","23.73","23.1","24.5"
"30004","375","2016","7","19","8","201","4","26.65","25.4","27.8"
"30004","375","2016","7","19","9","201","4","28.4","28.1","29"
"30004","375","2016","7","19","10","201","4","30.75","29.7","31.6"
"30004","375","2016","7","19","11","201","4","33.12","32.3","33.6"
"30004","375","2016","7","19","12","201","4","33.75","33.7","33.9"
"30004","375","2016","7","19","13","201","4","34.42","34","34.9"
"30004","375","2016","7","19","14","201","4","34.7","34.6","34.8"
"30004","375","2016","7","19","15","201","4","34.75","34.3","35"
"30004","375","2016","7","19","16","201","4","34.5","33.8","35.2"
"30004","375","2016","7","19","17","201","4","32.23","29.9","33.8"
"30004","375","2016","7","19","18","201","4","27.2","25.8","29.3"
"30004","375","2016","7","19","19","201","4","25.4","25.1","25.6"
"30004","375","2016","7","19","20","201","4","24.6","24.4","24.7"
"30004","375","2016","7","19","21","201","4","23.65","23.3","24"
"30004","375","2016","7","19","22","201","4","23.07","23","23.2"
"30004","375","2016","7","19","23","201","4","23.38","23","23.8"
"30004","375","2016","7","20","0","202","4","23.8","23.5","23.9"
"30004","375","2016","7","20","1","202","4","22.73","22.4","23"
"30004","375","2016","7","20","2","202","4","22.38","22.3","22.5"
"30004","375","2016","7","20","3","202","4","22.12","21.9","22.3"
"30004","375","2016","7","20","4","202","4","21.82","21.8","21.9"
"30004","375","2016","7","20","5","202","4","21.6","21.5","21.8"
"30004","375","2016","7","20","6","202","4","21.95","21.5","22.4"
"30004","375","2016","7","20","7","202","4","23.25","22.7","23.9"
"30004","375","2016","7","20","8","202","4","25.77","24.6","26.8"
"30004","375","2016","7","20","9","202","4","28.9","27.7","29.7"
"30004","375","2016","7","20","10","202","4","30.35","29.9","30.6"
"30004","375","2016","7","20","11","202","4","31.32","30.9","31.8"
"30004","375","2016","7","20","12","202","4","32.35","32","32.6"
"30004","375","2016","7","20","13","202","4","33.52","32.7","34.3"
"30004","375","2016","7","20","14","202","4","34","33.8","34.3"
"30004","375","2016","7","20","15","202","4","34.75","34.2","35.1"
"30004","375","2016","7","20","16","202","4","32.4","31.8","33.2"
"30004","375","2016","7","20","17","202","4","31.18","30.4","31.8"
"30004","375","2016","7","20","18","202","4","32.85","32","33.3"
"30004","375","2016","7","20","19","202","4","29.52","28.3","30.6"
"30004","375","2016","7","20","20","202","4","26.82","26.2","27.6"
"30004","375","2016","7","20","21","202","4","25.57","25.4","25.8"
"30004","375","2016","7","20","22","202","4","25.82","25.4","26.1"
"30004","375","2016","7","20","23","202","4","24.57","24.3","25"
"30004","375","2016","7","21","0","203","4","23.85","23.6","24.1"
"30004","375","2016","7","21","1","203","4","23.45","23.4","23.6"
"30004","375","2016","7","21","2","203","4","23.62","23.6","23.7"
"30004","375","2016","7","21","3","203","4","22.95","22.5","23.4"
"30004","375","2016","7","21","4","203","4","22.27","22.2","22.4"
"30004","375","2016","7","21","5","203","4","22.77","22.4","23.1"
"30004","375","2016","7","21","6","203","4","23.38","23.1","23.8"
"30004","375","2016","7","21","7","203","4","24.12","23.9","24.4"
"30004","375","2016","7","21","8","203","4","25.57","24.7","26.3"
"30004","375","2016","7","21","9","203","4","27.12","26.7","27.6"
"30004","375","2016","7","21","10","203","4","29.5","28.6","30"
"30004","375","2016","7","21","11","203","4","31.4","30.8","31.8"
"30004","375","2016","7","21","12","203","4","32.58","32.2","32.9"
"30004","375","2016","7","21","13","203","4","33.5","33.1","33.9"
"30004","375","2016","7","21","14","203","4","32.83","31.7","33.5"
"30004","375","2016","7","21","15","203","4","27.65","23.6","31"
"30004","375","2016","7","21","16","203","4","23.2","22.7","24.2"
"30004","375","2016","7","21","17","203","4","25.6","25.1","25.9"
"30004","375","2016","7","21","18","203","4","24.6","24.1","25.3"
"30004","375","2016","7","21","19","203","4","23.93","23.7","24.1"
"30004","375","2016","7","21","20","203","4","23.15","22.9","23.5"
"30004","375","2016","7","21","21","203","4","22.92","22.9","23"
"30004","375","2016","7","21","22","203","4","22.48","22.3","22.7"
"30004","375","2016","7","21","23","203","4","22.18","22","22.3"
"30004","375","2016","7","22","0","204","4","21.93","21.8","22"
"30004","375","2016","7","22","1","204","4","21.62","21.5","21.7"
"30004","375","2016","7","22","2","204","4","21.32","21.2","21.4"
"30004","375","2016","7","22","3","204","4","21.02","20.9","21.1"
"30004","375","2016","7","22","4","204","4","20.98","20.9","21.1"
"30004","375","2016","7","22","5","204","4","21.02","20.9","21.1"
"30004","375","2016","7","22","6","204","4","21.15","20.9","21.5"
"30004","375","2016","7","22","7","204","4","22.43","21.8","23.1"
"30004","375","2016","7","22","8","204","4","23.32","23","23.8"
"30004","375","2016","7","22","9","204","4","25.73","24.7","26.6"
"30004","375","2016","7","22","10","204","4","28.1","27.1","28.8"
"30004","375","2016","7","22","11","204","4","29.7","29.3","30.3"
"30004","375","2016","7","22","12","204","4","30.55","30.4","30.7"
"30004","375","2016","7","22","13","204","4","31.43","31.1","31.8"
"30004","375","2016","7","22","14","204","4","32.35","32.1","32.5"
"30004","375","2016","7","22","15","204","4","32.8","32.3","33.1"
"30004","375","2016","7","22","16","204","4","32","31.2","32.9"
"30004","375","2016","7","22","17","204","4","31.23","31","31.5"
"30004","375","2016","7","22","18","204","4","30.45","30.2","30.7"
"30004","375","2016","7","22","19","204","4","28.62","27.9","29.5"
"30004","375","2016","7","22","20","204","4","26.98","26.4","27.5"
"30004","375","2016","7","22","21","204","4","25.75","25.4","26.1"
"30004","375","2016","7","22","22","204","4","25.07","24.9","25.3"
"30004","375","2016","7","22","23","204","4","24.48","24.3","24.7"
"30004","375","2016","7","23","0","205","4","24.02","23.9","24.2"
"30004","375","2016","7","23","1","205","4","23.55","23.4","23.7"
"30004","375","2016","7","23","2","205","4","23.25","23.1","23.4"
"30004","375","2016","7","23","3","205","4","23","22.9","23.1"
"30004","375","2016","7","23","4","205","4","22.82","22.8","22.9"
"30004","375","2016","7","23","5","205","4","22.6","22.5","22.7"
"30004","375","2016","7","23","6","205","4","22.8","22.6","23.1"
"30004","375","2016","7","23","7","205","4","24.32","23.5","25.3"
"30004","375","2016","7","23","8","205","4","26.57","25.9","27.3"
"30004","375","2016","7","23","9","205","4","28.15","27.7","28.6"
"30004","375","2016","7","23","10","205","4","29.15","28.9","29.5"
"30004","375","2016","7","23","11","205","4","30.95","29.8","31.9"
"30004","375","2016","7","23","12","205","4","32.3","31.9","32.5"
"30004","375","2016","7","23","13","205","4","30.35","27.4","32.2"
"30004","375","2016","7","23","14","205","4","25.02","24.6","25.9"
"30004","375","2016","7","23","15","205","4","24.38","24","25"
"30004","375","2016","7","23","16","205","4","25.48","25.4","25.6"
"30004","375","2016","7","23","17","205","4","25.57","25.4","25.8"
"30004","375","2016","7","23","18","205","4","25.93","25.6","26.2"
"30004","375","2016","7","23","19","205","4","25.2","25","25.4"
"30004","375","2016","7","23","20","205","4","24.68","24.5","24.8"
"30004","375","2016","7","23","21","205","4","24.23","24.1","24.4"
"30004","375","2016","7","23","22","205","4","23.88","23.8","24"
"30004","375","2016","7","23","23","205","4","23.7","23.6","23.8"
"30004","375","2016","7","24","0","206","4","23.52","23.4","23.6"
"30004","375","2016","7","24","1","206","4","23.2","23.1","23.3"
"30004","375","2016","7","24","2","206","4","22.88","22.8","23"
"30004","375","2016","7","24","3","206","4","22.65","22.5","22.8"
"30004","375","2016","7","24","4","206","4","22.38","22.3","22.5"
"30004","375","2016","7","24","5","206","4","22.07","22","22.2"
"30004","375","2016","7","24","6","206","4","22.15","22","22.4"
"30004","375","2016","7","24","7","206","4","23.23","22.7","23.8"
"30004","375","2016","7","24","8","206","4","25.75","24.6","26.9"
"30004","375","2016","7","24","9","206","4","28.93","27.9","29.6"
"30004","375","2016","7","24","10","206","4","30.75","30","31.3"
"30004","375","2016","7","24","11","206","4","31.27","31","31.5"
"30004","375","2016","7","24","12","206","4","31.1","30.2","31.9"
"30004","375","2016","7","24","13","206","4","31.15","30.5","32"
"30004","375","2016","7","24","14","206","4","32.75","32.1","33.3"
"30004","375","2016","7","24","15","206","4","33.75","33.4","34.1"
"30004","375","2016","7","24","16","206","4","32.6","31.5","33.3"
"30004","375","2016","7","24","17","206","4","32.02","31.5","32.4"
"30004","375","2016","7","24","18","206","4","31.3","30.4","32.3"
"30004","375","2016","7","24","19","206","4","29.23","28.2","30.1"
"30004","375","2016","7","24","20","206","4","27.1","26.4","27.7"
"30004","375","2016","7","24","21","206","4","25.4","25.1","25.9"
"30004","375","2016","7","24","22","206","4","24.8","24.4","25.2"
"30004","375","2016","7","24","23","206","4","23.92","23.7","24.2"
"30004","375","2016","7","25","0","207","4","23.23","23","23.5"
"30004","375","2016","7","25","1","207","4","22.75","22.6","22.9"
"30004","375","2016","7","25","2","207","4","22.45","22.4","22.5"
"30004","375","2016","7","25","3","207","4","22.38","22.3","22.4"
"30004","375","2016","7","25","4","207","4","22.18","22","22.3"
"30004","375","2016","7","25","5","207","4","21.9","21.8","22"
"30004","375","2016","7","25","6","207","4","22","21.8","22.3"
"30004","375","2016","7","25","7","207","4","23.62","22.6","25"
"30004","375","2016","7","25","8","207","4","26.65","25.6","27.8"
"30004","375","2016","7","25","9","207","4","30.32","28.9","31.4"
"30004","375","2016","7","25","10","207","4","32.17","31.5","32.8"
"30004","375","2016","7","25","11","207","4","31.85","31.1","32.9"
"30004","375","2016","7","25","12","207","4","33.3","32.8","33.9"
"30004","375","2016","7","25","13","207","4","34.08","33.7","34.4"
"30004","375","2016","7","25","14","207","4","35.6","34.9","36"
"30004","375","2016","7","25","15","207","4","35.7","35.6","35.8"
"30004","375","2016","7","25","16","207","4","35.75","35.3","36.1"
"30004","375","2016","7","25","17","207","4","32.85","31.1","34.6"
"30004","375","2016","7","25","18","207","4","30.4","30.1","30.7"
"30004","375","2016","7","25","19","207","4","29.73","29.2","30.3"
"30004","375","2016","7","25","20","207","4","28.8","28.7","28.9"
"30004","375","2016","7","25","21","207","4","27.1","25.9","27.9"
"30004","375","2016","7","25","22","207","4","25.23","24.8","25.6"
"30004","375","2016","7","25","23","207","4","24.48","24.4","24.5"
"30004","375","2016","7","26","0","208","4","23.77","23.5","24.2"
"30004","375","2016","7","26","1","208","4","23.15","22.9","23.4"
"30004","375","2016","7","26","2","208","4","22.65","22.5","22.8"
"30004","375","2016","7","26","3","208","4","22.4","22.3","22.5"
"30004","375","2016","7","26","4","208","4","22.07","22","22.2"
"30004","375","2016","7","26","5","208","4","21.77","21.7","21.9"
"30004","375","2016","7","26","6","208","4","21.9","21.7","22.2"
"30004","375","2016","7","26","7","208","4","23.8","22.8","24.7"
"30004","375","2016","7","26","8","208","4","26.1","25.3","26.8"
"30004","375","2016","7","26","9","208","4","28.32","27.4","29"
"30004","375","2016","7","26","10","208","4","30.12","29.6","30.6"
"30004","375","2016","7","26","11","208","4","31.85","31.3","32.2"
"30004","375","2016","7","26","12","208","4","32.62","32.5","32.9"
"30004","375","2016","7","26","13","208","4","33.23","33","33.4"
"30004","375","2016","7","26","14","208","4","34.17","33.5","34.5"
"30004","375","2016","7","26","15","208","4","34.62","34","35"
"30004","375","2016","7","26","16","208","4","34.85","34.7","34.9"
"30004","375","2016","7","26","17","208","4","34.38","33.9","34.7"
"30004","375","2016","7","26","18","208","4","33.4","32.5","33.9"
"30004","375","2016","7","26","19","208","4","30.3","29.1","31.6"
"30004","375","2016","7","26","20","208","4","27.68","26.8","28.5"
"30004","375","2016","7","26","21","208","4","26.12","25.9","26.4"
"30004","375","2016","7","26","22","208","4","27.82","27.7","27.9"
"30004","375","2016","7","26","23","208","4","27.12","26.9","27.5"
"30004","375","2016","7","27","0","209","4","26.32","26","26.6"
"30004","375","2016","7","27","1","209","4","25.52","25.1","25.8"
"30004","375","2016","7","27","2","209","4","24.5","24.3","24.7"
"30004","375","2016","7","27","3","209","4","24.23","24","24.4"
"30004","375","2016","7","27","4","209","4","23.85","23.8","23.9"
"30004","375","2016","7","27","5","209","4","24.15","23.9","24.3"
"30004","375","2016","7","27","6","209","4","24.52","24.4","24.6"
"30004","375","2016","7","27","7","209","4","25","24.7","25.2"
"30004","375","2016","7","27","8","209","4","25.88","25.5","26.4"
"30004","375","2016","7","27","9","209","4","27.6","27","28.3"
"30004","375","2016","7","27","10","209","4","28.55","28","29.2"
"30004","375","2016","7","27","11","209","4","29.2","28.9","29.6"
"30004","375","2016","7","27","12","209","4","29.77","29.3","30.4"
"30004","375","2016","7","27","13","209","4","29.95","29.6","30.8"
"30004","375","2016","7","27","14","209","4","31.25","31","31.6"
"30004","375","2016","7","27","15","209","4","32.12","32","32.3"
"30004","375","2016","7","27","16","209","4","31.77","31.6","32.1"
"30004","375","2016","7","27","17","209","4","31.7","31.4","32.1"
"30004","375","2016","7","27","18","209","4","31.4","30.9","31.8"
"30004","375","2016","7","27","19","209","4","30.12","29.6","30.6"
"30004","375","2016","7","27","20","209","4","28.82","28.6","29.2"
"30004","375","2016","7","27","21","209","4","28.45","28.1","28.6"
"30004","375","2016","7","27","22","209","4","27.18","26.7","27.7"
"30004","375","2016","7","27","23","209","4","26.05","25.7","26.4"
"30004","375","2016","7","28","0","210","4","24.95","24.6","25.4"
"30004","375","2016","7","28","1","210","4","23.9","23.6","24.3"
"30004","375","2016","7","28","2","210","4","23.88","23.6","24"
"30004","375","2016","7","28","3","210","4","24.1","23.9","24.3"
"30004","375","2016","7","28","4","210","4","23.32","22.8","23.7"
"30004","375","2016","7","28","5","210","4","22.85","22.7","23"
"30004","375","2016","7","28","6","210","4","23.32","23.2","23.5"
"30004","375","2016","7","28","7","210","4","23.88","23.6","24.2"
"30004","375","2016","7","28","8","210","4","24.68","24.4","24.9"
"30004","375","2016","7","28","9","210","4","25.88","25.1","26.9"
"30004","375","2016","7","28","10","210","4","27.07","26.7","27.3"
"30004","375","2016","7","28","11","210","4","27.65","27.3","28"
"30004","375","2016","7","28","12","210","4","27.98","27.6","28.6"
"30004","375","2016","7","28","13","210","4","29.32","28.8","30.1"
"30004","375","2016","7","28","14","210","4","30","29.6","30.4"
"30004","375","2016","7","28","15","210","4","30.4","29.4","31.1"
"30004","375","2016","7","28","16","210","4","28","25.7","31.2"
"30004","375","2016","7","28","17","210","4","26.45","26.3","26.6"
"30004","375","2016","7","28","18","210","4","26.82","26.5","27"
"30004","375","2016","7","28","19","210","4","26.48","26.2","26.7"
"30004","375","2016","7","28","20","210","4","25.82","25.4","26.2"
"30004","375","2016","7","28","21","210","4","24.93","24.7","25.2"
"30004","375","2016","7","28","22","210","4","24.45","24.3","24.6"
"30004","375","2016","7","28","23","210","4","23.95","23.7","24.2"
"30004","375","2016","7","29","0","211","4","23.6","23.5","23.7"
"30004","375","2016","7","29","1","211","4","23.48","23.4","23.6"
"30004","375","2016","7","29","2","211","4","23.42","23.4","23.5"
"30004","375","2016","7","29","3","211","4","23.5","23.4","23.6"
"30004","375","2016","7","29","4","211","4","23.58","23.5","23.6"
"30004","375","2016","7","29","5","211","4","23.32","23.2","23.4"
"30004","375","2016","7","29","6","211","4","23.15","23","23.4"
"30004","375","2016","7","29","7","211","4","23.95","23.6","24.3"
"30004","375","2016","7","29","8","211","4","25.08","24.6","25.6"
"30004","375","2016","7","29","9","211","4","26.38","25.9","26.9"
"30004","375","2016","7","29","10","211","4","27.88","27.8","28"
"30004","375","2016","7","29","11","211","4","29.18","28.4","29.9"
"30004","375","2016","7","29","12","211","4","29.43","29","29.9"
"30004","375","2016","7","29","13","211","4","29.75","29.3","30.2"
"30004","375","2016","7","29","14","211","4","29","28.4","29.8"
"30004","375","2016","7","29","15","211","4","28.75","27.6","30"
"30004","375","2016","7","29","16","211","4","29.43","28.4","30.1"
"30004","375","2016","7","29","17","211","4","25","23.5","26.8"
"30004","375","2016","7","29","18","211","4","24.1","23.6","24.5"
"30004","375","2016","7","29","19","211","4","24.38","24.2","24.5"
"30004","375","2016","7","29","20","211","4","24.12","24","24.2"
"30004","375","2016","7","29","21","211","4","24.05","24","24.1"
"30004","375","2016","7","29","22","211","4","24.1","24.1","24.1"
"30004","375","2016","7","29","23","211","4","23.98","23.9","24"
"30004","375","2016","7","30","0","212","4","23.68","23.6","23.8"
"30004","375","2016","7","30","1","212","4","23.38","23.3","23.5"
"30004","375","2016","7","30","2","212","4","23.15","22.9","23.4"
"30004","375","2016","7","30","3","212","4","22.7","22.6","22.8"
"30004","375","2016","7","30","4","212","4","22.6","22.6","22.6"
"30004","375","2016","7","30","5","212","4","22.45","22.3","22.6"
"30004","375","2016","7","30","6","212","4","22.38","22.3","22.5"
"30004","375","2016","7","30","7","212","4","23.02","22.6","23.5"
"30004","375","2016","7","30","8","212","4","24.55","23.9","25.2"
"30004","375","2016","7","30","9","212","4","26.57","25.8","27.2"
"30004","375","2016","7","30","10","212","4","27.75","27.3","28"
"30004","375","2016","7","30","11","212","4","29.35","28.9","29.8"
"30004","375","2016","7","30","12","212","4","27.27","26.2","29.1"
"30004","375","2016","7","30","13","212","4","28.9","27.3","30.1"
"30004","375","2016","7","30","14","212","4","30.73","30.1","31.2"
"30004","375","2016","7","30","15","212","4","31.27","30.9","31.7"
"30004","375","2016","7","30","16","212","4","30.8","30.4","31.1"
"30004","375","2016","7","30","17","212","4","29.7","29.2","30.2"
"30004","375","2016","7","30","18","212","4","28.25","27.7","28.9"
"30004","375","2016","7","30","19","212","4","27.1","26.7","27.5"
"30004","375","2016","7","30","20","212","4","25.65","25.1","26.3"
"30004","375","2016","7","30","21","212","4","24.43","24.1","24.8"
"30004","375","2016","7","30","22","212","4","23.77","23.6","23.9"
"30004","375","2016","7","30","23","212","4","23.35","23.2","23.5"
"30004","375","2016","7","31","0","213","4","23","22.8","23.1"
"30004","375","2016","7","31","1","213","4","22.7","22.5","22.9"
"30004","375","2016","7","31","2","213","4","22.23","22","22.4"
"30004","375","2016","7","31","3","213","4","21.85","21.7","22"
"30004","375","2016","7","31","4","213","4","21.7","21.7","21.7"
"30004","375","2016","7","31","5","213","4","21.62","21.5","21.7"
"30004","375","2016","7","31","6","213","4","21.6","21.5","21.8"
"30004","375","2016","7","31","7","213","4","22.6","22","23.3"
"30004","375","2016","7","31","8","213","4","25.02","23.9","26"
"30004","375","2016","7","31","9","213","4","27.62","26.7","28.4"
"30004","375","2016","7","31","10","213","4","29.73","29.2","30.2"
"30004","375","2016","7","31","11","213","4","30.82","30.6","31"
"30004","375","2016","7","31","12","213","4","31.35","31.1","31.6"
"30004","375","2016","7","31","13","213","4","31.75","31","32.3"
"30004","375","2016","7","31","14","213","4","32.65","32.2","33.2"
"30004","375","2016","7","31","15","213","4","33.2","33.1","33.3"
"30004","375","2016","7","31","16","213","4","30.27","29.5","31.8"
"30004","375","2016","7","31","17","213","4","26.05","23.7","28.5"
"30004","375","2016","7","31","18","213","4","23.45","23.3","23.6"
"30004","375","2016","7","31","19","213","4","23.65","23.5","23.7"
"30004","375","2016","7","31","20","213","4","23.48","23.4","23.6"
"30004","375","2016","7","31","21","213","4","23.52","23.4","23.6"
"30004","375","2016","7","31","22","213","4","23.4","23.4","23.4"
"30004","375","2016","7","31","23","213","4","23.42","23.4","23.5"
"30004","375","2016","8","1","0","214","4","23.35","23.2","23.4"
"30004","375","2016","8","1","1","214","4","22.93","22.8","23.1"
"30004","375","2016","8","1","2","214","4","22.57","22.5","22.7"
"30004","375","2016","8","1","3","214","4","22.38","22.3","22.5"
"30004","375","2016","8","1","4","214","4","22.12","22.1","22.2"
"30004","375","2016","8","1","5","214","4","22.15","22.1","22.2"
"30004","375","2016","8","1","6","214","4","22.25","22","22.6"
"30004","375","2016","8","1","7","214","4","22.98","22.7","23.3"
"30004","375","2016","8","1","8","214","4","23.7","23.4","24.1"
"30004","375","2016","8","1","9","214","4","24.98","24.5","25.4"
"30004","375","2016","8","1","10","214","4","27.27","26","28.7"
"30004","375","2016","8","1","11","214","4","29.68","29.4","30.2"
"30004","375","2016","8","1","12","214","4","30.15","29.7","30.7"
"30004","375","2016","8","1","13","214","4","31.57","30.9","32.1"
"30004","375","2016","8","1","14","214","4","32.52","32.2","32.8"
"30004","375","2016","8","1","15","214","4","32.2","31.8","32.5"
"30004","375","2016","8","1","16","214","4","32.42","32.2","32.7"
"30004","375","2016","8","1","17","214","4","31.02","30.4","32.1"
"30004","375","2016","8","1","18","214","4","29.55","29","30"
"30004","375","2016","8","1","19","214","4","28.57","28","28.9"
"30004","375","2016","8","1","20","214","4","27.32","26.9","27.6"
"30004","375","2016","8","1","21","214","4","22.7","21.1","26.2"
"30004","375","2016","8","1","22","214","4","21","20.9","21.2"
"30004","375","2016","8","1","23","214","4","21.52","21.4","21.6"
"30004","375","2016","8","2","0","215","4","21.6","21.5","21.7"
"30004","375","2016","8","2","1","215","4","21.42","21.4","21.5"
"30004","375","2016","8","2","2","215","4","21.35","21.3","21.4"
"30004","375","2016","8","2","3","215","4","21.25","21.2","21.3"
"30004","375","2016","8","2","4","215","4","21.55","21.3","21.8"
"30004","375","2016","8","2","5","215","4","22.2","22","22.3"
"30004","375","2016","8","2","6","215","4","22.5","22.4","22.6"
"30004","375","2016","8","2","7","215","4","22.93","22.7","23.2"
"30004","375","2016","8","2","8","215","4","24.02","23.5","24.6"
"30004","375","2016","8","2","9","215","4","25.8","25.2","26.5"
"30004","375","2016","8","2","10","215","4","27.95","27.2","28.6"
"30004","375","2016","8","2","11","215","4","29.57","28.9","30"
"30004","375","2016","8","2","12","215","4","30.62","30.4","30.7"
"30004","375","2016","8","2","13","215","4","27","23.2","30.5"
"30004","375","2016","8","2","14","215","4","23.57","23","24.3"
"30004","375","2016","8","2","15","215","4","25.2","24.7","25.6"
"30004","375","2016","8","2","16","215","4","26.73","26","27.3"
"30004","375","2016","8","2","17","215","4","27.62","27.5","27.8"
"30004","375","2016","8","2","18","215","4","27.77","27.6","27.9"
"30004","375","2016","8","2","19","215","4","26.48","25.8","27.2"
"30004","375","2016","8","2","20","215","4","25.5","25.4","25.7"
"30004","375","2016","8","2","21","215","4","25.3","25","25.6"
"30004","375","2016","8","2","22","215","4","25.1","25","25.2"
"30004","375","2016","8","2","23","215","4","24.52","24.1","25"
"30004","375","2016","8","3","0","216","4","23.48","23.2","23.8"
"30004","375","2016","8","3","1","216","4","22.93","22.8","23.1"
"30004","375","2016","8","3","2","216","4","22.45","22.3","22.6"
"30004","375","2016","8","3","3","216","4","22.07","22","22.2"
"30004","375","2016","8","3","4","216","4","21.82","21.7","21.9"
"30004","375","2016","8","3","5","216","4","21.55","21.4","21.7"
"30004","375","2016","8","3","6","216","4","21.62","21.4","21.9"
"30004","375","2016","8","3","7","216","4","22.93","22.2","23.7"
"30004","375","2016","8","3","8","216","4","25.02","24.3","25.8"
"30004","375","2016","8","3","9","216","4","27.17","26.4","27.7"
"30004","375","2016","8","3","10","216","4","28.12","27.7","28.7"
"30004","375","2016","8","3","11","216","4","29.73","29.1","30"
"30004","375","2016","8","3","12","216","4","30.6","30.1","31.2"
"30004","375","2016","8","3","13","216","4","31.32","31","31.9"
"30004","375","2016","8","3","14","216","4","31.98","31.7","32.2"
"30004","375","2016","8","3","15","216","4","32.75","32.4","33.1"
"30004","375","2016","8","3","16","216","4","32.77","32.7","32.9"
"30004","375","2016","8","3","17","216","4","32.33","31.7","33"
"30004","375","2016","8","3","18","216","4","30.98","30.1","31.7"
"30004","375","2016","8","3","19","216","4","28.2","27.1","29.3"
"30004","375","2016","8","3","20","216","4","26","25.6","26.5"
"30004","375","2016","8","3","21","216","4","25.62","25.5","25.8"
"30004","375","2016","8","3","22","216","4","26.8","26.5","27"
"30004","375","2016","8","3","23","216","4","26.18","25.8","26.4"
"30004","375","2016","8","4","0","217","4","24.95","24.5","25.4"
"30004","375","2016","8","4","1","217","4","24.32","24.3","24.4"
"30004","375","2016","8","4","2","217","4","24.07","24","24.2"
"30004","375","2016","8","4","3","217","4","24.12","24.1","24.2"
"30004","375","2016","8","4","4","217","4","24","23.9","24.1"
"30004","375","2016","8","4","5","217","4","23.4","22.9","23.8"
"30004","375","2016","8","4","6","217","4","22.57","22.5","22.7"
"30004","375","2016","8","4","7","217","4","22.75","22.5","23"
"30004","375","2016","8","4","8","217","4","24.15","23.2","25"
"30004","375","2016","8","4","9","217","4","25.55","25.4","25.7"
"30004","375","2016","8","4","10","217","4","27.05","25.8","28.1"
"30004","375","2016","8","4","11","217","4","29.4","28.7","29.9"
"30004","375","2016","8","4","12","217","4","29.98","29.3","30.7"
"30004","375","2016","8","4","13","217","4","31.05","29.9","31.8"
"30004","375","2016","8","4","14","217","4","31.9","31.5","32.3"
"30004","375","2016","8","4","15","217","4","32.15","31.4","32.7"
"30004","375","2016","8","4","16","217","4","31.98","31.6","32.4"
"30004","375","2016","8","4","17","217","4","30.2","29.8","30.4"
"30004","375","2016","8","4","18","217","4","29.3","28.9","29.7"
"30004","375","2016","8","4","19","217","4","27.75","27.2","28.5"
"30004","375","2016","8","4","20","217","4","26.43","26","26.9"
"30004","375","2016","8","4","21","217","4","25.5","25.2","25.8"
"30004","375","2016","8","4","22","217","4","24.93","24.8","25"
"30004","375","2016","8","4","23","217","4","25.07","24.8","25.3"
"30004","375","2016","8","5","0","218","4","24.23","24","24.5"
"30004","375","2016","8","5","1","218","4","23.57","23.4","23.8"
"30004","375","2016","8","5","2","218","4","23.3","23.2","23.4"
"30004","375","2016","8","5","3","218","4","23.4","23.3","23.5"
"30004","375","2016","8","5","4","218","4","23.58","23.5","23.6"
"30004","375","2016","8","5","5","218","4","23.68","23.6","23.7"
"30004","375","2016","8","5","6","218","4","23.88","23.8","24"
"30004","375","2016","8","5","7","218","4","24.2","24.1","24.4"
"30004","375","2016","8","5","8","218","4","25.12","24.6","25.5"
"30004","375","2016","8","5","9","218","4","26.07","25.8","26.4"
"30004","375","2016","8","5","10","218","4","27","26.6","27.7"
"30004","375","2016","8","5","11","218","4","28.32","27.8","29.4"
"30004","375","2016","8","5","12","218","4","30.07","29.8","30.4"
"30004","375","2016","8","5","13","218","4","31.07","29.7","32.1"
"30004","375","2016","8","5","14","218","4","32.38","31.9","33.2"
"30004","375","2016","8","5","15","218","4","33.33","33.1","33.5"
"30004","375","2016","8","5","16","218","4","32.35","31.3","33.4"
"30004","375","2016","8","5","17","218","4","30.77","30.6","31"
"30004","375","2016","8","5","18","218","4","29.93","29.1","30.8"
"30004","375","2016","8","5","19","218","4","27.6","26.8","28.5"
"30004","375","2016","8","5","20","218","4","25.93","25.5","26.4"
"30004","375","2016","8","5","21","218","4","24.9","24.6","25.2"
"30004","375","2016","8","5","22","218","4","24.25","24","24.4"
"30004","375","2016","8","5","23","218","4","23.88","23.8","23.9"
"30004","375","2016","8","6","0","219","4","23.8","23.5","24"
"30004","375","2016","8","6","1","219","4","23.27","23.1","23.4"
"30004","375","2016","8","6","2","219","4","22.75","22.6","22.9"
"30004","375","2016","8","6","3","219","4","22.35","22.2","22.5"
"30004","375","2016","8","6","4","219","4","22","21.9","22.1"
"30004","375","2016","8","6","5","219","4","21.7","21.6","21.8"
"30004","375","2016","8","6","6","219","4","21.8","21.6","22"
"30004","375","2016","8","6","7","219","4","23.32","22.2","24.4"
"30004","375","2016","8","6","8","219","4","25.67","25","26.4"
"30004","375","2016","8","6","9","219","4","28.02","27.1","28.9"
"30004","375","2016","8","6","10","219","4","30.27","29.4","31.2"
"30004","375","2016","8","6","11","219","4","31.95","31.6","32.4"
"30004","375","2016","8","6","12","219","4","32.88","32.5","33"
"30004","375","2016","8","6","13","219","4","33.12","32.9","33.4"
"30004","375","2016","8","6","14","219","4","33.45","33.3","33.7"
"30004","375","2016","8","6","15","219","4","33.33","32.7","33.6"
"30004","375","2016","8","6","16","219","4","32.27","32.1","32.4"
"30004","375","2016","8","6","17","219","4","31.88","31.6","32.3"
"30004","375","2016","8","6","18","219","4","30.8","30.2","31.3"
"30004","375","2016","8","6","19","219","4","28.7","27.9","29.6"
"30004","375","2016","8","6","20","219","4","27.52","27.3","27.7"
"30004","375","2016","8","6","21","219","4","26.85","26.7","27.1"
"30004","375","2016","8","6","22","219","4","26.2","25.9","26.5"
"30004","375","2016","8","6","23","219","4","25.43","25.1","25.8"
"30004","375","2016","8","7","0","220","4","24.77","24.6","25"
"30004","375","2016","8","7","1","220","4","24.27","24.1","24.5"
"30004","375","2016","8","7","2","220","4","23.9","23.8","24"
"30004","375","2016","8","7","3","220","4","23.48","23.3","23.7"
"30004","375","2016","8","7","4","220","4","23.1","23","23.2"
"30004","375","2016","8","7","5","220","4","22.88","22.8","23"
"30004","375","2016","8","7","6","220","4","22.8","22.7","23"
"30004","375","2016","8","7","7","220","4","24.35","23.3","25"
"30004","375","2016","8","7","8","220","4","25.95","25","27.2"
"30004","375","2016","8","7","9","220","4","29.3","28.1","30.3"
"30004","375","2016","8","7","10","220","4","31.62","30.8","32.1"
"30004","375","2016","8","7","11","220","4","31.62","30.9","31.9"
"30004","375","2016","8","7","12","220","4","30.73","30.5","31.1"
"30004","375","2016","8","7","13","220","4","32","31.6","32.4"
"30004","375","2016","8","7","14","220","4","32.08","30.8","33"
"30004","375","2016","8","7","15","220","4","25.45","24.9","26.3"
"30004","375","2016","8","7","16","220","4","28.68","27.7","29.5"
"30004","375","2016","8","7","17","220","4","30.52","29.8","31"
"30004","375","2016","8","7","18","220","4","28.55","28","29.2"
"30004","375","2016","8","7","19","220","4","27.3","26.8","27.8"
"30004","375","2016","8","7","20","220","4","26.23","26","26.5"
"30004","375","2016","8","7","21","220","4","25.9","25.9","25.9"
"30004","375","2016","8","7","22","220","4","25.6","25.3","25.9"
"30004","375","2016","8","7","23","220","4","25.62","25.6","25.7"
"30004","375","2016","8","8","0","221","4","24.73","24","25.4"
"30004","375","2016","8","8","1","221","4","23.12","23","23.4"
"30004","375","2016","8","8","2","221","4","23.23","23.1","23.3"
"30004","375","2016","8","8","3","221","4","23.15","23.1","23.2"
"30004","375","2016","8","8","4","221","4","23.05","23","23.1"
"30004","375","2016","8","8","5","221","4","23.05","23","23.1"
"30004","375","2016","8","8","6","221","4","23.32","23.1","23.5"
"30004","375","2016","8","8","7","221","4","23.82","23.6","24.1"
"30004","375","2016","8","8","8","221","4","24.7","24.4","25"
"30004","375","2016","8","8","9","221","4","26.02","25.4","26.4"
"30004","375","2016","8","8","10","221","4","27.3","26.8","27.7"
"30004","375","2016","8","8","11","221","4","27.98","27.6","28.3"
"30004","375","2016","8","8","12","221","4","28.8","28.6","29"
"30004","375","2016","8","8","13","221","4","29.77","29.7","29.9"
"30004","375","2016","8","8","14","221","4","30.65","30.3","30.8"
"30004","375","2016","8","8","15","221","4","30.43","30.2","30.7"
"30004","375","2016","8","8","16","221","4","30.15","30","30.3"
"30004","375","2016","8","8","17","221","4","30.27","29.9","30.5"
"30004","375","2016","8","8","18","221","4","28.98","28.5","29.5"
"30004","375","2016","8","8","19","221","4","27.95","27.6","28.3"
"30004","375","2016","8","8","20","221","4","27.02","26.7","27.4"
"30004","375","2016","8","8","21","221","4","26.15","25.9","26.4"
"30004","375","2016","8","8","22","221","4","25.48","25.2","25.7"
"30004","375","2016","8","8","23","221","4","25.15","25.1","25.2"
"30004","375","2016","8","9","0","222","4","25.2","25.2","25.2"
"30004","375","2016","8","9","1","222","4","25","24.9","25.1"
"30004","375","2016","8","9","2","222","4","24.6","24.3","24.8"
"30004","375","2016","8","9","3","222","4","24.12","24.1","24.2"
"30004","375","2016","8","9","4","222","4","24.08","24","24.1"
"30004","375","2016","8","9","5","222","4","24.02","24","24.1"
"30004","375","2016","8","9","6","222","4","23.95","23.7","24.1"
"30004","375","2016","8","9","7","222","4","23.45","23.4","23.5"
"30004","375","2016","8","9","8","222","4","23.9","23.7","24.1"
"30004","375","2016","8","9","9","222","4","23.95","23.4","24.4"
"30004","375","2016","8","9","10","222","4","24.55","23.3","25.7"
"30004","375","2016","8","9","11","222","4","26.98","26.1","27.4"
"30004","375","2016","8","9","12","222","4","27.57","27","28"
"30004","375","2016","8","9","13","222","4","28.73","28.1","29.4"
"30004","375","2016","8","9","14","222","4","29.57","29.4","29.8"
"30004","375","2016","8","9","15","222","4","29.55","28.8","30.4"
"30004","375","2016","8","9","16","222","4","29.75","29.1","30.1"
"30004","375","2016","8","9","17","222","4","29.68","29.5","30.2"
"30004","375","2016","8","9","18","222","4","29.1","28.9","29.3"
"30004","375","2016","8","9","19","222","4","27.98","27.5","28.5"
"30004","375","2016","8","9","20","222","4","26.02","24.9","27.5"
"30004","375","2016","8","9","21","222","4","24.82","24.8","24.9"
"30004","375","2016","8","9","22","222","4","24.95","24.9","25"
"30004","375","2016","8","9","23","222","4","24.85","24.8","24.9"
"30004","375","2016","8","10","0","223","4","24.62","24.6","24.7"
"30004","375","2016","8","10","1","223","4","24.48","24.4","24.5"
"30004","375","2016","8","10","2","223","4","24.2","24","24.3"
"30004","375","2016","8","10","3","223","4","23.8","23.8","23.8"
"30004","375","2016","8","10","4","223","4","23.68","23.6","23.7"
"30004","375","2016","8","10","5","223","4","23.65","23.6","23.7"
"30004","375","2016","8","10","6","223","4","23.73","23.7","23.8"
"30004","375","2016","8","10","7","223","4","23.88","23.8","24"
"30004","375","2016","8","10","8","223","4","23.8","23.5","24"
"30004","375","2016","8","10","9","223","4","23.8","23.4","24.5"
"30004","375","2016","8","10","10","223","4","26.2","25.5","26.6"
"30004","375","2016","8","10","11","223","4","27.18","26.9","27.4"
"30004","375","2016","8","10","12","223","4","27.85","27.8","28"
"30004","375","2016","8","10","13","223","4","28.23","27.5","29.2"
"30004","375","2016","8","10","14","223","4","29.43","29.1","29.7"
"30004","375","2016","8","10","15","223","4","29.55","29.1","30"
"30004","375","2016","8","10","16","223","4","27.57","26.9","28.3"
"30004","375","2016","8","10","17","223","4","27.93","27.8","28.1"
"30004","375","2016","8","10","18","223","4","28.18","27.8","28.4"
"30004","375","2016","8","10","19","223","4","27.43","27.2","27.8"
"30004","375","2016","8","10","20","223","4","27.18","27","27.3"
"30004","375","2016","8","10","21","223","4","26.82","26","27.2"
"30004","375","2016","8","10","22","223","4","25.95","25.9","26"
"30004","375","2016","8","10","23","223","4","25.7","25.5","25.9"
"30004","375","2016","8","11","0","224","4","25.32","25.2","25.5"
"30004","375","2016","8","11","1","224","4","24.88","24.6","25.1"
"30004","375","2016","8","11","2","224","4","24.12","23.7","24.5"
"30004","375","2016","8","11","3","224","4","23.48","23.4","23.6"
"30004","375","2016","8","11","4","224","4","23.15","23","23.3"
"30004","375","2016","8","11","5","224","4","22.75","22.7","22.8"
"30004","375","2016","8","11","6","224","4","22.85","22.8","23"
"30004","375","2016","8","11","7","224","4","23.5","23.2","23.8"
"30004","375","2016","8","11","8","224","4","24.43","24.1","24.7"
"30004","375","2016","8","11","9","224","4","25.62","24.9","26.2"
"30004","375","2016","8","11","10","224","4","27.12","26.5","27.6"
"30004","375","2016","8","11","11","224","4","27.85","27.6","28.1"
"30004","375","2016","8","11","12","224","4","28.02","27.8","28.3"
"30004","375","2016","8","11","13","224","4","28.98","28.3","29.5"
"30004","375","2016","8","11","14","224","4","29.77","29.5","30.1"
"30004","375","2016","8","11","15","224","4","30.02","29.9","30.2"
"30004","375","2016","8","11","16","224","4","29.62","29.1","30.1"
"30004","375","2016","8","11","17","224","4","29.73","29.5","29.9"
"30004","375","2016","8","11","18","224","4","28.75","28.2","29.5"
"30004","375","2016","8","11","19","224","4","27.43","27.1","27.9"
"30004","375","2016","8","11","20","224","4","26.15","25.6","26.8"
"30004","375","2016","8","11","21","224","4","25.98","25.5","26.3"
"30004","375","2016","8","11","22","224","4","26.18","26.1","26.3"
"30004","375","2016","8","11","23","224","4","25.65","25.4","25.9"
"30004","375","2016","8","12","0","225","4","25.25","25.1","25.4"
"30004","375","2016","8","12","1","225","4","24.93","24.8","25"
"30004","375","2016","8","12","2","225","4","24.85","24.8","24.9"
"30004","375","2016","8","12","3","225","4","24.68","24.4","24.8"
"30004","375","2016","8","12","4","225","4","23.9","23.7","24.1"
"30004","375","2016","8","12","5","225","4","23.8","23.7","23.9"
"30004","375","2016","8","12","6","225","4","24.05","23.9","24.3"
"30004","375","2016","8","12","7","225","4","24.82","24.6","25"
"30004","375","2016","8","12","8","225","4","25.38","25.1","25.8"
"30004","375","2016","8","12","9","225","4","26.38","26.1","26.5"
"30004","375","2016","8","12","10","225","4","27.02","26.3","28"
"30004","375","2016","8","12","11","225","4","28.67","28.2","28.9"
"30004","375","2016","8","12","12","225","4","29.02","28.7","29.7"
"30004","375","2016","8","12","13","225","4","31.05","30.4","31.7"
"30004","375","2016","8","12","14","225","4","31.9","31.6","32"
"30004","375","2016","8","12","15","225","4","32.15","31.9","32.6"
"30004","375","2016","8","12","16","225","4","32.52","32.4","32.6"
"30004","375","2016","8","12","17","225","4","32.12","31.6","32.5"
"30004","375","2016","8","12","18","225","4","30.75","30.1","31.3"
"30004","375","2016","8","12","19","225","4","29","28.1","29.8"
"30004","375","2016","8","12","20","225","4","26.5","25.9","27.2"
"30004","375","2016","8","12","21","225","4","26.48","26.1","26.7"
"30004","375","2016","8","12","22","225","4","25.5","25","26.2"
"30004","375","2016","8","12","23","225","4","24.82","24.6","25"
"30004","375","2016","8","13","0","226","4","24.18","23.8","24.6"
"30004","375","2016","8","13","1","226","4","23.43","23.2","23.6"
"30004","375","2016","8","13","2","226","4","23.02","22.9","23.1"
"30004","375","2016","8","13","3","226","4","22.48","22.3","22.7"
"30004","375","2016","8","13","4","226","4","22.2","22.2","22.2"
"30004","375","2016","8","13","5","226","4","22.3","22.2","22.6"
"30004","375","2016","8","13","6","226","4","23.18","22.9","23.4"
"30004","375","2016","8","13","7","226","4","23.85","23.6","24.2"
"30004","375","2016","8","13","8","226","4","24.8","24.3","25.3"
"30004","375","2016","8","13","9","226","4","25.82","25.5","26.3"
"30004","375","2016","8","13","10","226","4","27.82","27","28.2"
"30004","375","2016","8","13","11","226","4","28.6","27.7","29.4"
"30004","375","2016","8","13","12","226","4","29.62","28.5","30.3"
"30004","375","2016","8","13","13","226","4","30.18","29.9","30.5"
"30004","375","2016","8","13","14","226","4","31.35","31.1","31.6"
"30004","375","2016","8","13","15","226","4","30.8","30.6","31"
"30004","375","2016","8","13","16","226","4","31.15","30.9","31.5"
"30004","375","2016","8","13","17","226","4","31.27","31","31.8"
"30004","375","2016","8","13","18","226","4","29.55","28.7","30.2"
"30004","375","2016","8","13","19","226","4","27.43","26.9","28"
"30004","375","2016","8","13","20","226","4","25.98","25.5","26.5"
"30004","375","2016","8","13","21","226","4","25.02","24.8","25.2"
"30004","375","2016","8","13","22","226","4","24.32","24.1","24.6"
"30004","375","2016","8","13","23","226","4","23.68","23.5","23.9"
"30004","375","2016","8","14","0","227","4","23.48","23.4","23.6"
"30004","375","2016","8","14","1","227","4","23.38","23.3","23.4"
"30004","375","2016","8","14","2","227","4","23.22","22.9","23.4"
"30004","375","2016","8","14","3","227","4","22.48","22.3","22.7"
"30004","375","2016","8","14","4","227","4","22.02","21.9","22.2"
"30004","375","2016","8","14","5","227","4","21.8","21.7","21.9"
"30004","375","2016","8","14","6","227","4","21.9","21.7","22.2"
"30004","375","2016","8","14","7","227","4","23.43","22.4","24.6"
"30004","375","2016","8","14","8","227","4","25.8","25.2","26.4"
"30004","375","2016","8","14","9","227","4","27.95","27.1","28.8"
"30004","375","2016","8","14","10","227","4","29.35","29.1","29.6"
"30004","375","2016","8","14","11","227","4","30.25","29.5","30.9"
"30004","375","2016","8","14","12","227","4","31.02","30.7","31.5"
"30004","375","2016","8","14","13","227","4","31.8","31.3","32.4"
"30004","375","2016","8","14","14","227","4","32.25","31.8","32.6"
"30004","375","2016","8","14","15","227","4","32.95","32.7","33.3"
"30004","375","2016","8","14","16","227","4","32.75","32.1","33.2"
"30004","375","2016","8","14","17","227","4","32.65","32.1","33.2"
"30004","375","2016","8","14","18","227","4","30.43","29.2","31.7"
"30004","375","2016","8","14","19","227","4","27.52","26.6","28.5"
"30004","375","2016","8","14","20","227","4","25.77","25.4","26.2"
"30004","375","2016","8","14","21","227","4","24.88","24.5","25.3"
"30004","375","2016","8","14","22","227","4","24.15","24","24.3"
"30004","375","2016","8","14","23","227","4","24.35","23.8","24.9"
"30004","375","2016","8","15","0","228","4","22.18","21.6","23"
"30004","375","2016","8","15","1","228","4","21.07","21","21.3"
"30004","375","2016","8","15","2","228","4","21.2","21.1","21.3"
"30004","375","2016","8","15","3","228","4","21.27","21.2","21.3"
"30004","375","2016","8","15","4","228","4","21.1","21","21.2"
"30004","375","2016","8","15","5","228","4","20.9","20.9","20.9"
"30004","375","2016","8","15","6","228","4","21.3","21","21.6"
"30004","375","2016","8","15","7","228","4","21.88","21.8","22"
"30004","375","2016","8","15","8","228","4","22.15","21.7","22.7"
"30004","375","2016","8","15","9","228","4","24.68","23.7","25.6"
"30004","375","2016","8","15","10","228","4","26.95","26.1","27.5"
"30004","375","2016","8","15","11","228","4","28.73","28.1","29.3"
"30004","375","2016","8","15","12","228","4","29.88","29.6","30.2"
"30004","375","2016","8","15","13","228","4","30.4","29.7","30.9"
"30004","375","2016","8","15","14","228","4","31.62","31.5","31.9"
"30004","375","2016","8","15","15","228","4","31.23","31","31.5"
"30004","375","2016","8","15","16","228","4","30.73","30.1","31.4"
"30004","375","2016","8","15","17","228","4","29.17","28.4","30.2"
"30004","375","2016","8","15","18","228","4","28.27","27.9","28.5"
"30004","375","2016","8","15","19","228","4","26.15","25.4","27"
"30004","375","2016","8","15","20","228","4","24.57","24.2","25"
"30004","375","2016","8","15","21","228","4","23.8","23.6","24"
"30004","375","2016","8","15","22","228","4","23.32","23.2","23.4"
"30004","375","2016","8","15","23","228","4","23.3","23.1","23.6"
"30004","375","2016","8","16","0","229","4","23.52","23.4","23.6"
"30004","375","2016","8","16","1","229","4","23.1","22.9","23.4"
"30004","375","2016","8","16","2","229","4","22.77","22.6","22.9"
"30004","375","2016","8","16","3","229","4","22.4","22.3","22.5"
"30004","375","2016","8","16","4","229","4","22.2","22.2","22.2"
"30004","375","2016","8","16","5","229","4","21.98","21.8","22.2"
"30004","375","2016","8","16","6","229","4","21.73","21.7","21.8"
"30004","375","2016","8","16","7","229","4","22.82","22.1","23.8"
"30004","375","2016","8","16","8","229","4","24.95","24.3","25.7"
"30004","375","2016","8","16","9","229","4","27.9","26.7","29.1"
"30004","375","2016","8","16","10","229","4","29.5","29.2","29.8"
"30004","375","2016","8","16","11","229","4","30.3","29.9","30.6"
"30004","375","2016","8","16","12","229","4","30.68","30.2","31.4"
"30004","375","2016","8","16","13","229","4","29.85","27.2","31.5"
"30004","375","2016","8","16","14","229","4","24.43","24","25.3"
"30004","375","2016","8","16","15","229","4","25.1","24.4","25.7"
"30004","375","2016","8","16","16","229","4","25.48","25.1","25.9"
"30004","375","2016","8","16","17","229","4","25.73","25.4","25.9"
"30004","375","2016","8","16","18","229","4","25.93","25.6","26.2"
"30004","375","2016","8","16","19","229","4","24.85","24.4","25.4"
"30004","375","2016","8","16","20","229","4","23.93","23.7","24.2"
"30004","375","2016","8","16","21","229","4","23.65","23.6","23.7"
"30004","375","2016","8","16","22","229","4","23.45","23.3","23.6"
"30004","375","2016","8","16","23","229","4","23.27","23.2","23.3"
"30004","375","2016","8","17","0","230","4","23.1","23.1","23.1"
"30004","375","2016","8","17","1","230","4","23.32","23.1","23.5"
"30004","375","2016","8","17","2","230","4","22.62","22.3","22.9"
"30004","375","2016","8","17","3","230","4","22.15","22.1","22.2"
"30004","375","2016","8","17","4","230","4","22.1","22.1","22.1"
"30004","375","2016","8","17","5","230","4","22.23","22.1","22.3"
"30004","375","2016","8","17","6","230","4","22.27","22.2","22.4"
"30004","375","2016","8","17","7","230","4","22.5","22.4","22.7"
"30004","375","2016","8","17","8","230","4","23.15","22.8","23.6"
"30004","375","2016","8","17","9","230","4","26.02","24.7","26.9"
"30004","375","2016","8","17","10","230","4","28.27","27.7","29"
"30004","375","2016","8","17","11","230","4","30.23","29.7","30.6"
"30004","375","2016","8","17","12","230","4","31","30.9","31.1"
"30004","375","2016","8","17","13","230","4","31.88","31.4","32.2"
"30004","375","2016","8","17","14","230","4","32.1","31.8","32.5"
"30004","375","2016","8","17","15","230","4","32.38","32","32.7"
"30004","375","2016","8","17","16","230","4","30.93","30","31.7"
"30004","375","2016","8","17","17","230","4","30.3","28.9","31.3"
"30004","375","2016","8","17","18","230","4","28.45","28.2","28.6"
"30004","375","2016","8","17","19","230","4","27.32","26.5","28.2"
"30004","375","2016","8","17","20","230","4","25.57","25.2","26"
"30004","375","2016","8","17","21","230","4","24.77","24.5","25"
"30004","375","2016","8","17","22","230","4","24.23","24.2","24.3"
"30004","375","2016","8","17","23","230","4","24.8","24.3","25.1"
"30004","375","2016","8","18","0","231","4","24.35","24","24.7"
"30004","375","2016","8","18","1","231","4","23.62","23.4","23.8"
"30004","375","2016","8","18","2","231","4","23.2","23","23.4"
"30004","375","2016","8","18","3","231","4","22.65","22.5","22.8"
"30004","375","2016","8","18","4","231","4","22.23","22.1","22.4"
"30004","375","2016","8","18","5","231","4","21.95","21.9","22"
"30004","375","2016","8","18","6","231","4","21.9","21.8","22"
"30004","375","2016","8","18","7","231","4","23.05","22.3","24"
"30004","375","2016","8","18","8","231","4","25.7","24.8","26.6"
"30004","375","2016","8","18","9","231","4","28.52","27.5","29.4"
"30004","375","2016","8","18","10","231","4","29.85","29.8","29.9"
"30004","375","2016","8","18","11","231","4","31","30.4","31.6"
"30004","375","2016","8","18","12","231","4","31.6","31.5","31.7"
"30004","375","2016","8","18","13","231","4","31.98","31.8","32.2"
"30004","375","2016","8","18","14","231","4","33.02","33","33.1"
"30004","375","2016","8","18","15","231","4","33.33","33.2","33.5"
"30004","375","2016","8","18","16","231","4","31.38","30.5","32.4"
"30004","375","2016","8","18","17","231","4","27.45","23.8","30.3"
"30004","375","2016","8","18","18","231","4","22.35","21.7","23.5"
"30004","375","2016","8","18","19","231","4","22.15","22","22.3"
"30004","375","2016","8","18","20","231","4","22.45","22.4","22.5"
"30004","375","2016","8","18","21","231","4","22.32","22.3","22.4"
"30004","375","2016","8","18","22","231","4","22.45","22.4","22.5"
"30004","375","2016","8","18","23","231","4","22.5","22.5","22.5"
"30004","375","2016","8","19","0","232","4","22.35","22.2","22.5"
"30004","375","2016","8","19","1","232","4","22.07","22","22.2"
"30004","375","2016","8","19","2","232","4","21.92","21.9","22"
"30004","375","2016","8","19","3","232","4","21.98","21.9","22"
"30004","375","2016","8","19","4","232","4","21.82","21.8","21.9"
"30004","375","2016","8","19","5","232","4","21.7","21.6","21.8"
"30004","375","2016","8","19","6","232","4","21.77","21.6","22"
"30004","375","2016","8","19","7","232","4","22.68","22.3","23.1"
"30004","375","2016","8","19","8","232","4","23.9","23.4","24.4"
"30004","375","2016","8","19","9","232","4","25.82","24.9","26.8"
"30004","375","2016","8","19","10","232","4","27.73","27.4","28"
"30004","375","2016","8","19","11","232","4","28.95","28.6","29.2"
"30004","375","2016","8","19","12","232","4","29.15","28.6","29.8"
"30004","375","2016","8","19","13","232","4","30.8","30.3","31"
"30004","375","2016","8","19","14","232","4","30.45","29.5","31.1"
"30004","375","2016","8","19","15","232","4","28.8","27.6","29.5"
"30004","375","2016","8","19","16","232","4","24.52","23.8","25.6"
"30004","375","2016","8","19","17","232","4","24.1","23.9","24.3"
"30004","375","2016","8","19","18","232","4","23.93","23.8","24"
"30004","375","2016","8","19","19","232","4","23.6","23.5","23.7"
"30004","375","2016","8","19","20","232","4","23.27","23.1","23.4"
"30004","375","2016","8","19","21","232","4","23.02","23","23.1"
"30004","375","2016","8","19","22","232","4","23.02","23","23.1"
"30004","375","2016","8","19","23","232","4","22.88","22.8","23"
"30004","375","2016","8","20","0","233","4","22.65","22.6","22.7"
"30004","375","2016","8","20","1","233","4","22.62","22.6","22.7"
"30004","375","2016","8","20","2","233","4","22.6","22.5","22.7"
"30004","375","2016","8","20","3","233","4","22.5","22.5","22.5"
"30004","375","2016","8","20","4","233","4","22.4","22.3","22.5"
"30004","375","2016","8","20","5","233","4","22.18","22.1","22.2"
"30004","375","2016","8","20","6","233","4","22.23","22.1","22.3"
"30004","375","2016","8","20","7","233","4","22.75","22.4","23.3"
"30004","375","2016","8","20","8","233","4","24.32","23.8","24.9"
"30004","375","2016","8","20","9","233","4","26.4","25.5","27.1"
"30004","375","2016","8","20","10","233","4","27.43","27","27.8"
"30004","375","2016","8","20","11","233","4","28.8","28.2","29.3"
"30004","375","2016","8","20","12","233","4","27","25.7","28.7"
"30004","375","2016","8","20","13","233","4","29.05","28.2","30"
"30004","375","2016","8","20","14","233","4","29.55","28.7","30.3"
"30004","375","2016","8","20","15","233","4","28.5","27.9","29"
"30004","375","2016","8","20","16","233","4","29.15","28.8","29.5"
"30004","375","2016","8","20","17","233","4","27.75","27.5","28.4"
"30004","375","2016","8","20","18","233","4","27.2","26.7","27.6"
"30004","375","2016","8","20","19","233","4","25.73","24.4","26.5"
"30004","375","2016","8","20","20","233","4","22.85","22.6","23.2"
"30004","375","2016","8","20","21","233","4","22.58","22.5","22.6"
"30004","375","2016","8","20","22","233","4","22.52","22.5","22.6"
"30004","375","2016","8","20","23","233","4","22.52","22.5","22.6"
"30004","375","2016","8","21","0","234","4","22.48","22.4","22.5"
"30004","375","2016","8","21","1","234","4","22.5","22.5","22.5"
"30004","375","2016","8","21","2","234","4","22.93","22.7","23.1"
"30004","375","2016","8","21","3","234","4","23.02","22.9","23.1"
"30004","375","2016","8","21","4","234","4","22.65","22.5","22.8"
"30004","375","2016","8","21","5","234","4","22.23","22","22.4"
"30004","375","2016","8","21","6","234","4","21.85","21.8","21.9"
"30004","375","2016","8","21","7","234","4","22.25","22.1","22.4"
"30004","375","2016","8","21","8","234","4","22.77","22.6","23"
"30004","375","2016","8","21","9","234","4","23.93","23.3","24.7"
"30004","375","2016","8","21","10","234","4","25.57","25","26.1"
"30004","375","2016","8","21","11","234","4","27.02","26.3","27.5"
"30004","375","2016","8","21","12","234","4","28.45","27.8","28.9"
"30004","375","2016","8","21","13","234","4","29.8","29.3","30.3"
"30004","375","2016","8","21","14","234","4","30.17","29.5","30.4"
"30004","375","2016","8","21","15","234","4","30.12","29.5","30.5"
"30004","375","2016","8","21","16","234","4","25.98","23","29.9"
"30004","375","2016","8","21","17","234","4","23.48","23","23.7"
"30004","375","2016","8","21","18","234","4","23.68","23.6","23.8"
"30004","375","2016","8","21","19","234","4","23.6","23.6","23.6"
"30004","375","2016","8","21","20","234","4","23.5","23.5","23.5"
"30004","375","2016","8","21","21","234","4","23.25","23.1","23.4"
"30004","375","2016","8","21","22","234","4","22.9","22.8","23"
"30004","375","2016","8","21","23","234","4","22.55","22.4","22.7"
"30004","375","2016","8","22","0","235","4","22.1","21.9","22.3"
"30004","375","2016","8","22","1","235","4","21.6","21.4","21.8"
"30004","375","2016","8","22","2","235","4","21.25","21.1","21.4"
"30004","375","2016","8","22","3","235","4","20.8","20.6","21"
"30004","375","2016","8","22","4","235","4","20.35","20.2","20.5"
"30004","375","2016","8","22","5","235","4","20.02","20","20.1"
"30004","375","2016","8","22","6","235","4","19.85","19.8","19.9"
"30004","375","2016","8","22","7","235","4","20.27","20","20.6"
"30004","375","2016","8","22","8","235","4","21.6","21","22.4"
"30004","375","2016","8","22","9","235","4","24.62","23.4","25.6"
"30004","375","2016","8","22","10","235","4","26.57","26","27"
"30004","375","2016","8","22","11","235","4","27.08","27","27.1"
"30004","375","2016","8","22","12","235","4","28.05","27.7","28.2"
"30004","375","2016","8","22","13","235","4","28.52","28.2","29.2"
"30004","375","2016","8","22","14","235","4","29.07","28.9","29.2"
"30004","375","2016","8","22","15","235","4","29","28.6","29.4"
"30004","375","2016","8","22","16","235","4","29.12","28.8","29.4"
"30004","375","2016","8","22","17","235","4","28.12","26.6","29.2"
"30004","375","2016","8","22","18","235","4","25.23","24.3","26"
"30004","375","2016","8","22","19","235","4","23.15","22.6","23.8"
"30004","375","2016","8","22","20","235","4","21.95","21.6","22.3"
"30004","375","2016","8","22","21","235","4","21.07","20.8","21.3"
"30004","375","2016","8","22","22","235","4","20.3","20.2","20.5"
"30004","375","2016","8","22","23","235","4","19.85","19.5","20.1"
"30004","375","2016","8","23","0","236","4","19.18","19","19.4"
"30004","375","2016","8","23","1","236","4","18.82","18.7","18.9"
"30004","375","2016","8","23","2","236","4","18.55","18.4","18.7"
"30004","375","2016","8","23","3","236","4","18.25","18.1","18.4"
"30004","375","2016","8","23","4","236","4","17.98","17.9","18.1"
"30004","375","2016","8","23","5","236","4","17.75","17.7","17.8"
"30004","375","2016","8","23","6","236","4","17.73","17.6","17.9"
"30004","375","2016","8","23","7","236","4","18.95","18.2","19.8"
"30004","375","2016","8","23","8","236","4","22.2","20.5","24"
"30004","375","2016","8","23","9","236","4","26.4","25.2","27.3"
"30004","375","2016","8","23","10","236","4","28.52","28","29"
"30004","375","2016","8","23","11","236","4","28.93","28.5","29.6"
"30004","375","2016","8","23","12","236","4","29.7","29.3","30.1"
"30004","375","2016","8","23","13","236","4","30.4","30","30.8"
"30004","375","2016","8","23","14","236","4","30.7","30","31.5"
"30004","375","2016","8","23","15","236","4","30.02","29.6","30.7"
"30004","375","2016","8","23","16","236","4","30.48","30.2","30.9"
"30004","375","2016","8","23","17","236","4","29.48","29.3","29.7"
"30004","375","2016","8","23","18","236","4","27.9","27.4","28.5"
"30004","375","2016","8","23","19","236","4","26.15","25.6","26.8"
"30004","375","2016","8","23","20","236","4","25.1","24.9","25.4"
"30004","375","2016","8","23","21","236","4","24.75","24.6","24.9"
"30004","375","2016","8","23","22","236","4","24.35","24","24.6"
"30004","375","2016","8","23","23","236","4","23.57","23.3","23.8"
"30004","375","2016","8","24","0","237","4","22.77","22.6","23"
"30004","375","2016","8","24","1","237","4","22.55","22.5","22.6"
"30004","375","2016","8","24","2","237","4","22.32","22.2","22.4"
"30004","375","2016","8","24","3","237","4","22.27","22.2","22.3"
"30004","375","2016","8","24","4","237","4","22.23","22.1","22.3"
"30004","375","2016","8","24","5","237","4","22.02","22","22.1"
"30004","375","2016","8","24","6","237","4","22.65","22.3","23"
"30004","375","2016","8","24","7","237","4","23.27","23.1","23.5"
"30004","375","2016","8","24","8","237","4","24.05","23.8","24.4"
"30004","375","2016","8","24","9","237","4","25.65","24.8","26.6"
"30004","375","2016","8","24","10","237","4","26.52","26.3","26.7"
"30004","375","2016","8","24","11","237","4","25.32","25.1","25.6"
"30004","375","2016","8","24","12","237","4","24.3","24","24.8"
"30004","375","2016","8","24","13","237","4","25.38","24.6","26"
"30004","375","2016","8","24","14","237","4","27.4","26.4","28.2"
"30004","375","2016","8","24","15","237","4","28.3","27.7","28.7"
"30004","375","2016","8","24","16","237","4","27.4","27.2","27.5"
"30004","375","2016","8","24","17","237","4","27.15","26.8","27.3"
"30004","375","2016","8","24","18","237","4","26.38","26","26.7"
"30004","375","2016","8","24","19","237","4","24.77","24.1","25.5"
"30004","375","2016","8","24","20","237","4","23.45","23.1","23.8"
"30004","375","2016","8","24","21","237","4","22.88","22.8","23"
"30004","375","2016","8","24","22","237","4","22.55","22.4","22.7"
"30004","375","2016","8","24","23","237","4","22.2","22.1","22.3"
"30004","375","2016","8","25","0","238","4","21.85","21.7","22"
"30004","375","2016","8","25","1","238","4","21.45","21.3","21.6"
"30004","375","2016","8","25","2","238","4","21.05","20.9","21.2"
"30004","375","2016","8","25","3","238","4","20.8","20.7","20.9"
"30004","375","2016","8","25","4","238","4","20.55","20.5","20.6"
"30004","375","2016","8","25","5","238","4","20.35","20.3","20.4"
"30004","375","2016","8","25","6","238","4","20.32","20.3","20.4"
"30004","375","2016","8","25","7","238","4","21.12","20.6","21.7"
"30004","375","2016","8","25","8","238","4","23.25","22.1","24.5"
"30004","375","2016","8","25","9","238","4","26.25","25.4","27"
"30004","375","2016","8","25","10","238","4","28.1","27.5","28.7"
"30004","375","2016","8","25","11","238","4","29.62","29.2","30"
"30004","375","2016","8","25","12","238","4","30.52","30.4","30.6"
"30004","375","2016","8","25","13","238","4","31","30.6","31.2"
"30004","375","2016","8","25","14","238","4","31.1","30.5","31.5"
"30004","375","2016","8","25","15","238","4","32.17","31.8","32.8"
"30004","375","2016","8","25","16","238","4","32.58","32.2","32.9"
"30004","375","2016","8","25","17","238","4","31.52","30.4","32.3"
"30004","375","2016","8","25","18","238","4","28.95","28","29.9"
"30004","375","2016","8","25","19","238","4","26.77","26.1","27.5"
"30004","375","2016","8","25","20","238","4","25.48","25.1","25.9"
"30004","375","2016","8","25","21","238","4","24.95","24.8","25"
"30004","375","2016","8","25","22","238","4","24.32","24.1","24.6"
"30004","375","2016","8","25","23","238","4","23.68","23.4","23.9"
"30004","375","2016","8","26","0","239","4","23.07","22.9","23.3"
"30004","375","2016","8","26","1","239","4","23","22.9","23.1"
"30004","375","2016","8","26","2","239","4","22.9","22.8","23.1"
"30004","375","2016","8","26","3","239","4","22.85","22.6","23.1"
"30004","375","2016","8","26","4","239","4","22.43","22.3","22.5"
"30004","375","2016","8","26","5","239","4","22.18","22.1","22.2"
"30004","375","2016","8","26","6","239","4","22","22","22"
"30004","375","2016","8","26","7","239","4","22.7","22.2","23.3"
"30004","375","2016","8","26","8","239","4","25.35","24.1","26.6"
"30004","375","2016","8","26","9","239","4","29.1","28","30.1"
"30004","375","2016","8","26","10","239","4","30.77","30.4","31.3"
"30004","375","2016","8","26","11","239","4","31.05","30.5","31.5"
"30004","375","2016","8","26","12","239","4","31.27","30.9","31.8"
"30004","375","2016","8","26","13","239","4","31.77","31.2","32.3"
"30004","375","2016","8","26","14","239","4","32.3","32.1","32.7"
"30004","375","2016","8","26","15","239","4","33","32.9","33.2"
"30004","375","2016","8","26","16","239","4","33","32.9","33.1"
"30004","375","2016","8","26","17","239","4","32.17","31.5","32.7"
"30004","375","2016","8","26","18","239","4","30.1","29.2","30.9"
"30004","375","2016","8","26","19","239","4","27.98","27.5","28.6"
"30004","375","2016","8","26","20","239","4","23.95","22.7","26.6"
"30004","375","2016","8","26","21","239","4","22.98","22.8","23.2"
"30004","375","2016","8","26","22","239","4","23.2","23.1","23.3"
"30004","375","2016","8","26","23","239","4","22.88","22.8","23"
"30004","375","2016","8","27","0","240","4","22.57","22.5","22.7"
"30004","375","2016","8","27","1","240","4","22.25","22.1","22.4"
"30004","375","2016","8","27","2","240","4","21.95","21.8","22"
"30004","375","2016","8","27","3","240","4","21.8","21.8","21.8"
"30004","375","2016","8","27","4","240","4","21.7","21.7","21.7"
"30004","375","2016","8","27","5","240","4","21.7","21.7","21.7"
"30004","375","2016","8","27","6","240","4","21.73","21.7","21.8"
"30004","375","2016","8","27","7","240","4","22.4","22.1","22.7"
"30004","375","2016","8","27","8","240","4","23.52","23.1","24"
"30004","375","2016","8","27","9","240","4","25.82","24.5","27"
"30004","375","2016","8","27","10","240","4","28.6","27.7","29.4"
"30004","375","2016","8","27","11","240","4","29.62","29.3","30"
"30004","375","2016","8","27","12","240","4","30.48","30.4","30.6"
"30004","375","2016","8","27","13","240","4","31.27","31","31.4"
"30004","375","2016","8","27","14","240","4","31.75","31.4","32"
"30004","375","2016","8","27","15","240","4","31.9","31.8","32"
"30004","375","2016","8","27","16","240","4","31.95","31.8","32.1"
"30004","375","2016","8","27","17","240","4","31.3","30.4","32"
"30004","375","2016","8","27","18","240","4","29.3","28.5","30.1"
"30004","375","2016","8","27","19","240","4","26.9","26.1","27.8"
"30004","375","2016","8","27","20","240","4","25.6","25.4","25.9"
"30004","375","2016","8","27","21","240","4","25","24.7","25.3"
"30004","375","2016","8","27","22","240","4","24.4","24.3","24.5"
"30004","375","2016","8","27","23","240","4","24.68","24.3","25"
"30004","375","2016","8","28","0","241","4","24.98","24.8","25.1"
"30004","375","2016","8","28","1","241","4","24.32","24.2","24.5"
"30004","375","2016","8","28","2","241","4","23.77","23.2","24.2"
"30004","375","2016","8","28","3","241","4","23.02","22.9","23.1"
"30004","375","2016","8","28","4","241","4","23","22.9","23.1"
"30004","375","2016","8","28","5","241","4","22.82","22.8","22.9"
"30004","375","2016","8","28","6","241","4","22.93","22.8","23.2"
"30004","375","2016","8","28","7","241","4","23.9","23.5","24.2"
"30004","375","2016","8","28","8","241","4","25.05","24.6","25.5"
"30004","375","2016","8","28","9","241","4","26.35","25.5","27.1"
"30004","375","2016","8","28","10","241","4","28","27.5","28.3"
"30004","375","2016","8","28","11","241","4","28.48","28.3","28.7"
"30004","375","2016","8","28","12","241","4","29.77","29.4","30.1"
"30004","375","2016","8","28","13","241","4","30.48","29.8","30.9"
"30004","375","2016","8","28","14","241","4","31.12","30.3","31.7"
"30004","375","2016","8","28","15","241","4","31.43","31","31.8"
"30004","375","2016","8","28","16","241","4","31.5","31.3","31.8"
"30004","375","2016","8","28","17","241","4","30.35","29.4","31.6"
"30004","375","2016","8","28","18","241","4","28.23","27.7","28.8"
"30004","375","2016","8","28","19","241","4","26.62","25.9","27.3"
"30004","375","2016","8","28","20","241","4","25.3","25.1","25.6"
"30004","375","2016","8","28","21","241","4","24.82","24.8","24.9"
"30004","375","2016","8","28","22","241","4","24.4","24.1","24.7"
"30004","375","2016","8","28","23","241","4","24.15","24.1","24.2"
"30004","375","2016","8","29","0","242","4","24","23.9","24.1"
"30004","375","2016","8","29","1","242","4","23.77","23.5","24"
"30004","375","2016","8","29","2","242","4","23.07","22.8","23.4"
"30004","375","2016","8","29","3","242","4","22.5","22.3","22.7"
"30004","375","2016","8","29","4","242","4","21.9","21.6","22.2"
"30004","375","2016","8","29","5","242","4","21.15","20.9","21.4"
"30004","375","2016","8","29","6","242","4","20.77","20.7","20.9"
"30004","375","2016","8","29","7","242","4","21.4","20.8","22.1"
"30004","375","2016","8","29","8","242","4","24","22.8","25.1"
"30004","375","2016","8","29","9","242","4","26.1","25.4","27.1"
"30004","375","2016","8","29","10","242","4","27.95","27.6","28.4"
"30004","375","2016","8","29","11","242","4","28.62","28.4","28.8"
"30004","375","2016","8","29","12","242","4","28.95","28.7","29.2"
"30004","375","2016","8","29","13","242","4","29.57","28.9","30.3"
"30004","375","2016","8","29","14","242","4","30.9","30.7","31"
"30004","375","2016","8","29","15","242","4","31.18","31","31.3"
"30004","375","2016","8","29","16","242","4","31.23","31.1","31.4"
"30004","375","2016","8","29","17","242","4","30.45","29.6","31.1"
"30004","375","2016","8","29","18","242","4","28.25","27.3","29"
"30004","375","2016","8","29","19","242","4","25.6","24.9","26.5"
"30004","375","2016","8","29","20","242","4","23.9","23.3","24.5"
"30004","375","2016","8","29","21","242","4","22.43","22","22.9"
"30004","375","2016","8","29","22","242","4","21.73","21.5","21.9"
"30004","375","2016","8","29","23","242","4","21.48","21.3","21.6"
"30004","375","2016","8","30","0","243","4","20.98","20.9","21.1"
"30004","375","2016","8","30","1","243","4","20.82","20.8","20.9"
"30004","375","2016","8","30","2","243","4","20.95","20.9","21"
"30004","375","2016","8","30","3","243","4","20.6","20.4","20.8"
"30004","375","2016","8","30","4","243","4","20.12","19.9","20.3"
"30004","375","2016","8","30","5","243","4","19.65","19.5","19.8"
"30004","375","2016","8","30","6","243","4","19.52","19.5","19.6"
"30004","375","2016","8","30","7","243","4","20.52","19.8","21.4"
"30004","375","2016","8","30","8","243","4","23.5","22.3","24.7"
"30004","375","2016","8","30","9","243","4","26.7","25.4","27.9"
"30004","375","2016","8","30","10","243","4","28.52","28.2","28.8"
"30004","375","2016","8","30","11","243","4","29.27","28.8","29.6"
"30004","375","2016","8","30","12","243","4","29.25","28.9","29.5"
"30004","375","2016","8","30","13","243","4","29.85","29.6","30"
"30004","375","2016","8","30","14","243","4","30.52","30.2","30.9"
"30004","375","2016","8","30","15","243","4","30.95","30.9","31"
"30004","375","2016","8","30","16","243","4","30.98","30.8","31.1"
"30004","375","2016","8","30","17","243","4","29.98","29.2","30.7"
"30004","375","2016","8","30","18","243","4","28.1","27.3","28.8"
"30004","375","2016","8","30","19","243","4","25.82","25","26.7"
"30004","375","2016","8","30","20","243","4","23.95","23.4","24.5"
"30004","375","2016","8","30","21","243","4","22.82","22.5","23.1"
"30004","375","2016","8","30","22","243","4","22.05","21.9","22.3"
"30004","375","2016","8","30","23","243","4","21.7","21.5","21.9"
"30004","375","2016","8","31","0","244","4","21.18","21.1","21.3"
"30004","375","2016","8","31","1","244","4","20.88","20.7","21"
"30004","375","2016","8","31","2","244","4","20.58","20.5","20.6"
"30004","375","2016","8","31","3","244","4","20.25","20.1","20.4"
"30004","375","2016","8","31","4","244","4","19.9","19.8","20"
"30004","375","2016","8","31","5","244","4","19.68","19.6","19.7"
"30004","375","2016","8","31","6","244","4","19.65","19.6","19.8"
"30004","375","2016","8","31","7","244","4","20.6","19.9","21.4"
"30004","375","2016","8","31","8","244","4","23.73","22","25.3"
"30004","375","2016","8","31","9","244","4","27.3","25.8","28.7"
"30004","375","2016","8","31","10","244","4","29.3","28.7","29.7"
"30004","375","2016","8","31","11","244","4","30.45","29.9","31"
"30004","375","2016","8","31","12","244","4","31","30.7","31.3"
"30004","375","2016","8","31","13","244","4","31.73","31.5","32"
"30004","375","2016","8","31","14","244","4","32.05","31.9","32.3"
"30004","375","2016","8","31","15","244","4","32.6","32.5","32.7"
"30004","375","2016","8","31","16","244","4","32.62","32.2","32.8"
"30004","375","2016","8","31","17","244","4","31.38","30.4","32"
"30004","375","2016","8","31","18","244","4","28.77","27.7","29.8"
"30004","375","2016","8","31","19","244","4","25.85","25","26.7"
"30004","375","2016","8","31","20","244","4","24.27","23.9","24.7"
"30004","375","2016","8","31","21","244","4","23.6","23.5","23.7"
"30004","375","2016","8","31","22","244","4","22.8","22.5","23.1"
"30004","375","2016","8","31","23","244","4","22.3","22.2","22.4"
"30004","375","2016","9","1","0","245","4","22.25","22.2","22.3"
"30004","375","2016","9","1","1","245","4","21.88","21.8","22"
"30004","375","2016","9","1","2","245","4","21.48","21.4","21.6"
"30004","375","2016","9","1","3","245","4","21.15","21","21.3"
"30004","375","2016","9","1","4","245","4","20.8","20.7","20.9"
"30004","375","2016","9","1","5","245","4","20.65","20.6","20.7"
"30004","375","2016","9","1","6","245","4","20.68","20.6","20.8"
"30004","375","2016","9","1","7","245","4","21.75","21","22.8"
"30004","375","2016","9","1","8","245","4","24.62","23.8","25.5"
"30004","375","2016","9","1","9","245","4","27.12","26.1","28"
"30004","375","2016","9","1","10","245","4","29.1","28.4","29.9"
"30004","375","2016","9","1","11","245","4","29.88","29.2","30.5"
"30004","375","2016","9","1","12","245","4","30.65","29.6","31.2"
"30004","375","2016","9","1","13","245","4","31.7","31.1","32.1"
"30004","375","2016","9","1","14","245","4","32.27","32.1","32.5"
"30004","375","2016","9","1","15","245","4","30.43","30.2","30.8"
"30004","375","2016","9","1","16","245","4","29.93","29.6","30.2"
"30004","375","2016","9","1","17","245","4","29.12","28.6","29.5"
"30004","375","2016","9","1","18","245","4","27.65","27.1","28.2"
"30004","375","2016","9","1","19","245","4","26.27","26.1","26.6"
"30004","375","2016","9","1","20","245","4","25.8","25.5","26.1"
"30004","375","2016","9","1","21","245","4","24.23","22.4","25.6"
"30004","375","2016","9","1","22","245","4","22.38","22.2","22.6"
"30004","375","2016","9","1","23","245","4","22.45","22.4","22.6"
"30004","375","2016","9","2","0","246","4","22.25","22.1","22.4"
"30004","375","2016","9","2","1","246","4","21.85","21.8","21.9"
"30004","375","2016","9","2","2","246","4","22.08","22","22.1"
"30004","375","2016","9","2","3","246","4","22.12","22.1","22.2"
"30004","375","2016","9","2","4","246","4","22.23","22.2","22.3"
"30004","375","2016","9","2","5","246","4","22.32","22.3","22.4"
"30004","375","2016","9","2","6","246","4","22.45","22.4","22.5"
"30004","375","2016","9","2","7","246","4","22.52","22.4","22.8"
"30004","375","2016","9","2","8","246","4","22.98","22.8","23.3"
"30004","375","2016","9","2","9","246","4","23.7","23.4","24"
"30004","375","2016","9","2","10","246","4","24.3","24.1","24.5"
"30004","375","2016","9","2","11","246","4","24.98","24.6","25.4"
"30004","375","2016","9","2","12","246","4","25.57","25.5","25.7"
"30004","375","2016","9","2","13","246","4","24.93","24.7","25.2"
"30004","375","2016","9","2","14","246","4","24.65","24.4","25.2"
"30004","375","2016","9","2","15","246","4","25.9","25.7","26.1"
"30004","375","2016","9","2","16","246","4","25.8","25.3","26.1"
"30004","375","2016","9","2","17","246","4","24.6","24.5","24.9"
"30004","375","2016","9","2","18","246","4","23.7","23","24.3"
"30004","375","2016","9","2","19","246","4","21.88","21.3","22.6"
"30004","375","2016","9","2","20","246","4","21.75","21.3","22.2"
"30004","375","2016","9","2","21","246","4","21.85","21.6","22.2"
"30004","375","2016","9","2","22","246","4","21.4","21.3","21.5"
"30004","375","2016","9","2","23","246","4","21.1","21","21.2"
"30004","375","2016","9","3","0","247","4","20.4","20.1","20.8"
"30004","375","2016","9","3","1","247","4","19.52","19.4","19.7"
"30004","375","2016","9","3","2","247","4","19","18.6","19.4"
"30004","375","2016","9","3","3","247","4","17.88","17.5","18.3"
"30004","375","2016","9","3","4","247","4","17.27","17.1","17.5"
"30004","375","2016","9","3","5","247","4","18.02","17.8","18.2"
"30004","375","2016","9","3","6","247","4","18.55","18.5","18.6"
"30004","375","2016","9","3","7","247","4","19.07","18.8","19.4"
"30004","375","2016","9","3","8","247","4","20.27","19.5","21.1"
"30004","375","2016","9","3","9","247","4","23","21.6","24.2"
"30004","375","2016","9","3","10","247","4","25.15","24.6","25.7"
"30004","375","2016","9","3","11","247","4","25.8","25.6","26"
"30004","375","2016","9","3","12","247","4","26.93","26.6","27.4"
"30004","375","2016","9","3","13","247","4","27.55","27.4","27.8"
"30004","375","2016","9","3","14","247","4","28.5","28.4","28.6"
"30004","375","2016","9","3","15","247","4","28.65","28.3","28.9"
"30004","375","2016","9","3","16","247","4","28.68","28.6","28.8"
"30004","375","2016","9","3","17","247","4","27.88","27","28.5"
"30004","375","2016","9","3","18","247","4","25.5","24.5","26.4"
"30004","375","2016","9","3","19","247","4","22.93","22.1","23.8"
"30004","375","2016","9","3","20","247","4","21.27","20.9","21.7"
"30004","375","2016","9","3","21","247","4","20.32","20","20.7"
"30004","375","2016","9","3","22","247","4","19.52","19.4","19.7"
"30004","375","2016","9","3","23","247","4","19.23","19.2","19.3"
"30004","375","2016","9","4","0","248","4","18.82","18.7","19"
"30004","375","2016","9","4","1","248","4","18.57","18.4","18.7"
"30004","375","2016","9","4","2","248","4","18.35","18.3","18.4"
"30004","375","2016","9","4","3","248","4","18.45","18.4","18.6"
"30004","375","2016","9","4","4","248","4","19.52","19","19.8"
"30004","375","2016","9","4","5","248","4","19.98","19.9","20"
"30004","375","2016","9","4","6","248","4","20.02","20","20.1"
"30004","375","2016","9","4","7","248","4","20.32","20.1","20.6"
"30004","375","2016","9","4","8","248","4","21.1","20.8","21.4"
"30004","375","2016","9","4","9","248","4","22.88","22","23.6"
"30004","375","2016","9","4","10","248","4","24.95","23.8","25.7"
"30004","375","2016","9","4","11","248","4","26.38","26","26.5"
"30004","375","2016","9","4","12","248","4","27","26.7","27.2"
"30004","375","2016","9","4","13","248","4","28.02","27.6","28.4"
"30004","375","2016","9","4","14","248","4","28.25","27.7","28.6"
"30004","375","2016","9","4","15","248","4","29.12","29","29.4"
"30004","375","2016","9","4","16","248","4","29.68","29.5","29.8"
"30004","375","2016","9","4","17","248","4","28.93","27.6","29.7"
"30004","375","2016","9","4","18","248","4","25.57","24.5","26.8"
"30004","375","2016","9","4","19","248","4","23.18","22.6","23.9"
"30004","375","2016","9","4","20","248","4","22.12","22","22.3"
"30004","375","2016","9","4","21","248","4","21.85","21.7","22"
"30004","375","2016","9","4","22","248","4","21.15","20.9","21.5"
"30004","375","2016","9","4","23","248","4","20.68","20.6","20.8"
"30004","375","2016","9","5","0","249","4","20.32","20.1","20.5"
"30004","375","2016","9","5","1","249","4","19.52","19.3","19.8"
"30004","375","2016","9","5","2","249","4","18.9","18.7","19.1"
"30004","375","2016","9","5","3","249","4","18.43","18.3","18.6"
"30004","375","2016","9","5","4","249","4","18.15","18.1","18.2"
"30004","375","2016","9","5","5","249","4","17.88","17.8","18"
"30004","375","2016","9","5","6","249","4","17.75","17.7","17.8"
"30004","375","2016","9","5","7","249","4","18.45","17.9","19.1"
"30004","375","2016","9","5","8","249","4","21.2","19.9","22.4"
"30004","375","2016","9","5","9","249","4","24.9","23.1","26.3"
"30004","375","2016","9","5","10","249","4","27.1","26.7","27.4"
"30004","375","2016","9","5","11","249","4","27.9","27.7","28.3"
"30004","375","2016","9","5","12","249","4","28.35","28.2","28.6"
"30004","375","2016","9","5","13","249","4","29.2","28.5","29.8"
"30004","375","2016","9","5","14","249","4","30.02","29.7","30.3"
"30004","375","2016","9","5","15","249","4","30.25","30","30.4"
"30004","375","2016","9","5","16","249","4","30.35","30.2","30.5"
"30004","375","2016","9","5","17","249","4","29.48","28.1","30.3"
"30004","375","2016","9","5","18","249","4","25.75","24.6","27.1"
"30004","375","2016","9","5","19","249","4","23.12","22.4","23.9"
"30004","375","2016","9","5","20","249","4","21.55","21.1","22"
"30004","375","2016","9","5","21","249","4","20.52","20.2","20.9"
"30004","375","2016","9","5","22","249","4","19.8","19.5","20.1"
"30004","375","2016","9","5","23","249","4","19.18","19","19.3"
"30004","375","2016","9","6","0","250","4","18.77","18.7","18.9"
"30004","375","2016","9","6","1","250","4","18.5","18.4","18.6"
"30004","375","2016","9","6","2","250","4","18.2","18.1","18.3"
"30004","375","2016","9","6","3","250","4","17.88","17.7","18.1"
"30004","375","2016","9","6","4","250","4","17.6","17.5","17.7"
"30004","375","2016","9","6","5","250","4","17.35","17.3","17.4"
"30004","375","2016","9","6","6","250","4","17.12","17.1","17.2"
"30004","375","2016","9","6","7","250","4","17.77","17.3","18.4"
"30004","375","2016","9","6","8","250","4","20.45","19","22.3"
"30004","375","2016","9","6","9","250","4","25.43","23.7","26.8"
"30004","375","2016","9","6","10","250","4","27.75","27.1","28.4"
"30004","375","2016","9","6","11","250","4","29","28.7","29.3"
"30004","375","2016","9","6","12","250","4","29.93","29.5","30.6"
"30004","375","2016","9","6","13","250","4","30.93","30.5","31.3"
"30004","375","2016","9","6","14","250","4","31.43","31.3","31.6"
"30004","375","2016","9","6","15","250","4","32","31.8","32.1"
"30004","375","2016","9","6","16","250","4","32.23","32","32.5"
"30004","375","2016","9","6","17","250","4","30.18","28.5","31.5"
"30004","375","2016","9","6","18","250","4","26.4","25.3","27.5"
"30004","375","2016","9","6","19","250","4","23.85","23.1","24.6"
"30004","375","2016","9","6","20","250","4","22.3","21.9","22.8"
"30004","375","2016","9","6","21","250","4","21.32","21","21.7"
"30004","375","2016","9","6","22","250","4","20.55","20.3","20.8"
"30004","375","2016","9","6","23","250","4","19.95","19.8","20.1"
"30004","375","2016","9","7","0","251","4","19.45","19.3","19.6"
"30004","375","2016","9","7","1","251","4","19.48","19.4","19.5"
"30004","375","2016","9","7","2","251","4","19","18.8","19.2"
"30004","375","2016","9","7","3","251","4","18.52","18.4","18.7"
"30004","375","2016","9","7","4","251","4","18.4","18.4","18.4"
"30004","375","2016","9","7","5","251","4","18.35","18.3","18.4"
"30004","375","2016","9","7","6","251","4","18.4","18.4","18.4"
"30004","375","2016","9","7","7","251","4","19.12","18.6","19.7"
"30004","375","2016","9","7","8","251","4","21.62","20.2","23.1"
"30004","375","2016","9","7","9","251","4","26.05","24.2","27.7"
"30004","375","2016","9","7","10","251","4","28.27","28.2","28.3"
"30004","375","2016","9","7","11","251","4","30.32","29.4","31.1"
"30004","375","2016","9","7","12","251","4","31.73","31.5","31.9"
"30004","375","2016","9","7","13","251","4","32.45","32.1","32.7"
"30004","375","2016","9","7","14","251","4","32.52","32.3","32.8"
"30004","375","2016","9","7","15","251","4","33.23","33.1","33.3"
"30004","375","2016","9","7","16","251","4","33.1","32.7","33.3"
"30004","375","2016","9","7","17","251","4","31.02","29.1","32.3"
"30004","375","2016","9","7","18","251","4","26.82","25.6","28.1"
"30004","375","2016","9","7","19","251","4","24.27","23.6","25"
"30004","375","2016","9","7","20","251","4","22.9","22.6","23.2"
"30004","375","2016","9","7","21","251","4","22.25","22.1","22.4"
"30004","375","2016","9","7","22","251","4","21.55","21.2","21.9"
"30004","375","2016","9","7","23","251","4","20.68","20.4","21"
"30004","375","2016","9","8","0","252","4","20.1","20","20.2"
"30004","375","2016","9","8","1","252","4","19.6","19.4","19.8"
"30004","375","2016","9","8","2","252","4","19.05","18.9","19.2"
"30004","375","2016","9","8","3","252","4","18.65","18.6","18.8"
"30004","375","2016","9","8","4","252","4","18.7","18.6","18.8"
"30004","375","2016","9","8","5","252","4","18.25","18.1","18.5"
"30004","375","2016","9","8","6","252","4","18","18","18"
"30004","375","2016","9","8","7","252","4","18.65","18.2","19.2"
"30004","375","2016","9","8","8","252","4","22.07","20.1","23.9"
"30004","375","2016","9","8","9","252","4","25.88","24.9","26.8"
"30004","375","2016","9","8","10","252","4","27.98","27.2","28.8"
"30004","375","2016","9","8","11","252","4","30.12","29.4","30.6"
"30004","375","2016","9","8","12","252","4","31.38","31.1","31.6"
"30004","375","2016","9","8","13","252","4","31.52","30.9","32.3"
"30004","375","2016","9","8","14","252","4","32.77","32.6","32.9"
"30004","375","2016","9","8","15","252","4","32.67","32.5","33"
"30004","375","2016","9","8","16","252","4","32.33","32.1","32.6"
"30004","375","2016","9","8","17","252","4","30.8","29.1","32"
"30004","375","2016","9","8","18","252","4","26.95","25.9","28.1"
"30004","375","2016","9","8","19","252","4","24.55","23.9","25.3"
"30004","375","2016","9","8","20","252","4","23.18","22.8","23.6"
"30004","375","2016","9","8","21","252","4","22.23","21.9","22.6"
"30004","375","2016","9","8","22","252","4","21.55","21.3","21.8"
"30004","375","2016","9","8","23","252","4","20.85","20.6","21.1"
"30004","375","2016","9","9","0","253","4","20.32","20.1","20.5"
"30004","375","2016","9","9","1","253","4","19.93","19.8","20"
"30004","375","2016","9","9","2","253","4","19.62","19.5","19.7"
"30004","375","2016","9","9","3","253","4","19.25","19.1","19.4"
"30004","375","2016","9","9","4","253","4","18.95","18.9","19"
"30004","375","2016","9","9","5","253","4","18.77","18.7","18.8"
"30004","375","2016","9","9","6","253","4","18.65","18.6","18.7"
"30004","375","2016","9","9","7","253","4","19.43","18.8","20.3"
"30004","375","2016","9","9","8","253","4","22.62","21.2","24"
"30004","375","2016","9","9","9","253","4","26.27","25","27.5"
"30004","375","2016","9","9","10","253","4","28.65","28.1","29.2"
"30004","375","2016","9","9","11","253","4","30.28","29.6","30.8"
"30004","375","2016","9","9","12","253","4","31.25","31","31.6"
"30004","375","2016","9","9","13","253","4","31.9","31.4","32.2"
"30004","375","2016","9","9","14","253","4","32.23","32.1","32.4"
"30004","375","2016","9","9","15","253","4","32.45","32.3","32.5"
"30004","375","2016","9","9","16","253","4","32.58","32.2","32.8"
"30004","375","2016","9","9","17","253","4","30.73","29.5","31.5"
"30004","375","2016","9","9","18","253","4","27.02","26","28.2"
"30004","375","2016","9","9","19","253","4","24.7","24","25.4"
"30004","375","2016","9","9","20","253","4","23.18","22.8","23.6"
"30004","375","2016","9","9","21","253","4","22.12","21.8","22.5"
"30004","375","2016","9","9","22","253","4","21.32","21","21.6"
"30004","375","2016","9","9","23","253","4","20.52","20.3","20.8"
"30004","375","2016","9","10","0","254","4","19.9","19.7","20.1"
"30004","375","2016","9","10","1","254","4","19.5","19.4","19.6"
"30004","375","2016","9","10","2","254","4","19.12","19","19.2"
"30004","375","2016","9","10","3","254","4","18.9","18.7","19"
"30004","375","2016","9","10","4","254","4","18.6","18.5","18.7"
"30004","375","2016","9","10","5","254","4","18.38","18.3","18.4"
"30004","375","2016","9","10","6","254","4","18.23","18.2","18.3"
"30004","375","2016","9","10","7","254","4","18.93","18.4","19.7"
"30004","375","2016","9","10","8","254","4","21.9","20.3","23.7"
"30004","375","2016","9","10","9","254","4","26.32","24.9","27.5"
"30004","375","2016","9","10","10","254","4","28.45","28","29"
"30004","375","2016","9","10","11","254","4","30.05","29.8","30.4"
"30004","375","2016","9","10","12","254","4","31.15","30.4","31.9"
"30004","375","2016","9","10","13","254","4","31.7","31.4","31.8"
"30004","375","2016","9","10","14","254","4","31.95","31.6","32.5"
"30004","375","2016","9","10","15","254","4","32.17","31.7","32.5"
"30004","375","2016","9","10","16","254","4","32.33","31.8","32.7"
"30004","375","2016","9","10","17","254","4","31.2","30.5","31.8"
"30004","375","2016","9","10","18","254","4","28.8","27.6","29.8"
"30004","375","2016","9","10","19","254","4","25.95","25.3","26.6"
"30004","375","2016","9","10","20","254","4","24.55","24.4","24.9"
"30004","375","2016","9","10","21","254","4","24.43","24.3","24.5"
"30004","375","2016","9","10","22","254","4","23.98","23.8","24.2"
"30004","375","2016","9","10","23","254","4","24.15","24","24.2"
"30004","375","2016","9","11","0","255","4","25.1","24.3","25.6"
"30004","375","2016","9","11","1","255","4","24.82","24.4","25.2"
"30004","375","2016","9","11","2","255","4","23.38","22.7","24.1"
"30004","375","2016","9","11","3","255","4","21.82","21.5","22.2"
"30004","375","2016","9","11","4","255","4","20.93","20.8","21.2"
"30004","375","2016","9","11","5","255","4","20.98","20.8","21.1"
"30004","375","2016","9","11","6","255","4","20.85","20.7","21"
"30004","375","2016","9","11","7","255","4","21.85","21.3","22.3"
"30004","375","2016","9","11","8","255","4","22.82","22.5","23.3"
"30004","375","2016","9","11","9","255","4","25.27","23.9","26.4"
"30004","375","2016","9","11","10","255","4","27.18","26.9","27.5"
"30004","375","2016","9","11","11","255","4","28.25","27.9","28.9"
"30004","375","2016","9","11","12","255","4","29.5","28.9","30"
"30004","375","2016","9","11","13","255","4","30.32","29.9","30.9"
"30004","375","2016","9","11","14","255","4","30.7","30.3","31.1"
"30004","375","2016","9","11","15","255","4","31.2","30.7","31.5"
"30004","375","2016","9","11","16","255","4","29.9","29.7","30"
"30004","375","2016","9","11","17","255","4","29.07","28.5","29.7"
"30004","375","2016","9","11","18","255","4","26.82","26","27.7"
"30004","375","2016","9","11","19","255","4","24.9","24.3","25.5"
"30004","375","2016","9","11","20","255","4","23.68","23.4","24"
"30004","375","2016","9","11","21","255","4","22.98","22.6","23.3"
"30004","375","2016","9","11","22","255","4","21.88","21.4","22.4"
"30004","375","2016","9","11","23","255","4","20.75","20.5","21.1"
"30004","375","2016","9","12","0","256","4","20.05","19.8","20.3"
"30004","375","2016","9","12","1","256","4","19.52","19.4","19.7"
"30004","375","2016","9","12","2","256","4","19.23","19.2","19.3"
"30004","375","2016","9","12","3","256","4","19.3","19.2","19.4"
"30004","375","2016","9","12","4","256","4","19.45","19.4","19.5"
"30004","375","2016","9","12","5","256","4","19.23","19.2","19.3"
"30004","375","2016","9","12","6","256","4","19.12","19.1","19.2"
"30004","375","2016","9","12","7","256","4","20.45","19.5","21.5"
"30004","375","2016","9","12","8","256","4","23.32","22.2","24.4"
"30004","375","2016","9","12","9","256","4","26.05","25","27.1"
"30004","375","2016","9","12","10","256","4","27.93","27","28.7"
"30004","375","2016","9","12","11","256","4","29.25","28.9","29.7"
"30004","375","2016","9","12","12","256","4","29.6","29.1","30.1"
"30004","375","2016","9","12","13","256","4","28.93","28.6","29.3"
"30004","375","2016","9","12","14","256","4","29.65","28.7","30.8"
"30004","375","2016","9","12","15","256","4","31.48","31.2","31.9"
"30004","375","2016","9","12","16","256","4","27.95","24.5","31.1"
"30004","375","2016","9","12","17","256","4","24.05","24","24.1"
"30004","375","2016","9","12","18","256","4","23.9","23.7","24"
"30004","375","2016","9","12","19","256","4","23.35","23.1","23.6"
"30004","375","2016","9","12","20","256","4","22.75","22.6","22.9"
"30004","375","2016","9","12","21","256","4","22.4","22.3","22.5"
"30004","375","2016","9","12","22","256","4","22.07","22","22.2"
"30004","375","2016","9","12","23","256","4","22.9","22.6","23.1"
"30004","375","2016","9","13","0","257","4","22.25","21.9","22.7"
"30004","375","2016","9","13","1","257","4","21.4","21.1","21.7"
"30004","375","2016","9","13","2","257","4","20.7","20.5","20.9"
"30004","375","2016","9","13","3","257","4","20.27","20.1","20.5"
"30004","375","2016","9","13","4","257","4","20.05","20","20.2"
"30004","375","2016","9","13","5","257","4","20.1","20","20.2"
"30004","375","2016","9","13","6","257","4","20.12","19.9","20.5"
"30004","375","2016","9","13","7","257","4","20.85","20.6","21.2"
"30004","375","2016","9","13","8","257","4","22.12","21.5","22.6"
"30004","375","2016","9","13","9","257","4","24.1","23.1","24.9"
"30004","375","2016","9","13","10","257","4","25.95","25.4","26.5"
"30004","375","2016","9","13","11","257","4","27.03","26.6","27.3"
"30004","375","2016","9","13","12","257","4","27.25","26.6","27.6"
"30004","375","2016","9","13","13","257","4","28.12","27.7","28.4"
"30004","375","2016","9","13","14","257","4","28.9","28.5","29.4"
"30004","375","2016","9","13","15","257","4","29.98","29.8","30.2"
"30004","375","2016","9","13","16","257","4","30.3","30","30.7"
"30004","375","2016","9","13","17","257","4","28.73","28.4","29.1"
"30004","375","2016","9","13","18","257","4","27.18","26.4","27.8"
"30004","375","2016","9","13","19","257","4","24.85","24.1","25.7"
"30004","375","2016","9","13","20","257","4","23.35","23.1","23.7"
"30004","375","2016","9","13","21","257","4","23.02","23","23.1"
"30004","375","2016","9","13","22","257","4","22.4","22","22.8"
"30004","375","2016","9","13","23","257","4","21.57","21.4","21.8"
"30004","375","2016","9","14","0","258","4","21.1","20.8","21.4"
"30004","375","2016","9","14","1","258","4","20.45","20.3","20.6"
"30004","375","2016","9","14","2","258","4","20.3","20.3","20.3"
"30004","375","2016","9","14","3","258","4","20.25","20.2","20.3"
"30004","375","2016","9","14","4","258","4","19.95","19.8","20.1"
"30004","375","2016","9","14","5","258","4","19.88","19.8","19.9"
"30004","375","2016","9","14","6","258","4","19.8","19.8","19.8"
"30004","375","2016","9","14","7","258","4","20.32","20","20.7"
"30004","375","2016","9","14","8","258","4","22.68","21.4","23.8"
"30004","375","2016","9","14","9","258","4","25.85","24.6","27.1"
"30004","375","2016","9","14","10","258","4","27.82","27.5","28.2"
"30004","375","2016","9","14","11","258","4","29.1","28.6","29.5"
"30004","375","2016","9","14","12","258","4","30.05","29.6","30.3"
"30004","375","2016","9","14","13","258","4","31.07","30.6","31.4"
"30004","375","2016","9","14","14","258","4","31.93","31.8","32"
"30004","375","2016","9","14","15","258","4","32.38","32.2","32.5"
"30004","375","2016","9","14","16","258","4","32.38","32.3","32.5"
"30004","375","2016","9","14","17","258","4","30.77","29.6","32"
"30004","375","2016","9","14","18","258","4","27.68","26.4","29.1"
"30004","375","2016","9","14","19","258","4","25.15","24.4","25.9"
"30004","375","2016","9","14","20","258","4","23.27","22.7","23.9"
"30004","375","2016","9","14","21","258","4","22.07","21.7","22.4"
"30004","375","2016","9","14","22","258","4","21.32","21.1","21.5"
"30004","375","2016","9","14","23","258","4","20.65","20.5","20.8"
"30004","375","2016","9","15","0","259","4","20.57","20.4","20.7"
"30004","375","2016","9","15","1","259","4","20.02","19.8","20.2"
"30004","375","2016","9","15","2","259","4","19.52","19.4","19.7"
"30004","375","2016","9","15","3","259","4","19.23","19.2","19.3"
"30004","375","2016","9","15","4","259","4","18.95","18.8","19.1"
"30004","375","2016","9","15","5","259","4","18.7","18.6","18.8"
"30004","375","2016","9","15","6","259","4","18.55","18.5","18.6"
"30004","375","2016","9","15","7","259","4","19.27","18.8","19.9"
"30004","375","2016","9","15","8","259","4","22.15","20.5","23.6"
"30004","375","2016","9","15","9","259","4","26.15","24.6","27.5"
"30004","375","2016","9","15","10","259","4","29.12","28.3","29.9"
"30004","375","2016","9","15","11","259","4","30.73","30.3","31.4"
"30004","375","2016","9","15","12","259","4","31.78","31.5","32.2"
"30004","375","2016","9","15","13","259","4","32.38","31.9","32.8"
"30004","375","2016","9","15","14","259","4","32.65","31.5","33.2"
"30004","375","2016","9","15","15","259","4","33.1","32.7","33.3"
"30004","375","2016","9","15","16","259","4","33.23","33.1","33.5"
"30004","375","2016","9","15","17","259","4","31.48","30","33"
"30004","375","2016","9","15","18","259","4","27.95","26.6","29.2"
"30004","375","2016","9","15","19","259","4","25.05","24.4","25.9"
"30004","375","2016","9","15","20","259","4","23.68","23.3","24.1"
"30004","375","2016","9","15","21","259","4","23.05","23","23.1"
"30004","375","2016","9","15","22","259","4","22.88","22.8","22.9"
"30004","375","2016","9","15","23","259","4","22.65","22.4","22.8"
"30004","375","2016","9","16","0","260","4","22.2","22","22.3"
"30004","375","2016","9","16","1","260","4","21.45","20.9","21.9"
"30004","375","2016","9","16","2","260","4","20.4","20.1","20.7"
"30004","375","2016","9","16","3","260","4","19.9","19.8","20"
"30004","375","2016","9","16","4","260","4","19.5","19.3","19.8"
"30004","375","2016","9","16","5","260","4","19.23","19.2","19.3"
"30004","375","2016","9","16","6","260","4","19.4","19.1","19.8"
"30004","375","2016","9","16","7","260","4","21.07","20.2","21.9"
"30004","375","2016","9","16","8","260","4","22.8","22.3","23.4"
"30004","375","2016","9","16","9","260","4","25.18","24","26.1"
"30004","375","2016","9","16","10","260","4","26.62","26.3","27.2"
"30004","375","2016","9","16","11","260","4","27.8","27.6","28"
"30004","375","2016","9","16","12","260","4","27.95","27.9","28.1"
"30004","375","2016","9","16","13","260","4","28.75","28.7","28.8"
"30004","375","2016","9","16","14","260","4","29.75","29.1","30.3"
"30004","375","2016","9","16","15","260","4","30.57","30.3","30.7"
"30004","375","2016","9","16","16","260","4","30.52","30.3","30.7"
"30004","375","2016","9","16","17","260","4","29.2","28.9","29.6"
"30004","375","2016","9","16","18","260","4","27.48","26.5","28.4"
"30004","375","2016","9","16","19","260","4","25.55","24.8","26.1"
"30004","375","2016","9","16","20","260","4","24.2","24","24.5"
"30004","375","2016","9","16","21","260","4","25.18","25","25.3"
"30004","375","2016","9","16","22","260","4","24.2","23.9","24.8"
"30004","375","2016","9","16","23","260","4","23.2","22.8","23.7"
"30004","375","2016","9","17","0","261","4","22.38","22","22.7"
"30004","375","2016","9","17","1","261","4","21.62","21.4","21.9"
"30004","375","2016","9","17","2","261","4","20.68","20.1","21.2"
"30004","375","2016","9","17","3","261","4","19.43","19.3","19.7"
"30004","375","2016","9","17","4","261","4","19.12","19","19.2"
"30004","375","2016","9","17","5","261","4","18.8","18.7","18.9"
"30004","375","2016","9","17","6","261","4","18.8","18.7","18.9"
"30004","375","2016","9","17","7","261","4","19.67","19","20.4"
"30004","375","2016","9","17","8","261","4","21.6","20.9","22.1"
"30004","375","2016","9","17","9","261","4","22.93","22.4","23.5"
"30004","375","2016","9","17","10","261","4","24.77","24.1","25.7"
"30004","375","2016","9","17","11","261","4","26.4","26","26.6"
"30004","375","2016","9","17","12","261","4","26.93","26.5","27.7"
"30004","375","2016","9","17","13","261","4","28.28","27.8","28.6"
"30004","375","2016","9","17","14","261","4","28.8","28.5","29.1"
"30004","375","2016","9","17","15","261","4","28.82","28.6","29"
"30004","375","2016","9","17","16","261","4","28.52","28.2","28.7"
"30004","375","2016","9","17","17","261","4","28.15","27.7","28.4"
"30004","375","2016","9","17","18","261","4","25.73","24.6","26.9"
"30004","375","2016","9","17","19","261","4","23.48","23","24"
"30004","375","2016","9","17","20","261","4","22.92","22.9","23"
"30004","375","2016","9","17","21","261","4","23.1","22.9","23.4"
"30004","375","2016","9","17","22","261","4","23.48","23.4","23.5"
"30004","375","2016","9","17","23","261","4","23.27","23.2","23.3"
"30004","375","2016","9","18","0","262","4","23.12","23","23.2"
"30004","375","2016","9","18","1","262","4","22.85","22.8","22.9"
"30004","375","2016","9","18","2","262","4","22.82","22.7","22.9"
"30004","375","2016","9","18","3","262","4","22.55","22.4","22.7"
"30004","375","2016","9","18","4","262","4","22.02","22","22.1"
"30004","375","2016","9","18","5","262","4","21.95","21.9","22"
"30004","375","2016","9","18","6","262","4","21.82","21.8","21.9"
"30004","375","2016","9","18","7","262","4","22.23","22","22.5"
"30004","375","2016","9","18","8","262","4","22.77","22.7","22.8"
"30004","375","2016","9","18","9","262","4","21.77","21.6","21.9"
"30004","375","2016","9","18","10","262","4","22.02","21.9","22.2"
"30004","375","2016","9","18","11","262","4","21.9","21.8","22.1"
"30004","375","2016","9","18","12","262","4","22.45","21.9","22.9"
"30004","375","2016","9","18","13","262","4","22.95","22.8","23.1"
"30004","375","2016","9","18","14","262","4","23.1","22.7","23.4"
"30004","375","2016","9","18","15","262","4","22.3","22","22.6"
"30004","375","2016","9","18","16","262","4","21.9","21.8","22.1"
"30004","375","2016","9","18","17","262","4","22.05","21.5","22.3"
"30004","375","2016","9","18","18","262","4","20.62","20.5","20.9"
"30004","375","2016","9","18","19","262","4","20.5","20.5","20.5"
"30004","375","2016","9","18","20","262","4","20.42","20.4","20.5"
"30004","375","2016","9","18","21","262","4","20.52","20.5","20.6"
"30004","375","2016","9","18","22","262","4","20.73","20.6","20.8"
"30004","375","2016","9","18","23","262","4","20.85","20.8","20.9"
"30004","375","2016","9","19","0","263","4","20.9","20.9","20.9"
"30004","375","2016","9","19","1","263","4","20.9","20.9","20.9"
"30004","375","2016","9","19","2","263","4","20.9","20.9","20.9"
"30004","375","2016","9","19","3","263","4","20.9","20.9","20.9"
"30004","375","2016","9","19","4","263","4","20.82","20.8","20.9"
"30004","375","2016","9","19","5","263","4","20.75","20.7","20.8"
"30004","375","2016","9","19","6","263","4","20.43","20.3","20.6"
"30004","375","2016","9","19","7","263","4","20.48","20.3","20.7"
"30004","375","2016","9","19","8","263","4","21.18","20.8","21.8"
"30004","375","2016","9","19","9","263","4","22.75","22.1","23.7"
"30004","375","2016","9","19","10","263","4","25.15","24.3","25.7"
"30004","375","2016","9","19","11","263","4","26.77","26.2","27.3"
"30004","375","2016","9","19","12","263","4","27.93","27.5","28.4"
"30004","375","2016","9","19","13","263","4","29.07","28.7","29.4"
"30004","375","2016","9","19","14","263","4","29.82","29.5","30.1"
"30004","375","2016","9","19","15","263","4","30.12","30","30.2"
"30004","375","2016","9","19","16","263","4","29.77","29.5","30"
"30004","375","2016","9","19","17","263","4","28.35","27.5","29.1"
"30004","375","2016","9","19","18","263","4","25.9","24.9","26.9"
"30004","375","2016","9","19","19","263","4","23.43","22.7","24.3"
"30004","375","2016","9","19","20","263","4","22.15","21.8","22.5"
"30004","375","2016","9","19","21","263","4","21.1","20.7","21.5"
"30004","375","2016","9","19","22","263","4","20.25","20","20.5"
"30004","375","2016","9","19","23","263","4","19.8","19.7","19.9"
"30004","375","2016","9","20","0","264","4","19.45","19.3","19.6"
"30004","375","2016","9","20","1","264","4","19.07","19","19.2"
"30004","375","2016","9","20","2","264","4","18.77","18.7","18.9"
"30004","375","2016","9","20","3","264","4","18.48","18.4","18.6"
"30004","375","2016","9","20","4","264","4","18.42","18.4","18.5"
"30004","375","2016","9","20","5","264","4","18.45","18.4","18.5"
"30004","375","2016","9","20","6","264","4","18.48","18.4","18.6"
"30004","375","2016","9","20","7","264","4","19.27","18.8","19.9"
"30004","375","2016","9","20","8","264","4","21.75","20.6","23"
"30004","375","2016","9","20","9","264","4","25.18","23.7","26.5"
"30004","375","2016","9","20","10","264","4","27.23","27.1","27.4"
"30004","375","2016","9","20","11","264","4","28.1","27.5","28.7"
"30004","375","2016","9","20","12","264","4","28.43","27.8","28.7"
"30004","375","2016","9","20","13","264","4","29.6","28.9","30.1"
"30004","375","2016","9","20","14","264","4","30.5","30","30.9"
"30004","375","2016","9","20","15","264","4","29.45","28.6","30.2"
"30004","375","2016","9","20","16","264","4","29.4","28.2","31"
"30004","375","2016","9","20","17","264","4","26.8","25.9","27.9"
"30004","375","2016","9","20","18","264","4","24.43","23.6","25.3"
"30004","375","2016","9","20","19","264","4","22.55","22","23.1"
"30004","375","2016","9","20","20","264","4","21.4","21.1","21.7"
"30004","375","2016","9","20","21","264","4","20.7","20.6","20.9"
"30004","375","2016","9","20","22","264","4","20.4","20.3","20.6"
"30004","375","2016","9","20","23","264","4","20.1","20","20.3"
"30004","375","2016","9","21","0","265","4","19.95","19.9","20"
"30004","375","2016","9","21","1","265","4","20.02","20","20.1"
"30004","375","2016","9","21","2","265","4","19.82","19.8","19.9"
"30004","375","2016","9","21","3","265","4","19.6","19.6","19.6"
"30004","375","2016","9","21","4","265","4","19.3","19.1","19.5"
"30004","375","2016","9","21","5","265","4","18.93","18.8","19"
"30004","375","2016","9","21","6","265","4","18.65","18.6","18.8"
"30004","375","2016","9","21","7","265","4","18.88","18.6","19.2"
"30004","375","2016","9","21","8","265","4","20.77","19.6","22.2"
"30004","375","2016","9","21","9","265","4","24.82","23","26.5"
"30004","375","2016","9","21","10","265","4","27.07","26.6","27.6"
"30004","375","2016","9","21","11","265","4","28.57","28.2","28.9"
"30004","375","2016","9","21","12","265","4","29.33","29.1","29.8"
"30004","375","2016","9","21","13","265","4","29.95","29.6","30.3"
"30004","375","2016","9","21","14","265","4","30.38","30","30.6"
"30004","375","2016","9","21","15","265","4","29.95","29.2","30.3"
"30004","375","2016","9","21","16","265","4","30.45","30","30.7"
"30004","375","2016","9","21","17","265","4","28.52","27.2","29.6"
"30004","375","2016","9","21","18","265","4","25.48","24.5","26.5"
"30004","375","2016","9","21","19","265","4","23.43","22.9","24"
"30004","375","2016","9","21","20","265","4","22.85","22.6","23.1"
"30004","375","2016","9","21","21","265","4","23.45","23.1","23.7"
"30004","375","2016","9","21","22","265","4","22.7","22.1","23.3"
"30004","375","2016","9","21","23","265","4","21.3","20.8","21.8"
"30004","375","2016","9","22","0","266","4","20.25","20","20.5"
"30004","375","2016","9","22","1","266","4","19.6","19.5","19.8"
"30004","375","2016","9","22","2","266","4","19.25","19.2","19.3"
"30004","375","2016","9","22","3","266","4","18.9","18.7","19"
"30004","375","2016","9","22","4","266","4","18.48","18.4","18.6"
"30004","375","2016","9","22","5","266","4","18.3","18.2","18.4"
"30004","375","2016","9","22","6","266","4","18.2","18.2","18.2"
"30004","375","2016","9","22","7","266","4","18.75","18.3","19.4"
"30004","375","2016","9","22","8","266","4","21.27","20.3","22.2"
"30004","375","2016","9","22","9","266","4","24.25","22.8","25.6"
"30004","375","2016","9","22","10","266","4","26.55","25.8","27.3"
"30004","375","2016","9","22","11","266","4","28.12","28","28.3"
"30004","375","2016","9","22","12","266","4","28.52","28.3","28.8"
"30004","375","2016","9","22","13","266","4","29.15","28.8","29.5"
"30004","375","2016","9","22","14","266","4","29.93","29.6","30.3"
"30004","375","2016","9","22","15","266","4","30.52","30.3","30.9"
"30004","375","2016","9","22","16","266","4","29.98","29.4","31"
"30004","375","2016","9","22","17","266","4","28.52","28.1","28.9"
"30004","375","2016","9","22","18","266","4","26.12","25","27.4"
"30004","375","2016","9","22","19","266","4","24.18","23.8","24.8"
"30004","375","2016","9","22","20","266","4","24.78","24.1","25.3"
"30004","375","2016","9","22","21","266","4","23.1","22.6","23.6"
"30004","375","2016","9","22","22","266","4","22.1","22","22.3"
"30004","375","2016","9","22","23","266","4","21.38","21","21.8"
"30004","375","2016","9","23","0","267","4","20.43","20.1","20.8"
"30004","375","2016","9","23","1","267","4","19.85","19.7","20"
